   0   0   0   0   0   0  0.000132 
2016   2   1   0   0   0  1.3229729639152748e-04 
2016   2   1   0  30   0  1.2164927799253154e-04 
2016   2   1   1   0   0  1.1336220682254207e-04 
2016   2   1   1  30   0  1.1241072477058002e-04 
2016   2   1   2   0   0  1.2028203022761933e-04 
2016   2   1   2  30   0  1.1759936160478748e-04 
2016   2   1   3   0   0  1.1596130053584593e-04 
2016   2   1   3  30   0  1.1529591813980592e-04 
2016   2   1   4   0   0  1.0804908517190757e-04 
2016   2   1   4  30   0  1.0135384798039130e-04 
2016   2   1   5   0   0  1.0022567214080669e-04 
2016   2   1   5  30   0  1.0097303645940093e-04 
2016   2   1   6   0   0  9.9033587500274611e-05 
2016   2   1   6  30   0  1.0388288606470524e-04 
2016   2   1   7   0   0  1.0387643316151731e-04 
2016   2   1   7  30   0  1.0484295309374021e-04 
2016   2   1   8   0   0  1.0255632050814039e-04 
2016   2   1   8  30   0  1.0580417491545908e-04 
2016   2   1   9   0   0  1.0918217092679397e-04 
2016   2   1   9  30   0  1.1404601185556269e-04 
2016   2   1  10   0   0  1.1019948732013576e-04 
2016   2   1  10  30   0  1.1692462026425651e-04 
2016   2   1  11   0   0  1.2580336780741280e-04 
2016   2   1  11  30   0  1.3043938197794977e-04 
2016   2   1  12   0   0  1.3055983546060728e-04 
2016   2   1  12  30   0  1.3018079239384019e-04 
2016   2   1  13   0   0  1.4639364900269220e-04 
2016   2   1  13  30   0  1.5795004791866320e-04 
2016   2   1  14   0   0  1.6314681476452055e-04 
2016   2   1  14  30   0  1.9806931613558919e-04 
2016   2   1  15   0   0  2.1282132995634369e-04 
2016   2   1  15  30   0  1.8954952412135998e-04 
2016   2   1  16   0   0  1.8412991768885186e-04 
2016   2   1  16  30   0  1.9252535949144489e-04 
2016   2   1  17   0   0  1.5876600878862005e-04 
2016   2   1  17  30   0  1.4669474312832334e-04 
2016   2   1  18   0   0  1.5421327690886172e-04 
2016   2   1  18  30   0  1.5097028424113348e-04 
2016   2   1  19   0   0  1.5789244583063575e-04 
2016   2   1  19  30   0  1.7828747190011090e-04 
2016   2   1  20   0   0  2.0841044898480289e-04 
2016   2   1  20  30   0  2.4097740360531586e-04 
2016   2   1  21   0   0  2.2114364716178532e-04 
2016   2   1  21  30   0  1.7688531483372631e-04 
2016   2   1  22   0   0  1.4967738109281239e-04 
2016   2   1  22  30   0  1.2674508968665726e-04 
2016   2   1  23   0   0  1.2007377531888624e-04 
2016   2   1  23  30   0  1.1648903743586505e-04 
2016   2   2   0   0   0  1.1577711110616940e-04 
2016   2   2   0  30   0  1.2077427898507389e-04 
2016   2   2   1   0   0  1.2647316167469286e-04 
2016   2   2   1  30   0  1.1570908155790085e-04 
2016   2   2   2   0   0  1.0987342810776828e-04 
2016   2   2   2  30   0  1.0091254238837343e-04 
2016   2   2   3   0   0  9.6017496243573346e-05 
2016   2   2   3  30   0  9.4352469682529435e-05 
2016   2   2   4   0   0  9.3440109715637251e-05 
2016   2   2   4  30   0  9.2793574587441487e-05 
2016   2   2   5   0   0  7.8940475798146501e-05 
2016   2   2   5  30   0  6.2402456788843651e-05 
2016   2   2   6   0   0  7.8377833486151596e-05 
2016   2   2   6  30   0  9.7987312458771864e-05 
2016   2   2   7   0   0  9.1170575136405904e-05 
2016   2   2   7  30   0  6.6994794860960054e-05 
2016   2   2   8   0   0  5.6751916403168565e-05 
2016   2   2   8  30   0  5.4673206176536086e-05 
2016   2   2   9   0   0  5.5224797724657231e-05 
2016   2   2   9  30   0  5.5327636621113093e-05 
2016   2   2  10   0   0  5.6555627044503258e-05 
2016   2   2  10  30   0  6.5704091316660904e-05 
2016   2   2  11   0   0  1.2050456557914694e-04 
2016   2   2  11  30   0  1.3038116156053741e-04 
2016   2   2  12   0   0  7.6772957676719911e-05 
2016   2   2  12  30   0  7.2658241024173962e-05 
2016   2   2  13   0   0  6.2854850208856637e-05 
2016   2   2  13  30   0  5.6538580960451553e-05 
2016   2   2  14   0   0  5.0122547270170640e-05 
2016   2   2  14  30   0  5.1062052764880694e-05 
2016   2   2  15   0   0  7.5558366894869667e-05 
2016   2   2  15  30   0  8.8033913366526104e-05 
2016   2   2  16   0   0  9.3511613299266657e-05 
2016   2   2  16  30   0  1.0434992202251388e-04 
2016   2   2  17   0   0  1.0737485964808890e-04 
2016   2   2  17  30   0  9.3755624882516553e-05 
2016   2   2  18   0   0  7.6911251640226027e-05 
2016   2   2  18  30   0  8.2082011393936932e-05 
2016   2   2  19   0   0  9.3448494535461427e-05 
2016   2   2  19  30   0  9.9834815517781946e-05 
2016   2   2  20   0   0  1.0091301886247872e-04 
2016   2   2  20  30   0  1.0779039979215564e-04 
2016   2   2  21   0   0  1.0888558553479717e-04 
2016   2   2  21  30   0  1.0638685541623872e-04 
2016   2   2  22   0   0  8.6933779253594312e-05 
2016   2   2  22  30   0  9.5969056322827846e-05 
2016   2   2  23   0   0  1.1613560535558769e-04 
2016   2   2  23  30   0  1.0059443176535790e-04 
2016   2   3   0   0   0  8.7580433712668412e-05 
2016   2   3   0  30   0  9.3902723466382556e-05 
2016   2   3   1   0   0  9.1367444102245776e-05 
2016   2   3   1  30   0  1.0099556986477473e-04 
2016   2   3   2   0   0  9.3718389256770954e-05 
2016   2   3   2  30   0  9.1216326816837633e-05 
2016   2   3   3   0   0  8.8652191174585200e-05 
2016   2   3   3  30   0  8.8126808477990802e-05 
2016   2   3   4   0   0  9.1143336655455864e-05 
2016   2   3   4  30   0  9.7512604016045877e-05 
2016   2   3   5   0   0  1.0266234460851103e-04 
2016   2   3   5  30   0  1.0821585625250495e-04 
2016   2   3   6   0   0  1.1545614020723405e-04 
2016   2   3   6  30   0  1.4860912169316692e-04 
2016   2   3   7   0   0  1.6420387753905729e-04 
2016   2   3   7  30   0  3.3841907782035038e-04 
2016   2   3   8   0   0  1.6832517018917480e-04 
2016   2   3   8  30   0  1.6827856533328315e-04 
2016   2   3   9   0   0  1.5023867162751496e-04 
2016   2   3   9  30   0  1.5670788424704138e-04 
2016   2   3  10   0   0  1.5179673107702679e-04 
2016   2   3  10  30   0  1.4624181080581005e-04 
2016   2   3  11   0   0  1.6947477033944753e-04 
2016   2   3  11  30   0  1.4652833953160679e-04 
2016   2   3  12   0   0  1.2329767649972640e-04 
2016   2   3  12  30   0  1.1133554224827463e-04 
2016   2   3  13   0   0  1.0693193573713912e-04 
2016   2   3  13  30   0  9.6821150438401767e-05 
2016   2   3  14   0   0  9.0597564340526025e-05 
2016   2   3  14  30   0  9.3664912152631371e-05 
2016   2   3  15   0   0  1.0899286673357036e-04 
2016   2   3  15  30   0  1.0835362073988827e-04 
2016   2   3  16   0   0  8.0230976301046622e-05 
2016   2   3  16  30   0  7.8918862859098847e-05 
2016   2   3  17   0   0  8.5721773707440145e-05 
2016   2   3  17  30   0  9.1817007087562273e-05 
2016   2   3  18   0   0  9.9636431849667320e-05 
2016   2   3  18  30   0  9.5918849136320325e-05 
2016   2   3  19   0   0  1.2228934332319418e-04 
2016   2   3  19  30   0  1.2863039259547115e-04 
2016   2   3  20   0   0  1.1911963140991598e-04 
2016   2   3  20  30   0  9.0887067138685127e-05 
2016   2   3  21   0   0  1.0394903626984884e-04 
2016   2   3  21  30   0  1.0740221238183982e-04 
2016   2   3  22   0   0  1.0821924643508833e-04 
2016   2   3  22  30   0  7.6678770085139848e-05 
2016   2   3  23   0   0  7.0881864981145142e-05 
2016   2   3  23  30   0  5.5328638952872006e-05 
2016   2   4   0   0   0  4.7401986381244481e-05 
2016   2   4   0  30   0  5.4722230751735369e-05 
2016   2   4   1   0   0  3.4300510424166130e-05 
2016   2   4   1  30   0  4.2327543721796038e-05 
2016   2   4   2   0   0  5.0369551525602577e-05 
2016   2   4   2  30   0  5.2849159491534110e-05 
2016   2   4   3   0   0  4.9504901707698687e-05 
2016   2   4   3  30   0  5.8121628654863458e-05 
2016   2   4   4   0   0  6.3045126181356261e-05 
2016   2   4   4  30   0  6.8499190900496334e-05 
2016   2   4   5   0   0  8.5051654902757712e-05 
2016   2   4   5  30   0  8.3849695596422465e-05 
2016   2   4   6   0   0  7.0856993556713763e-05 
2016   2   4   6  30   0  8.1608140377325617e-05 
2016   2   4   7   0   0  7.8661886347230581e-05 
2016   2   4   7  30   0  7.5725510444853538e-05 
2016   2   4   8   0   0  7.1156909148569180e-05 
2016   2   4   8  30   0  6.9769769100434573e-05 
2016   2   4   9   0   0  7.1320093038521089e-05 
2016   2   4   9  30   0  9.9972035312979277e-05 
2016   2   4  10   0   0  8.6323026179548784e-05 
2016   2   4  10  30   0  1.0155107790055493e-04 
2016   2   4  11   0   0  1.1514629860885421e-04 
2016   2   4  11  30   0  1.0428125323355111e-04 
2016   2   4  12   0   0  1.0299373252351585e-04 
2016   2   4  12  30   0  1.1126917339393519e-04 
2016   2   4  13   0   0  1.0494787958481547e-04 
2016   2   4  13  30   0  7.9614693423358176e-05 
2016   2   4  14   0   0  7.9271682653326534e-05 
2016   2   4  14  30   0  8.5015250686553654e-05 
2016   2   4  15   0   0  8.3143324230413758e-05 
2016   2   4  15  30   0  8.1920638416625556e-05 
2016   2   4  16   0   0  8.0786040599446611e-05 
2016   2   4  16  30   0  8.4992991758269667e-05 
2016   2   4  17   0   0  1.2517028624090530e-04 
2016   2   4  17  30   0  1.0213988320818560e-04 
2016   2   4  18   0   0  1.3150393253147832e-04 
2016   2   4  18  30   0  1.3789005164407475e-04 
2016   2   4  19   0   0  1.3637300331732489e-04 
2016   2   4  19  30   0  1.1890597485366874e-04 
2016   2   4  20   0   0  9.6574775966726205e-05 
2016   2   4  20  30   0  7.3214939309425807e-05 
2016   2   4  21   0   0  6.4998403603431211e-05 
2016   2   4  21  30   0  6.7852079836947627e-05 
2016   2   4  22   0   0  6.3971381788616754e-05 
2016   2   4  22  30   0  6.7503573612727691e-05 
2016   2   4  23   0   0  6.9276574348965339e-05 
2016   2   4  23  30   0  8.3442740245818640e-05 
2016   2   5   0   0   0  7.9751565018422772e-05 
2016   2   5   0  30   0  6.9895665099832868e-05 
2016   2   5   1   0   0  6.4344694153532810e-05 
2016   2   5   1  30   0  6.8243777347563845e-05 
2016   2   5   2   0   0  6.6441054544896523e-05 
2016   2   5   2  30   0  6.9243657048916673e-05 
2016   2   5   3   0   0  8.1543170324241963e-05 
2016   2   5   3  30   0  1.1405994382583899e-04 
2016   2   5   4   0   0  1.1306474211534474e-04 
2016   2   5   4  30   0  8.2479986009138155e-05 
2016   2   5   5   0   0  8.9849568452387240e-05 
2016   2   5   5  30   0  1.0087775525380350e-04 
2016   2   5   6   0   0  1.0848092328052002e-04 
2016   2   5   6  30   0  1.3627644730257923e-04 
2016   2   5   7   0   0  1.5626658682015330e-04 
2016   2   5   7  30   0  1.6414222448993089e-04 
2016   2   5   8   0   0  1.5068160307776305e-04 
2016   2   5   8  30   0  1.0120591922680858e-04 
2016   2   5   9   0   0  8.3007879388769472e-05 
2016   2   5   9  30   0  6.3899175937048532e-05 
2016   2   5  10   0   0  5.1569307829625702e-05 
2016   2   5  10  30   0  4.8610845022234332e-05 
2016   2   5  11   0   0  4.9798435405432134e-05 
2016   2   5  11  30   0  4.7623410766934459e-05 
2016   2   5  12   0   0  5.1099878505105914e-05 
2016   2   5  12  30   0  5.9234358209757764e-05 
2016   2   5  13   0   0  7.6411688713076489e-05 
2016   2   5  13  30   0  9.4261019346686807e-05 
2016   2   5  14   0   0  1.1086641142592206e-04 
2016   2   5  14  30   0  8.0678661103646140e-05 
2016   2   5  15   0   0  1.0302458041020152e-04 
2016   2   5  15  30   0  1.1999163146914913e-04 
2016   2   5  16   0   0  1.3893688622715756e-04 
2016   2   5  16  30   0  1.3821724294638317e-04 
2016   2   5  17   0   0  1.2206371138275822e-04 
2016   2   5  17  30   0  9.8332747523491261e-05 
2016   2   5  18   0   0  9.9051302488303568e-05 
2016   2   5  18  30   0  9.9308883483336882e-05 
2016   2   5  19   0   0  8.8242379389192249e-05 
2016   2   5  19  30   0  9.2462700018122837e-05 
2016   2   5  20   0   0  1.0192955344447771e-04 
2016   2   5  20  30   0  1.1001662951746136e-04 
2016   2   5  21   0   0  1.0575548928962034e-04 
2016   2   5  21  30   0  9.7507853985622479e-05 
2016   2   5  22   0   0  9.8450101999297661e-05 
2016   2   5  22  30   0  9.6167765585553980e-05 
2016   2   5  23   0   0  1.0380753000749577e-04 
2016   2   5  23  30   0  1.0559975897096225e-04 
2016   2   6   0   0   0  1.0407252564383201e-04 
2016   2   6   0  30   0  1.0217642787897904e-04 
2016   2   6   1   0   0  1.0307542630733469e-04 
2016   2   6   1  30   0  1.0275951076944278e-04 
2016   2   6   2   0   0  1.0617355385124135e-04 
2016   2   6   2  30   0  1.1052227360273080e-04 
2016   2   6   3   0   0  1.1074888378621091e-04 
2016   2   6   3  30   0  1.1056904301984216e-04 
2016   2   6   4   0   0  1.0893772014222578e-04 
2016   2   6   4  30   0  1.1826653720434350e-04 
2016   2   6   5   0   0  1.2699996404715613e-04 
2016   2   6   5  30   0  1.5907100761276141e-04 
2016   2   6   6   0   0  1.6934539634950196e-04 
2016   2   6   6  30   0  1.7109387454644558e-04 
2016   2   6   7   0   0  1.5883721637484924e-04 
2016   2   6   7  30   0  1.5768294744978781e-04 
2016   2   6   8   0   0  1.4272228502568260e-04 
2016   2   6   8  30   0  1.6636656836863087e-04 
2016   2   6   9   0   0  1.6781233451763474e-04 
2016   2   6   9  30   0  1.6397987361344582e-04 
2016   2   6  10   0   0  1.1932912842514142e-04 
2016   2   6  10  30   0  1.1097673078159506e-04 
2016   2   6  11   0   0  1.0105166073033842e-04 
2016   2   6  11  30   0  7.8878191180228223e-05 
2016   2   6  12   0   0  3.0049431688056017e-06 
2016   2   6  12  30   0  2.7412381230664248e-06 
2016   2   6  13   0   0  3.7763031792513413e-06 
2016   2   6  13  30   0  4.9215000663564182e-06 
2016   2   6  14   0   0  4.6856932438506236e-06 
2016   2   6  14  30   0  5.2436898177405153e-06 
2016   2   6  15   0   0  5.4969639935994463e-06 
2016   2   6  15  30   0  5.7034662335876405e-06 
2016   2   6  16   0   0  5.9443461840649393e-06 
2016   2   6  16  30   0  6.8067384886848823e-06 
2016   2   6  17   0   0  8.2151856570219522e-06 
2016   2   6  17  30   0  7.2126177316270325e-06 
2016   2   6  18   0   0  6.4847134200143630e-06 
2016   2   6  18  30   0  6.1940745249904797e-06 
2016   2   6  19   0   0  5.3473202870764854e-06 
2016   2   6  19  30   0  4.0505969309466452e-06 
2016   2   6  20   0   0  2.8311739310979290e-06 
2016   2   6  20  30   0  1.5489031985272268e-06 
2016   2   6  21   0   0  1.3148700032512129e-06 
2016   2   6  21  30   0  8.7919094386953211e-07 
2016   2   6  22   0   0  1.2519923591852183e-06 
2016   2   6  22  30   0  9.0011094442578468e-07 
2016   2   6  23   0   0  9.0677039041521311e-07 
2016   2   6  23  30   0  6.1823992542748318e-07 
2016   2   7   0   0   0  5.1085029826620608e-06 
2016   2   7   0  30   0  5.5835651682219625e-06 
2016   2   7   1   0   0  5.8534618437792709e-06 
2016   2   7   1  30   0  6.0058673690382665e-06 
2016   2   7   2   0   0  5.2312149680139007e-06 
2016   2   7   2  30   0  6.1119703506430381e-06 
2016   2   7   3   0   0  8.8157580354436630e-06 
2016   2   7   3  30   0  6.7427971675627675e-06 
2016   2   7   4   0   0  6.8876091939910486e-06 
2016   2   7   4  30   0  7.3759734582327742e-06 
2016   2   7   5   0   0  6.5281272856498496e-06 
2016   2   7   5  30   0  1.1281032792170955e-05 
2016   2   7   6   0   0  1.1938537457706056e-05 
2016   2   7   6  30   0  1.3470784497671551e-05 
2016   2   7   7   0   0  1.5861561491469770e-05 
2016   2   7   7  30   0  1.4861057724952552e-05 
2016   2   7   8   0   0  1.5136872836722235e-05 
2016   2   7   8  30   0  1.5586052679040210e-05 
2016   2   7   9   0   0  1.4881327320651945e-05 
2016   2   7   9  30   0  1.7316027366604556e-05 
2016   2   7  10   0   0  1.6716452952934763e-05 
2016   2   7  10  30   0  1.1260937354913072e-05 
2016   2   7  11   0   0  5.8311356719795515e-06 
2016   2   7  11  30   0  4.5979617254810095e-06 
2016   2   7  12   0   0  3.8896928132226361e-06 
2016   2   7  12  30   0  4.9965276598942000e-06 
2016   2   7  13   0   0  1.1250087599467367e-05 
2016   2   7  13  30   0  2.9069597761133275e-05 
2016   2   7  14   0   0  6.1996670193083193e-05 
2016   2   7  14  30   0  9.1101138486521208e-05 
2016   2   7  15   0   0  1.0265857189338788e-04 
2016   2   7  15  30   0  1.0806987162302739e-04 
2016   2   7  16   0   0  1.2375906683486610e-04 
2016   2   7  16  30   0  1.3779468885777123e-04 
2016   2   7  17   0   0  1.4373170545454954e-04 
2016   2   7  17  30   0  1.4966564999537875e-04 
2016   2   7  18   0   0  1.4911649631736240e-04 
2016   2   7  18  30   0  1.5259834918473120e-04 
2016   2   7  19   0   0  1.6204975563554515e-04 
2016   2   7  19  30   0  1.0850205464366927e-04 
2016   2   7  20   0   0  1.1908949720956211e-04 
2016   2   7  20  30   0  1.0875637628889422e-04 
2016   2   7  21   0   0  1.0475309999423471e-04 
2016   2   7  21  30   0  1.1313564162787886e-04 
2016   2   7  22   0   0  1.0544869522153469e-04 
2016   2   7  22  30   0  1.0529833141731732e-04 
2016   2   7  23   0   0  1.0231553522666385e-04 
2016   2   7  23  30   0  1.1367538714591275e-04 
2016   2   8   0   0   0  2.9504689981085010e-06 
2016   2   8   0  30   0  4.3960677310042361e-06 
2016   2   8   1   0   0  5.3449076549540813e-06 
2016   2   8   1  30   0  5.8145947315516766e-06 
2016   2   8   2   0   0  5.9173804664866225e-06 
2016   2   8   2  30   0  5.9307587744004609e-06 
2016   2   8   3   0   0  5.7486981482203753e-06 
2016   2   8   3  30   0  6.0580383328275020e-06 
2016   2   8   4   0   0  6.1551445257486867e-06 
2016   2   8   4  30   0  6.3812202742062716e-06 
2016   2   8   5   0   0  6.5670492870613469e-06 
2016   2   8   5  30   0  6.8577884481810789e-06 
2016   2   8   6   0   0  7.0848046435498797e-06 
2016   2   8   6  30   0  6.3589006351936843e-06 
2016   2   8   7   0   0  4.8538299076645043e-06 
2016   2   8   7  30   0  4.1872956069748291e-06 
2016   2   8   8   0   0  3.5075133927135505e-06 
2016   2   8   8  30   0  2.4800752570454333e-06 
2016   2   8   9   0   0  2.3349178211978136e-06 
2016   2   8   9  30   0  1.2047081537867733e-03 
2016   2   8  10   0   0  1.1386023830738566e-03 
2016   2   8  10  30   0  1.0446313138150762e-03 
2016   2   8  11   0   0  9.8272989951050525e-04 
2016   2   8  11  30   0  9.4040453421439499e-04 
2016   2   8  12   0   0  8.3330112892080453e-04 
2016   2   8  12  30   0  7.3320667913398302e-04 
2016   2   8  13   0   0  7.0143134209762104e-04 
2016   2   8  13  30   0  6.8857151060866594e-04 
2016   2   8  14   0   0  6.7250185187635119e-04 
2016   2   8  14  30   0  6.6053340681395518e-04 
2016   2   8  15   0   0  6.2236748077311346e-04 
2016   2   8  15  30   0  5.7889911215494594e-04 
2016   2   8  16   0   0  5.3523397367409695e-04 
2016   2   8  16  30   0  4.9142682012848508e-04 
2016   2   8  17   0   0  4.4648666991137383e-04 
2016   2   8  17  30   0  3.9000386507183875e-04 
2016   2   8  18   0   0  3.6069906710551594e-04 
2016   2   8  18  30   0  3.6427489607248004e-04 
2016   2   8  19   0   0  3.6783417985737193e-04 
2016   2   8  19  30   0  3.5382435318666994e-04 
2016   2   8  20   0   0  3.2793631763829660e-04 
2016   2   8  20  30   0  3.1353791273647913e-04 
2016   2   8  21   0   0  3.5178139676890735e-04 
2016   2   8  21  30   0  3.3780867125955802e-04 
2016   2   8  22   0   0  3.3676621194252793e-04 
2016   2   8  22  30   0  3.8931426730462763e-04 
2016   2   8  23   0   0  4.5957530154512686e-04 
2016   2   8  23  30   0  5.4595670125357984e-04 
2016   2   9   0   0   0  6.0004206602328304e-04 
2016   2   9   0  30   0  6.4045751600926991e-04 
2016   2   9   1   0   0  6.5598465102548729e-04 
2016   2   9   1  30   0  6.3528603896864904e-04 
2016   2   9   2   0   0  6.0770718259630838e-04 
2016   2   9   2  30   0  5.7030675543605835e-04 
2016   2   9   3   0   0  5.4995982907063824e-04 
2016   2   9   3  30   0  5.4623641133305374e-04 
2016   2   9   4   0   0  5.4019302363353719e-04 
2016   2   9   4  30   0  5.0899460952296663e-04 
2016   2   9   5   0   0  4.6861213310888630e-04 
2016   2   9   5  30   0  4.5240967825389827e-04 
2016   2   9   6   0   0  4.6616967865400658e-04 
2016   2   9   6  30   0  5.2856680994459995e-04 
2016   2   9   7   0   0  6.1300669615099908e-04 
2016   2   9   7  30   0  6.2458262926132495e-04 
2016   2   9   8   0   0  6.3870281435749647e-04 
2016   2   9   8  30   0  6.5446723742281214e-04 
2016   2   9   9   0   0  5.6941090490087907e-04 
2016   2   9   9  30   0  5.4095314049834944e-04 
2016   2   9  10   0   0  5.3472351262881263e-04 
2016   2   9  10  30   0  5.4472554345488529e-04 
2016   2   9  11   0   0  5.9532411475684383e-04 
2016   2   9  11  30   0  6.1989418373492545e-04 
2016   2   9  12   0   0  6.3968043067159127e-04 
2016   2   9  12  30   0  6.3423741455457833e-04 
2016   2   9  13   0   0  6.0559765431509010e-04 
2016   2   9  13  30   0  5.9114785456415022e-04 
2016   2   9  14   0   0  5.9702107412238519e-04 
2016   2   9  14  30   0  5.6989632047263472e-04 
2016   2   9  15   0   0  5.4280502542472498e-04 
2016   2   9  15  30   0  4.4671361918120360e-04 
2016   2   9  16   0   0  3.8779676718385972e-04 
2016   2   9  16  30   0  3.6160436799982047e-04 
2016   2   9  17   0   0  3.2233887900387384e-04 
2016   2   9  17  30   0  2.9655661488423539e-04 
2016   2   9  18   0   0  2.8474985261968931e-04 
2016   2   9  18  30   0  2.5746370090296591e-04 
2016   2   9  19   0   0  2.1388000158111404e-04 
2016   2   9  19  30   0  1.8219362776678442e-04 
2016   2   9  20   0   0  1.4857431523949074e-04 
2016   2   9  20  30   0  1.2199872160047408e-04 
2016   2   9  21   0   0  8.7617708460694296e-05 
2016   2   9  21  30   0  7.1674892280185277e-05 
2016   2   9  22   0   0  6.4461435859604165e-05 
2016   2   9  22  30   0  6.7518551278589401e-05 
2016   2   9  23   0   0  5.9328335850018991e-05 
2016   2   9  23  30   0  5.3467052740264272e-05 
2016   2  10   0   0   0  6.1905977093041904e-05 
2016   2  10   0  30   0  6.9344826072843029e-05 
2016   2  10   1   0   0  7.8164983428131971e-05 
2016   2  10   1  30   0  7.1080765308674279e-05 
2016   2  10   2   0   0  7.4951448862126661e-05 
2016   2  10   2  30   0  7.7195577964230561e-05 
2016   2  10   3   0   0  7.1387271065746603e-05 
2016   2  10   3  30   0  7.1477945516877989e-05 
2016   2  10   4   0   0  6.4455403719493497e-05 
2016   2  10   4  30   0  7.0871928379530105e-05 
2016   2  10   5   0   0  7.5010286272976910e-05 
2016   2  10   5  30   0  7.3715008588688241e-05 
2016   2  10   6   0   0  8.3084937314696202e-05 
2016   2  10   6  30   0  7.5196300366289569e-05 
2016   2  10   7   0   0  6.9697314967304429e-05 
2016   2  10   7  30   0  8.6085223055013194e-05 
2016   2  10   8   0   0  9.0336807887778618e-05 
2016   2  10   8  30   0  8.3544145089287303e-05 
2016   2  10   9   0   0  1.0972707780551533e-04 
2016   2  10   9  30   0  1.8158914200582074e-04 
2016   2  10  10   0   0  2.1971691760011282e-04 
2016   2  10  10  30   0  2.5087907846685386e-04 
2016   2  10  11   0   0  2.7735992642416180e-04 
2016   2  10  11  30   0  2.8707162829922131e-04 
2016   2  10  12   0   0  3.5638653291924838e-04 
2016   2  10  12  30   0  3.9909244661714938e-04 
2016   2  10  13   0   0  3.3071560217177320e-04 
2016   2  10  13  30   0  2.9862891080677424e-04 
2016   2  10  14   0   0  2.4906572880945059e-04 
2016   2  10  14  30   0  2.1403852874788009e-04 
2016   2  10  15   0   0  1.8383984749441643e-04 
2016   2  10  15  30   0  1.6459582264199843e-04 
2016   2  10  16   0   0  1.7435664122151018e-04 
2016   2  10  16  30   0  2.0416308552090345e-04 
2016   2  10  17   0   0  3.0744432572833897e-04 
2016   2  10  17  30   0  3.4093671659455650e-04 
2016   2  10  18   0   0  3.3109026218118624e-04 
2016   2  10  18  30   0  3.9549059491009999e-04 
2016   2  10  19   0   0  5.3545103332650426e-04 
2016   2  10  19  30   0  5.4761787027105056e-04 
2016   2  10  20   0   0  5.8991532187563172e-04 
2016   2  10  20  30   0  6.5486725082268603e-04 
2016   2  10  21   0   0  7.0332185954961011e-04 
2016   2  10  21  30   0  7.8652942931839085e-04 
2016   2  10  22   0   0  8.2591735621428237e-04 
2016   2  10  22  30   0  7.9389059772587466e-04 
2016   2  10  23   0   0  6.7978015038529357e-04 
2016   2  10  23  30   0  6.2710124183866728e-04 
2016   2  11   0   0   0  6.3171128293799841e-04 
2016   2  11   0  30   0  5.1036142733921184e-04 
2016   2  11   1   0   0  3.8712136905360423e-04 
2016   2  11   1  30   0  2.6143255246140846e-04 
2016   2  11   2   0   0  2.0890005689323501e-04 
2016   2  11   2  30   0  1.7730469163372946e-04 
2016   2  11   3   0   0  1.8060045638849527e-04 
2016   2  11   3  30   0  1.4876433616500614e-04 
2016   2  11   4   0   0  1.4470813477770688e-04 
2016   2  11   4  30   0  1.4347512022202838e-04 
2016   2  11   5   0   0  1.5379956033767072e-04 
2016   2  11   5  30   0  1.5671638913140697e-04 
2016   2  11   6   0   0  1.4630959901882585e-04 
2016   2  11   6  30   0  1.4444502600645409e-04 
2016   2  11   7   0   0  1.4090618611230099e-04 
2016   2  11   7  30   0  1.3754192135558344e-04 
2016   2  11   8   0   0  1.6063275258124774e-04 
2016   2  11   8  30   0  1.4412456097136255e-04 
2016   2  11   9   0   0  1.5257761394604037e-04 
2016   2  11   9  30   0  1.5432339885966073e-04 
2016   2  11  10   0   0  1.1953180595549442e-04 
2016   2  11  10  30   0  1.1651405937428217e-04 
2016   2  11  11   0   0  1.3351852371379429e-04 
2016   2  11  11  30   0  1.4130677209102946e-04 
2016   2  11  12   0   0  1.4813845830885424e-04 
2016   2  11  12  30   0  8.1110727830908046e-04 
2016   2  11  13   0   0  4.8648837007654637e-04 
2016   2  11  13  30   0  2.2723296144368734e-04 
2016   2  11  14   0   0  4.3831392274979478e-04 
2016   2  11  14  30   0  2.6887585118658781e-04 
2016   2  11  15   0   0  1.8498809367581228e-04 
2016   2  11  15  30   0  1.9110511996127077e-04 
2016   2  11  16   0   0  2.2093758477718792e-04 
2016   2  11  16  30   0  2.5168599922328173e-04 
2016   2  11  17   0   0  3.6120748841216575e-04 
2016   2  11  17  30   0  4.5036699488654495e-04 
2016   2  11  18   0   0  3.5928923471716025e-04 
2016   2  11  18  30   0  3.3118347397000639e-04 
2016   2  11  19   0   0  5.3346886278399957e-04 
2016   2  11  19  30   0  4.3947033739170319e-04 
2016   2  11  20   0   0  4.4940281336487578e-04 
2016   2  11  20  30   0  4.9053129377788298e-04 
2016   2  11  21   0   0  5.1889254614177565e-04 
2016   2  11  21  30   0  4.3433750664392302e-04 
2016   2  11  22   0   0  3.7718451971672097e-04 
2016   2  11  22  30   0  3.0434432615703710e-04 
2016   2  11  23   0   0  3.0082156451848296e-04 
2016   2  11  23  30   0  3.0139160959413659e-04 
2016   2  12   0   0   0  2.6763322723237466e-04 
2016   2  12   0  30   0  2.2898462587174598e-04 
2016   2  12   1   0   0  2.1703937548300787e-04 
2016   2  12   1  30   0  2.3557702966854119e-04 
2016   2  12   2   0   0  2.6713261698239232e-04 
2016   2  12   2  30   0  2.7413413050096500e-04 
2016   2  12   3   0   0  2.4370598217016853e-04 
2016   2  12   3  30   0  2.2562570673800888e-04 
2016   2  12   4   0   0  1.9612419511835349e-04 
2016   2  12   4  30   0  1.6946684591926533e-04 
2016   2  12   5   0   0  1.6037686929296506e-04 
2016   2  12   5  30   0  1.6485228980204933e-04 
2016   2  12   6   0   0  1.6876132780206120e-04 
2016   2  12   6  30   0  1.6876755161549266e-04 
2016   2  12   7   0   0  1.5690117325795955e-04 
2016   2  12   7  30   0  1.5743820644262149e-04 
2016   2  12   8   0   0  1.5761033906990801e-04 
2016   2  12   8  30   0  1.5960762628930888e-04 
2016   2  12   9   0   0  1.6333109289211307e-04 
2016   2  12   9  30   0  1.5778355440284518e-04 
2016   2  12  10   0   0  1.4104350572003408e-04 
2016   2  12  10  30   0  1.4704614924829091e-04 
2016   2  12  11   0   0  1.6074140249726306e-04 
2016   2  12  11  30   0  1.9509480133913197e-04 
2016   2  12  12   0   0  2.2663774191085810e-04 
2016   2  12  12  30   0  2.2778939345804552e-04 
2016   2  12  13   0   0  2.3748469335163429e-04 
2016   2  12  13  30   0  2.3776226487045389e-04 
2016   2  12  14   0   0  2.3349568941486923e-04 
2016   2  12  14  30   0  2.1409060901969243e-04 
2016   2  12  15   0   0  1.9765318475641018e-04 
2016   2  12  15  30   0  1.8072087397324595e-04 
2016   2  12  16   0   0  1.7966793286740328e-04 
2016   2  12  16  30   0  1.7029673320196535e-04 
2016   2  12  17   0   0  1.6068034187463625e-04 
2016   2  12  17  30   0  1.5587214314735691e-04 
2016   2  12  18   0   0  1.5367842875233320e-04 
2016   2  12  18  30   0  1.4426616005279886e-04 
2016   2  12  19   0   0  9.0325837810722491e-05 
2016   2  12  19  30   0  6.5611431378085805e-05 
2016   2  12  20   0   0  8.2393406177184723e-05 
2016   2  12  20  30   0  7.6462495808999340e-05 
2016   2  12  21   0   0  3.7081226597004133e-05 
2016   2  12  21  30   0  3.8353595062778184e-05 
2016   2  12  22   0   0  4.3143362063936263e-05 
2016   2  12  22  30   0  4.8177052631451819e-05 
2016   2  12  23   0   0  4.5363142606110439e-05 
2016   2  12  23  30   0  4.1084338739791196e-05 
2016   2  13   0   0   0  5.3934583970903198e-05 
2016   2  13   0  30   0  4.8578340055318798e-05 
2016   2  13   1   0   0  4.8040389015657606e-05 
2016   2  13   1  30   0  4.4736798846445828e-05 
2016   2  13   2   0   0  4.7788825421976826e-05 
2016   2  13   2  30   0  6.0857116780761829e-05 
2016   2  13   3   0   0  6.9075448708157678e-05 
2016   2  13   3  30   0  7.0505007960049358e-05 
2016   2  13   4   0   0  7.5787114859698844e-05 
2016   2  13   4  30   0  8.3109026898326062e-05 
2016   2  13   5   0   0  8.9402718059349010e-05 
2016   2  13   5  30   0  8.9604141013690408e-05 
2016   2  13   6   0   0  9.1129240361180748e-05 
2016   2  13   6  30   0  7.2152452730401558e-05 
2016   2  13   7   0   0  7.0199927388689737e-05 
2016   2  13   7  30   0  6.6126457143928421e-05 
2016   2  13   8   0   0  6.0631662775915838e-05 
2016   2  13   8  30   0  5.2010066293414428e-05 
2016   2  13   9   0   0  4.2382517096388327e-05 
2016   2  13   9  30   0  4.1175653790476406e-05 
2016   2  13  10   0   0  4.9606618219937542e-05 
2016   2  13  10  30   0  2.2397373018969490e-04 
2016   2  13  11   0   0  9.7686422371768772e-05 
2016   2  13  11  30   0  9.6320169837143304e-05 
2016   2  13  12   0   0  1.1221117176732165e-04 
2016   2  13  12  30   0  1.1645390075089078e-04 
2016   2  13  13   0   0  7.5042481323584766e-05 
2016   2  13  13  30   0  6.5775788534446614e-05 
2016   2  13  14   0   0  6.5196735587207753e-05 
2016   2  13  14  30   0  6.9443840489638261e-05 
2016   2  13  15   0   0  7.6830006130976743e-05 
2016   2  13  15  30   0  1.1595117788485439e-04 
2016   2  13  16   0   0  1.2554467903249191e-04 
2016   2  13  16  30   0  1.1659757292635920e-04 
2016   2  13  17   0   0  8.6838798546085930e-05 
2016   2  13  17  30   0  8.1549568949824199e-05 
2016   2  13  18   0   0  1.0492156693287519e-04 
2016   2  13  18  30   0  1.2578642190652574e-04 
2016   2  13  19   0   0  1.4478394661787954e-04 
2016   2  13  19  30   0  1.3976328673637693e-04 
2016   2  13  20   0   0  1.3763557934539023e-04 
2016   2  13  20  30   0  1.3956351023092960e-04 
2016   2  13  21   0   0  1.2629449924506979e-04 
2016   2  13  21  30   0  3.7679438575603802e-04 
2016   2  13  22   0   0  1.6481252647186501e-04 
2016   2  13  22  30   0  1.3964861236856338e-04 
2016   2  13  23   0   0  1.3420956285599382e-04 
2016   2  13  23  30   0  1.5544695701401320e-04 
2016   2  14   0   0   0  1.7508025611028951e-04 
2016   2  14   0  30   0  2.1352949668206435e-04 
2016   2  14   1   0   0  2.4628379884428665e-04 
2016   2  14   1  30   0  2.5279165447915581e-04 
2016   2  14   2   0   0  2.8187693237129049e-04 
2016   2  14   2  30   0  3.4623287749126327e-04 
2016   2  14   3   0   0  4.6321143661735392e-04 
2016   2  14   3  30   0  5.4637505230806336e-04 
2016   2  14   4   0   0  6.5004947741926578e-04 
2016   2  14   4  30   0  6.6265649891775441e-04 
2016   2  14   5   0   0  6.5120920493075502e-04 
2016   2  14   5  30   0  6.0697461500599647e-04 
2016   2  14   6   0   0  5.9432729367881365e-04 
2016   2  14   6  30   0  5.3516729383366760e-04 
2016   2  14   7   0   0  4.7183414735325056e-04 
2016   2  14   7  30   0  4.2219012882686565e-04 
2016   2  14   8   0   0  3.9334161538898832e-04 
2016   2  14   8  30   0  3.9004063959965755e-04 
2016   2  14   9   0   0  3.9129501490270608e-04 
2016   2  14   9  30   0  3.8167109258631496e-04 
2016   2  14  10   0   0  3.8259823816136931e-04 
2016   2  14  10  30   0  3.7767967558046485e-04 
2016   2  14  11   0   0  3.2471905055490841e-04 
2016   2  14  11  30   0  3.0314668891789312e-04 
2016   2  14  12   0   0  2.8580229710400875e-04 
2016   2  14  12  30   0  2.8171241338015806e-04 
2016   2  14  13   0   0  2.6761031993053681e-04 
2016   2  14  13  30   0  2.8783586037447751e-04 
2016   2  14  14   0   0  2.4548114805455655e-04 
2016   2  14  14  30   0  2.3487215885708098e-04 
2016   2  14  15   0   0  2.3586869413517634e-04 
2016   2  14  15  30   0  2.2052932804249466e-04 
2016   2  14  16   0   0  2.2492370861847840e-04 
2016   2  14  16  30   0  2.1996635033563758e-04 
2016   2  14  17   0   0  2.2131255454589581e-04 
2016   2  14  17  30   0  2.4357488155512684e-04 
2016   2  14  18   0   0  2.8859573433891910e-04 
2016   2  14  18  30   0  2.6267997757612984e-04 
2016   2  14  19   0   0  3.0273360022461991e-04 
2016   2  14  19  30   0  2.5181034798902393e-04 
2016   2  14  20   0   0  2.4850738404826636e-04 
2016   2  14  20  30   0  2.8918611769005603e-04 
2016   2  14  21   0   0  2.6992604100050576e-04 
2016   2  14  21  30   0  2.7165159388098755e-04 
2016   2  14  22   0   0  2.5901109503390275e-04 
2016   2  14  22  30   0  2.4992844410425230e-04 
2016   2  14  23   0   0  2.2842363259785944e-04 
2016   2  14  23  30   0  2.4894361287203573e-04 
2016   2  15   0   0   0  2.0343763882819181e-04 
2016   2  15   0  30   0  2.0091152488742285e-04 
2016   2  15   1   0   0  2.0218960459169233e-04 
2016   2  15   1  30   0  1.9736118371752471e-04 
2016   2  15   2   0   0  1.9787859384459290e-04 
2016   2  15   2  30   0  2.1185535311906372e-04 
2016   2  15   3   0   0  2.0949339682876933e-04 
2016   2  15   3  30   0  2.0751781920407843e-04 
2016   2  15   4   0   0  2.1438248370443823e-04 
2016   2  15   4  30   0  2.1170187723389066e-04 
2016   2  15   5   0   0  2.1682960684285440e-04 
2016   2  15   5  30   0  2.2569116616305554e-04 
2016   2  15   6   0   0  2.3661442276195411e-04 
2016   2  15   6  30   0  2.3083910781541387e-04 
2016   2  15   7   0   0  2.2198240399197189e-04 
2016   2  15   7  30   0  2.2062291446632180e-04 
2016   2  15   8   0   0  2.2041840434727653e-04 
2016   2  15   8  30   0  2.3416434568590934e-04 
2016   2  15   9   0   0  2.4003862068504094e-04 
2016   2  15   9  30   0  2.1149601191832479e-04 
2016   2  15  10   0   0  2.1442778659065280e-04 
2016   2  15  10  30   0  2.1901895319294032e-04 
2016   2  15  11   0   0  2.3185298268370367e-04 
2016   2  15  11  30   0  2.5243635722471946e-04 
2016   2  15  12   0   0  2.3444497975629781e-04 
2016   2  15  12  30   0  1.9630897444581816e-04 
2016   2  15  13   0   0  1.9705164139105031e-04 
2016   2  15  13  30   0  1.7201840184774160e-04 
2016   2  15  14   0   0  1.7109964518867839e-04 
2016   2  15  14  30   0  1.6668160072950313e-04 
2016   2  15  15   0   0  1.5612030592387449e-04 
2016   2  15  15  30   0  1.4265224776899689e-04 
2016   2  15  16   0   0  1.8317714602655388e-04 
2016   2  15  16  30   0  1.4128762136136406e-04 
2016   2  15  17   0   0  1.1540127159183408e-04 
2016   2  15  17  30   0  9.9104813098461125e-05 
2016   2  15  18   0   0  9.6707608132533786e-05 
2016   2  15  18  30   0  1.0385248790187306e-04 
2016   2  15  19   0   0  1.0963976332179461e-04 
2016   2  15  19  30   0  9.6900929774805471e-05 
2016   2  15  20   0   0  9.6755247590095755e-05 
2016   2  15  20  30   0  8.7937884747153871e-05 
2016   2  15  21   0   0  7.7765171233282692e-05 
2016   2  15  21  30   0  8.0807402176186384e-05 
2016   2  15  22   0   0  8.6939056563989714e-05 
2016   2  15  22  30   0  9.3333003194367726e-05 
2016   2  15  23   0   0  1.0247231357372741e-04 
2016   2  15  23  30   0  1.1143581059471222e-04 
2016   2  16   0   0   0  1.0700030533632522e-04 
2016   2  16   0  30   0  1.0492677826137125e-04 
2016   2  16   1   0   0  1.0121191163987350e-04 
2016   2  16   1  30   0  1.0163204858885429e-04 
2016   2  16   2   0   0  9.1684632287350500e-05 
2016   2  16   2  30   0  8.9702996957627539e-05 
2016   2  16   3   0   0  8.3497479116292393e-05 
2016   2  16   3  30   0  7.8667744245229841e-05 
2016   2  16   4   0   0  7.6430266736396803e-05 
2016   2  16   4  30   0  7.0293516423468360e-05 
2016   2  16   5   0   0  6.6313033496847847e-05 
2016   2  16   5  30   0  6.8531059780207787e-05 
2016   2  16   6   0   0  7.4940746149116828e-05 
2016   2  16   6  30   0  8.7071272494595309e-05 
2016   2  16   7   0   0  9.8030572610131357e-05 
2016   2  16   7  30   0  9.6222875555600923e-05 
2016   2  16   8   0   0  9.0587037463587075e-05 
2016   2  16   8  30   0  9.2119806900922561e-05 
2016   2  16   9   0   0  9.4476473869709268e-05 
2016   2  16   9  30   0  7.5732593316303842e-05 
2016   2  16  10   0   0  8.1977216194998188e-05 
2016   2  16  10  30   0  8.2155861218103236e-05 
2016   2  16  11   0   0  8.5541016859746170e-05 
2016   2  16  11  30   0  8.3240663476886396e-05 
2016   2  16  12   0   0  7.3671911453625539e-05 
2016   2  16  12  30   0  7.0195198994558381e-05 
2016   2  16  13   0   0  7.7081565118835695e-05 
2016   2  16  13  30   0  8.1231752124880533e-05 
2016   2  16  14   0   0  8.1948784631102829e-05 
2016   2  16  14  30   0  9.3900847603733300e-05 
2016   2  16  15   0   0  9.3983950959201858e-05 
2016   2  16  15  30   0  8.4531624459390482e-05 
2016   2  16  16   0   0  8.4863184744275234e-05 
2016   2  16  16  30   0  7.6389599667807859e-05 
2016   2  16  17   0   0  7.0258676815663482e-05 
2016   2  16  17  30   0  6.7279610182119476e-05 
2016   2  16  18   0   0  6.2973635471404415e-05 
2016   2  16  18  30   0  6.5585008699928815e-05 
2016   2  16  19   0   0  8.0166341848178513e-05 
2016   2  16  19  30   0  8.2870090444250353e-05 
2016   2  16  20   0   0  7.3238474805881413e-05 
2016   2  16  20  30   0  6.0405937955463178e-05 
2016   2  16  21   0   0  6.1900148985774334e-05 
2016   2  16  21  30   0  5.9274863092123489e-05 
2016   2  16  22   0   0  5.9902245584213783e-05 
2016   2  16  22  30   0  6.0813450715537241e-05 
2016   2  16  23   0   0  6.4092514655218828e-05 
2016   2  16  23  30   0  7.3211757597788730e-05 
2016   2  17   0   0   0  8.7972282876013551e-05 
2016   2  17   0  30   0  9.0528169327415084e-05 
2016   2  17   1   0   0  8.9614309944387863e-05 
2016   2  17   1  30   0  1.1266054571430442e-04 
2016   2  17   2   0   0  1.1936519133099326e-04 
2016   2  17   2  30   0  1.4980177043562461e-04 
2016   2  17   3   0   0  2.1271471252124605e-04 
2016   2  17   3  30   0  2.7449655066836794e-04 
2016   2  17   4   0   0  2.4792639942910165e-04 
2016   2  17   4  30   0  2.2161124366825894e-04 
2016   2  17   5   0   0  2.0099081481437367e-04 
2016   2  17   5  30   0  1.8661069382565346e-04 
2016   2  17   6   0   0  1.8035381669005666e-04 
2016   2  17   6  30   0  1.7669817095019959e-04 
2016   2  17   7   0   0  1.8285044588597392e-04 
2016   2  17   7  30   0  1.8608884681517622e-04 
2016   2  17   8   0   0  1.9731255962481323e-04 
2016   2  17   8  30   0  2.1722887148554142e-04 
2016   2  17   9   0   0  2.5046543363348443e-04 
2016   2  17   9  30   0  2.5725271986970483e-04 
2016   2  17  10   0   0  2.8128869713412325e-04 
2016   2  17  10  30   0  2.8778876823892579e-04 
2016   2  17  11   0   0  2.6195759041178148e-04 
2016   2  17  11  30   0  2.6110340294166305e-04 
2016   2  17  12   0   0  2.5737363027072974e-04 
2016   2  17  12  30   0  2.4819211738689144e-04 
2016   2  17  13   0   0  2.4122260009583750e-04 
2016   2  17  13  30   0  2.3795901308315112e-04 
2016   2  17  14   0   0  2.3124114453851631e-04 
2016   2  17  14  30   0  2.2907622541042862e-04 
2016   2  17  15   0   0  2.5254066280297038e-04 
2016   2  17  15  30   0  2.4064365816768845e-04 
2016   2  17  16   0   0  2.4043140102769224e-04 
2016   2  17  16  30   0  2.3061734210261822e-04 
2016   2  17  17   0   0  2.2064106849167494e-04 
2016   2  17  17  30   0  2.0861817085571335e-04 
2016   2  17  18   0   0  2.1507500400231284e-04 
2016   2  17  18  30   0  2.0211897250494519e-04 
2016   2  17  19   0   0  2.2737413094633637e-04 
2016   2  17  19  30   0  2.0080118194101365e-04 
2016   2  17  20   0   0  1.9464623393983504e-04 
2016   2  17  20  30   0  1.9068066803565873e-04 
2016   2  17  21   0   0  1.9011075453173891e-04 
2016   2  17  21  30   0  1.8789478852729169e-04 
2016   2  17  22   0   0  1.8202489539538081e-04 
2016   2  17  22  30   0  1.9393752154328931e-04 
2016   2  17  23   0   0  2.1502161427745670e-04 
2016   2  17  23  30   0  2.2240025200598860e-04 
2016   2  18   0   0   0  2.2420175508521234e-04 
2016   2  18   0  30   0  2.2340360854231794e-04 
2016   2  18   1   0   0  2.2625444225622823e-04 
2016   2  18   1  30   0  2.2828893009361711e-04 
2016   2  18   2   0   0  2.2698247958079012e-04 
2016   2  18   2  30   0  2.2099445690015488e-04 
2016   2  18   3   0   0  2.2608688853689233e-04 
2016   2  18   3  30   0  2.2229092793062444e-04 
2016   2  18   4   0   0  2.0204995699463809e-04 
2016   2  18   4  30   0  1.7956962987470358e-04 
2016   2  18   5   0   0  1.4791758843362950e-04 
2016   2  18   5  30   0  1.2758192747967139e-04 
2016   2  18   6   0   0  1.2813764175578362e-04 
2016   2  18   6  30   0  1.2699919330688125e-04 
2016   2  18   7   0   0  1.3493746751633821e-04 
2016   2  18   7  30   0  1.3740116020113924e-04 
2016   2  18   8   0   0  1.3102346412065691e-04 
2016   2  18   8  30   0  1.4446988735373673e-04 
2016   2  18   9   0   0  1.4798961225238435e-04 
2016   2  18   9  30   0  1.6640334630654217e-04 
2016   2  18  10   0   0  1.6782538789002094e-04 
2016   2  18  10  30   0  1.6543333803519111e-04 
2016   2  18  11   0   0  2.0464411434917813e-04 
2016   2  18  11  30   0  2.7162282546187925e-04 
2016   2  18  12   0   0  2.1753515985235009e-04 
2016   2  18  12  30   0  2.5700172323988142e-04 
2016   2  18  13   0   0  2.0369545409591676e-04 
2016   2  18  13  30   0  1.6533377693585906e-04 
2016   2  18  14   0   0  1.4618970798886382e-04 
2016   2  18  14  30   0  1.3951748341893859e-04 
2016   2  18  15   0   0  1.5330363045583942e-04 
2016   2  18  15  30   0  1.6313612504805514e-04 
2016   2  18  16   0   0  1.6751336220496355e-04 
2016   2  18  16  30   0  1.8518489695662504e-04 
2016   2  18  17   0   0  2.0111460039207201e-04 
2016   2  18  17  30   0  2.1437885764094918e-04 
2016   2  18  18   0   0  2.3634101568375152e-04 
2016   2  18  18  30   0  2.6510994702849114e-04 
2016   2  18  19   0   0  3.0851126746706231e-04 
2016   2  18  19  30   0  3.4770798031757380e-04 
2016   2  18  20   0   0  3.5751028320697654e-04 
2016   2  18  20  30   0  3.3826988276416768e-04 
2016   2  18  21   0   0  3.4882676356106279e-04 
2016   2  18  21  30   0  3.7488276255552750e-04 
2016   2  18  22   0   0  3.8893541472963727e-04 
2016   2  18  22  30   0  4.0236594089323530e-04 
2016   2  18  23   0   0  4.1008651865379487e-04 
2016   2  18  23  30   0  4.1478949012336956e-04 
2016   2  19   0   0   0  4.3251530138180223e-04 
2016   2  19   0  30   0  4.5058661095741904e-04 
2016   2  19   1   0   0  4.6509203224905159e-04 
2016   2  19   1  30   0  4.7437384631441784e-04 
2016   2  19   2   0   0  4.9905661052592929e-04 
2016   2  19   2  30   0  5.1759760517294069e-04 
2016   2  19   3   0   0  5.6261070503053662e-04 
2016   2  19   3  30   0  5.6464602061357099e-04 
2016   2  19   4   0   0  5.6602310418739203e-04 
2016   2  19   4  30   0  5.7057599116434171e-04 
2016   2  19   5   0   0  5.7525118523766791e-04 
2016   2  19   5  30   0  5.7147630943267047e-04 
2016   2  19   6   0   0  5.7580875303366171e-04 
2016   2  19   6  30   0  5.7460041689433479e-04 
2016   2  19   7   0   0  5.8927711668273197e-04 
2016   2  19   7  30   0  5.8204529805028140e-04 
2016   2  19   8   0   0  5.4807859911053843e-04 
2016   2  19   8  30   0  5.3344287577809899e-04 
2016   2  19   9   0   0  5.3252947848174100e-04 
2016   2  19   9  30   0  5.0151009665530110e-04 
2016   2  19  10   0   0  4.7081558866635489e-04 
2016   2  19  10  30   0  4.8304771169271411e-04 
2016   2  19  11   0   0  4.7353509983379187e-04 
2016   2  19  11  30   0  4.1080447633572820e-04 
2016   2  19  12   0   0  3.2741434046143215e-04 
2016   2  19  12  30   0  3.0415549256075923e-04 
2016   2  19  13   0   0  3.0405153210951526e-04 
2016   2  19  13  30   0  3.1538047943462170e-04 
2016   2  19  14   0   0  3.2864758621923461e-04 
2016   2  19  14  30   0  3.5190074071647274e-04 
2016   2  19  15   0   0  3.7493211969382811e-04 
2016   2  19  15  30   0  4.3580577473997578e-04 
2016   2  19  16   0   0  4.1605187032562815e-04 
2016   2  19  16  30   0  3.9968408803126677e-04 
2016   2  19  17   0   0  3.8532667770970283e-04 
2016   2  19  17  30   0  3.8128525334818730e-04 
2016   2  19  18   0   0  3.4501774675759075e-04 
2016   2  19  18  30   0  3.2046998805463495e-04 
2016   2  19  19   0   0  3.1373992968250519e-04 
2016   2  19  19  30   0  3.1917394085259257e-04 
2016   2  19  20   0   0  3.2526886325266220e-04 
2016   2  19  20  30   0  3.4040486311012459e-04 
2016   2  19  21   0   0  3.7752434858263993e-04 
2016   2  19  21  30   0  3.9743627272658863e-04 
2016   2  19  22   0   0  3.9805473062527833e-04 
2016   2  19  22  30   0  4.0249253883444756e-04 
2016   2  19  23   0   0  4.1765234614647137e-04 
2016   2  19  23  30   0  4.3961990308913286e-04 
2016   2  20   0   0   0  4.3057886593298399e-04 
2016   2  20   0  30   0  4.2697746828178112e-04 
2016   2  20   1   0   0  4.1943772567433360e-04 
2016   2  20   1  30   0  4.2484774365050679e-04 
2016   2  20   2   0   0  4.2307672219613117e-04 
2016   2  20   2  30   0  4.1167494579308778e-04 
2016   2  20   3   0   0  4.0805578490640143e-04 
2016   2  20   3  30   0  4.0773611982655711e-04 
2016   2  20   4   0   0  4.0947062405092334e-04 
2016   2  20   4  30   0  4.1768604281209682e-04 
2016   2  20   5   0   0  4.2023134914080039e-04 
2016   2  20   5  30   0  4.1477190694201924e-04 
2016   2  20   6   0   0  4.2061735264188529e-04 
2016   2  20   6  30   0  4.2940816125654489e-04 
2016   2  20   7   0   0  4.3461254942596855e-04 
2016   2  20   7  30   0  4.2521867493947008e-04 
2016   2  20   8   0   0  4.3605592374091712e-04 
2016   2  20   8  30   0  4.4390282460501880e-04 
2016   2  20   9   0   0  3.7224745415996634e-04 
2016   2  20   9  30   0  2.9973183228637694e-04 
2016   2  20  10   0   0  2.8901460517609883e-04 
2016   2  20  10  30   0  2.7976300649703418e-04 
2016   2  20  11   0   0  2.7107353644702356e-04 
2016   2  20  11  30   0  2.7847466450596806e-04 
2016   2  20  12   0   0  2.9568319393481003e-04 
2016   2  20  12  30   0  2.7046899472024752e-04 
2016   2  20  13   0   0  2.4825324730016091e-04 
2016   2  20  13  30   0  2.1359809482098116e-04 
2016   2  20  14   0   0  2.0638623437759735e-04 
2016   2  20  14  30   0  2.2570400294578293e-04 
2016   2  20  15   0   0  2.4076727496838410e-04 
2016   2  20  15  30   0  2.5517253895093685e-04 
2016   2  20  16   0   0  2.5918481463392215e-04 
2016   2  20  16  30   0  2.9710577568692797e-04 
2016   2  20  17   0   0  3.2629997904483159e-04 
2016   2  20  17  30   0  3.3573436474750024e-04 
2016   2  20  18   0   0  3.2347949853135698e-04 
2016   2  20  18  30   0  3.3608109909974611e-04 
2016   2  20  19   0   0  3.7752049118133861e-04 
2016   2  20  19  30   0  3.9746297387483652e-04 
2016   2  20  20   0   0  4.3525848525449322e-04 
2016   2  20  20  30   0  4.5940194991254561e-04 
2016   2  20  21   0   0  4.9741578617761213e-04 
2016   2  20  21  30   0  5.2256769810388876e-04 
2016   2  20  22   0   0  5.2857286897296319e-04 
2016   2  20  22  30   0  5.4010225438757534e-04 
2016   2  20  23   0   0  5.5529381355325829e-04 
2016   2  20  23  30   0  5.8128144707506285e-04 
2016   2  21   0   0   0  6.0856679386715610e-04 
2016   2  21   0  30   0  5.9727523896692186e-04 
2016   2  21   1   0   0  5.7217314002050640e-04 
2016   2  21   1  30   0  5.4437797988372665e-04 
2016   2  21   2   0   0  5.5156213376999878e-04 
2016   2  21   2  30   0  5.4486215534966750e-04 
2016   2  21   3   0   0  5.5988490171301770e-04 
2016   2  21   3  30   0  5.5000039829967821e-04 
2016   2  21   4   0   0  5.4150526412992525e-04 
2016   2  21   4  30   0  5.1274779353270865e-04 
2016   2  21   5   0   0  4.7513908232730954e-04 
2016   2  21   5  30   0  4.2453449468036705e-04 
2016   2  21   6   0   0  3.8038733653388565e-04 
2016   2  21   6  30   0  3.5730232086846661e-04 
2016   2  21   7   0   0  3.5094126402400509e-04 
2016   2  21   7  30   0  3.4604451962426527e-04 
2016   2  21   8   0   0  3.2519431151901019e-04 
2016   2  21   8  30   0  3.0098160688844165e-04 
2016   2  21   9   0   0  3.1133465460594022e-04 
2016   2  21   9  30   0  3.1230925041936735e-04 
2016   2  21  10   0   0  3.3172667066426383e-04 
2016   2  21  10  30   0  3.1092068395256723e-04 
2016   2  21  11   0   0  2.8062756225492907e-04 
2016   2  21  11  30   0  2.4862769552845418e-04 
2016   2  21  12   0   0  2.2294588818555126e-04 
2016   2  21  12  30   0  2.0664246530997281e-04 
2016   2  21  13   0   0  1.8404417242124161e-04 
2016   2  21  13  30   0  1.6033755039867933e-04 
2016   2  21  14   0   0  1.5043594813058558e-04 
2016   2  21  14  30   0  1.5661127683607180e-04 
2016   2  21  15   0   0  1.7212466052077567e-04 
2016   2  21  15  30   0  2.0284683904861774e-04 
2016   2  21  16   0   0  2.5837504461534807e-04 
2016   2  21  16  30   0  3.2895636552464006e-04 
2016   2  21  17   0   0  4.1404363698908437e-04 
2016   2  21  17  30   0  4.3403022380496855e-04 
2016   2  21  18   0   0  4.1421676366907570e-04 
2016   2  21  18  30   0  4.1878428014641725e-04 
2016   2  21  19   0   0  4.2814171961475395e-04 
2016   2  21  19  30   0  4.3831794718892367e-04 
2016   2  21  20   0   0  4.0377811647756667e-04 
2016   2  21  20  30   0  3.9223321843242929e-04 
2016   2  21  21   0   0  3.7986933541810444e-04 
2016   2  21  21  30   0  4.4638937747060322e-04 
2016   2  21  22   0   0  5.1117857680656566e-04 
2016   2  21  22  30   0  4.4876754106904475e-04 
2016   2  21  23   0   0  4.2714671919865641e-04 
2016   2  21  23  30   0  4.2610908055070568e-04 
2016   2  22   0   0   0  4.5189413083937167e-04 
2016   2  22   0  30   0  4.9285697984965059e-04 
2016   2  22   1   0   0  5.1153175293654218e-04 
2016   2  22   1  30   0  4.1687488149116410e-04 
2016   2  22   2   0   0  3.8678164239512093e-04 
2016   2  22   2  30   0  3.9145093323210081e-04 
2016   2  22   3   0   0  3.7699246148905404e-04 
2016   2  22   3  30   0  3.7294019426325743e-04 
2016   2  22   4   0   0  3.7357385401595012e-04 
2016   2  22   4  30   0  3.7248989172273427e-04 
2016   2  22   5   0   0  3.7859411604585283e-04 
2016   2  22   5  30   0  3.8643086384158024e-04 
2016   2  22   6   0   0  4.0166239083454193e-04 
2016   2  22   6  30   0  4.1055294580522164e-04 
2016   2  22   7   0   0  4.1768240403339501e-04 
2016   2  22   7  30   0  4.2348398388718120e-04 
2016   2  22   8   0   0  4.3327919721946391e-04 
2016   2  22   8  30   0  4.3005716041563604e-04 
2016   2  22   9   0   0  4.3000321996666243e-04 
2016   2  22   9  30   0  4.2935657719118042e-04 
2016   2  22  10   0   0  4.3839121456716650e-04 
2016   2  22  10  30   0  4.3380346588462669e-04 
2016   2  22  11   0   0  4.3749438081575580e-04 
2016   2  22  11  30   0  4.4125985910683173e-04 
2016   2  22  12   0   0  4.4343189030075672e-04 
2016   2  22  12  30   0  4.5624054463507202e-04 
2016   2  22  13   0   0  4.6444758619188067e-04 
2016   2  22  13  30   0  4.9123361487037780e-04 
2016   2  22  14   0   0  4.9581175347225049e-04 
2016   2  22  14  30   0  4.8404892939189330e-04 
2016   2  22  15   0   0  4.7851268829974955e-04 
2016   2  22  15  30   0  4.7945708036704866e-04 
2016   2  22  16   0   0  4.7825936696621900e-04 
2016   2  22  16  30   0  4.9003046270598087e-04 
2016   2  22  17   0   0  4.9430380785765835e-04 
2016   2  22  17  30   0  5.0004953980746828e-04 
2016   2  22  18   0   0  5.1625923036545721e-04 
2016   2  22  18  30   0  5.2016932878336784e-04 
2016   2  22  19   0   0  5.3812607973190423e-04 
2016   2  22  19  30   0  5.5709422032522015e-04 
2016   2  22  20   0   0  5.7310487916794825e-04 
2016   2  22  20  30   0  5.7185131082643182e-04 
2016   2  22  21   0   0  5.6293353717666421e-04 
2016   2  22  21  30   0  5.8693554074154086e-04 
2016   2  22  22   0   0  5.9666229056860940e-04 
2016   2  22  22  30   0  5.3392065921931250e-04 
2016   2  22  23   0   0  4.9061520631720715e-04 
2016   2  22  23  30   0  4.7864291658854659e-04 
2016   2  23   0   0   0  4.2864501723608383e-04 
2016   2  23   0  30   0  3.3201459175146347e-04 
2016   2  23   1   0   0  3.6345669231654601e-04 
2016   2  23   1  30   0  4.1656724183271928e-04 
2016   2  23   2   0   0  4.3364372650025372e-04 
2016   2  23   2  30   0  4.2259100467554109e-04 
2016   2  23   3   0   0  4.3215526542958194e-04 
2016   2  23   3  30   0  4.6469284594576618e-04 
2016   2  23   4   0   0  4.6528222206741743e-04 
2016   2  23   4  30   0  4.6864083880235780e-04 
2016   2  23   5   0   0  4.5262844180872231e-04 
2016   2  23   5  30   0  4.3454173587951172e-04 
2016   2  23   6   0   0  4.1533486837143298e-04 
2016   2  23   6  30   0  4.1829280105990728e-04 
2016   2  23   7   0   0  4.1021545025137288e-04 
2016   2  23   7  30   0  4.0546260657236714e-04 
2016   2  23   8   0   0  4.0600515851609958e-04 
2016   2  23   8  30   0  4.6672859748189731e-04 
2016   2  23   9   0   0  4.2735039932716834e-04 
2016   2  23   9  30   0  4.0667741517567870e-04 
2016   2  23  10   0   0  3.6969973359913096e-04 
2016   2  23  10  30   0  4.0278984835387258e-04 
2016   2  23  11   0   0  3.6848114147023422e-04 
2016   2  23  11  30   0  3.8922249700360786e-04 
2016   2  23  12   0   0  3.5897976722488605e-04 
2016   2  23  12  30   0  3.7634926771914503e-04 
2016   2  23  13   0   0  3.8095142761181204e-04 
2016   2  23  13  30   0  3.7431020431260594e-04 
2016   2  23  14   0   0  3.6587895415413611e-04 
2016   2  23  14  30   0  3.6582991157084617e-04 
2016   2  23  15   0   0  3.6098415431433340e-04 
2016   2  23  15  30   0  3.6624819898942266e-04 
2016   2  23  16   0   0  3.6587745673674323e-04 
2016   2  23  16  30   0  3.7535016548283722e-04 
2016   2  23  17   0   0  3.7640285826722299e-04 
2016   2  23  17  30   0  3.8215887058295106e-04 
2016   2  23  18   0   0  3.8719857520485738e-04 
2016   2  23  18  30   0  4.0360054430366301e-04 
2016   2  23  19   0   0  4.0150015828840832e-04 
2016   2  23  19  30   0  4.2311731189222535e-04 
2016   2  23  20   0   0  4.0432964423633733e-04 
2016   2  23  20  30   0  3.8963232145188394e-04 
2016   2  23  21   0   0  3.8888181908057549e-04 
2016   2  23  21  30   0  3.6940911641815155e-04 
2016   2  23  22   0   0  3.1036401414596759e-04 
2016   2  23  22  30   0  2.7528148769041219e-04 
2016   2  23  23   0   0  2.2094253089500335e-04 
2016   2  23  23  30   0  1.9563291764219351e-04 
2016   2  24   0   0   0  2.2104800142354683e-04 
2016   2  24   0  30   0  2.3122020063216518e-04 
2016   2  24   1   0   0  2.3001503696284400e-04 
2016   2  24   1  30   0  2.0072907703915318e-04 
2016   2  24   2   0   0  1.9546005275162138e-04 
2016   2  24   2  30   0  1.8095580418449792e-04 
2016   2  24   3   0   0  1.6140162200360231e-04 
2016   2  24   3  30   0  1.3853928735695528e-04 
2016   2  24   4   0   0  1.2583852767553136e-04 
2016   2  24   4  30   0  1.2713402256916051e-04 
2016   2  24   5   0   0  1.2592293844219843e-04 
2016   2  24   5  30   0  1.2735234911866812e-04 
2016   2  24   6   0   0  1.5612183550749504e-04 
2016   2  24   6  30   0  1.3869184012974011e-04 
2016   2  24   7   0   0  1.3295943425342449e-04 
2016   2  24   7  30   0  1.2620680768312046e-04 
2016   2  24   8   0   0  1.0888404361094816e-04 
2016   2  24   8  30   0  1.1272662570422932e-04 
2016   2  24   9   0   0  1.2186511772965746e-04 
2016   2  24   9  30   0  1.3413909913786941e-04 
2016   2  24  10   0   0  1.3978204718567789e-04 
2016   2  24  10  30   0  1.4654321715085907e-04 
2016   2  24  11   0   0  1.4346246499703306e-04 
2016   2  24  11  30   0  1.4858212637028381e-04 
2016   2  24  12   0   0  1.3854530582380620e-04 
2016   2  24  12  30   0  1.1842132117986382e-04 
2016   2  24  13   0   0  1.1144103053281227e-04 
2016   2  24  13  30   0  1.0102935978173957e-04 
2016   2  24  14   0   0  7.8993917120495698e-05 
2016   2  24  14  30   0  8.5719887638333194e-05 
2016   2  24  15   0   0  1.0603834232635508e-04 
2016   2  24  15  30   0  1.1099953981618741e-04 
2016   2  24  16   0   0  9.0337136766257091e-05 
2016   2  24  16  30   0  1.0459275050335336e-04 
2016   2  24  17   0   0  8.7391545554728865e-05 
2016   2  24  17  30   0  7.5523766552675029e-05 
2016   2  24  18   0   0  8.8128270858207141e-05 
2016   2  24  18  30   0  8.0495078198550196e-05 
2016   2  24  19   0   0  1.0163512199437785e-04 
2016   2  24  19  30   0  9.3858911067043769e-05 
2016   2  24  20   0   0  7.6963249997057521e-05 
2016   2  24  20  30   0  7.1543739520698343e-05 
2016   2  24  21   0   0  8.2534262430199702e-05 
2016   2  24  21  30   0  1.1640973782195126e-04 
2016   2  24  22   0   0  1.7668590406766480e-04 
2016   2  24  22  30   0  2.0401259194055343e-04 
2016   2  24  23   0   0  2.0611506089013832e-04 
2016   2  24  23  30   0  2.2289289920957226e-04 
2016   2  25   0   0   0  2.7477997553981116e-04 
2016   2  25   0  30   0  2.8364618489424838e-04 
2016   2  25   1   0   0  2.5987609660738358e-04 
2016   2  25   1  30   0  2.2485601942377791e-04 
2016   2  25   2   0   0  2.0618985894818822e-04 
2016   2  25   2  30   0  1.8359435262717031e-04 
2016   2  25   3   0   0  1.6386519757686388e-04 
2016   2  25   3  30   0  1.4211329714742464e-04 
2016   2  25   4   0   0  1.3395266830468799e-04 
2016   2  25   4  30   0  1.3597561210519591e-04 
2016   2  25   5   0   0  1.9920734185045587e-04 
2016   2  25   5  30   0  2.4192746473461867e-04 
2016   2  25   6   0   0  3.2418278337392601e-04 
2016   2  25   6  30   0  2.8302962582707101e-04 
2016   2  25   7   0   0  3.2232097898805877e-04 
2016   2  25   7  30   0  2.9297654601261053e-04 
2016   2  25   8   0   0  2.6934143655848525e-04 
2016   2  25   8  30   0  2.6276475012132066e-04 
2016   2  25   9   0   0  2.6952378511096271e-04 
2016   2  25   9  30   0  2.5780264058447648e-04 
2016   2  25  10   0   0  2.5338595295114699e-04 
2016   2  25  10  30   0  2.5609594634230754e-04 
2016   2  25  11   0   0  2.4213678979308819e-04 
2016   2  25  11  30   0  2.5493139306240588e-04 
2016   2  25  12   0   0  2.3956854353081447e-04 
2016   2  25  12  30   0  2.3992766742971305e-04 
2016   2  25  13   0   0  2.1350483732791677e-04 
2016   2  25  13  30   0  1.8709714848713540e-04 
2016   2  25  14   0   0  1.6060955020339655e-04 
2016   2  25  14  30   0  1.4332076626251387e-04 
2016   2  25  15   0   0  1.2543335327790632e-04 
2016   2  25  15  30   0  6.8533641632797474e-05 
2016   2  25  16   0   0  7.4392357815669850e-05 
2016   2  25  16  30   0  8.7499978694002221e-05 
2016   2  25  17   0   0  1.0778422954656890e-04 
2016   2  25  17  30   0  1.2921139565952249e-04 
2016   2  25  18   0   0  1.8069872256336425e-04 
2016   2  25  18  30   0  1.8960849204354544e-04 
2016   2  25  19   0   0  1.6558653055851578e-04 
2016   2  25  19  30   0  1.9906339300983380e-04 
2016   2  25  20   0   0  2.2828460870387161e-04 
2016   2  25  20  30   0  2.3871418178822196e-04 
2016   2  25  21   0   0  2.2491113827735935e-04 
2016   2  25  21  30   0  2.6753846489567670e-04 
2016   2  25  22   0   0  3.1524974352475829e-04 
2016   2  25  22  30   0  3.3363369794049854e-04 
2016   2  25  23   0   0  3.2857910777441148e-04 
2016   2  25  23  30   0  2.9292039433450164e-04 
2016   2  26   0   0   0  2.3774254966647826e-04 
2016   2  26   0  30   0  2.3519037141539581e-04 
2016   2  26   1   0   0  2.6814375423217946e-04 
2016   2  26   1  30   0  2.9351520734723617e-04 
2016   2  26   2   0   0  2.7310554685996188e-04 
2016   2  26   2  30   0  2.4909011067157188e-04 
2016   2  26   3   0   0  2.3176253790608439e-04 
2016   2  26   3  30   0  2.0224459711743004e-04 
2016   2  26   4   0   0  1.6524012951282127e-04 
2016   2  26   4  30   0  1.3176550594255339e-04 
2016   2  26   5   0   0  1.1636983542891295e-04 
2016   2  26   5  30   0  1.0807912787630116e-04 
2016   2  26   6   0   0  1.0200661577114155e-04 
2016   2  26   6  30   0  1.0139538300901418e-04 
2016   2  26   7   0   0  1.1503851673960391e-04 
2016   2  26   7  30   0  1.2983028162217450e-04 
2016   2  26   8   0   0  1.3094969367365936e-04 
2016   2  26   8  30   0  1.4178613473424779e-04 
2016   2  26   9   0   0  1.9785894539370877e-04 
2016   2  26   9  30   0  1.7441719065978807e-04 
2016   2  26  10   0   0  2.2953905993501671e-04 
2016   2  26  10  30   0  2.1984576925225500e-04 
2016   2  26  11   0   0  2.2016648014350413e-04 
2016   2  26  11  30   0  2.0187044490790760e-04 
2016   2  26  12   0   0  1.8169221348293492e-04 
2016   2  26  12  30   0  1.7908145820149683e-04 
2016   2  26  13   0   0  1.6499780385834754e-04 
2016   2  26  13  30   0  1.4287338609877753e-04 
2016   2  26  14   0   0  1.3957970934700372e-04 
2016   2  26  14  30   0  1.4796667663591787e-04 
2016   2  26  15   0   0  1.4139003678216363e-04 
2016   2  26  15  30   0  1.3627282739106137e-04 
2016   2  26  16   0   0  1.0583079215012855e-04 
2016   2  26  16  30   0  9.5448056726782829e-05 
2016   2  26  17   0   0  8.9355412910564587e-05 
2016   2  26  17  30   0  8.4684420651601257e-05 
2016   2  26  18   0   0  9.1725658876253463e-05 
2016   2  26  18  30   0  1.0746244681551804e-04 
2016   2  26  19   0   0  1.1884884421582951e-04 
2016   2  26  19  30   0  1.3040024009205870e-04 
2016   2  26  20   0   0  1.3783806741825399e-04 
2016   2  26  20  30   0  1.3791311833396134e-04 
2016   2  26  21   0   0  1.4845559684874745e-04 
2016   2  26  21  30   0  1.4536764532675620e-04 
2016   2  26  22   0   0  1.5751331167318709e-04 
2016   2  26  22  30   0  1.6953581878874905e-04 
2016   2  26  23   0   0  1.9156998420057658e-04 
2016   2  26  23  30   0  2.0186503063736758e-04 
2016   2  27   0   0   0  2.4781507769647417e-04 
2016   2  27   0  30   0  2.6317206390114804e-04 
2016   2  27   1   0   0  2.9996495766729188e-04 
2016   2  27   1  30   0  3.2153568483350172e-04 
2016   2  27   2   0   0  3.4517992542207641e-04 
2016   2  27   2  30   0  3.6429286942117514e-04 
2016   2  27   3   0   0  3.7331911710041400e-04 
2016   2  27   3  30   0  3.8467236336333543e-04 
2016   2  27   4   0   0  3.8124575439892972e-04 
2016   2  27   4  30   0  3.6126097829564249e-04 
2016   2  27   5   0   0  3.5557192428246150e-04 
2016   2  27   5  30   0  3.5722743372635843e-04 
2016   2  27   6   0   0  3.5049198648675142e-04 
2016   2  27   6  30   0  3.4481063572741394e-04 
2016   2  27   7   0   0  3.3367307622881670e-04 
2016   2  27   7  30   0  3.2760092113655093e-04 
2016   2  27   8   0   0  3.1499676821465552e-04 
2016   2  27   8  30   0  2.9110637556605581e-04 
2016   2  27   9   0   0  2.7751375362250886e-04 
2016   2  27   9  30   0  2.5553446697905294e-04 
2016   2  27  10   0   0  2.4583129013953426e-04 
2016   2  27  10  30   0  2.3241768639312236e-04 
2016   2  27  11   0   0  2.3277442848669628e-04 
2016   2  27  11  30   0  2.0478461257757637e-04 
2016   2  27  12   0   0  2.8870719472912398e-06 
2016   2  27  12  30   0  1.6751093375774890e-06 
2016   2  27  13   0   0  1.4344490730696977e-06 
2016   2  27  13  30   0  1.7484461544698797e-06 
2016   2  27  14   0   0  2.7531226150563141e-06 
2016   2  27  14  30   0  3.8690309054923467e-06 
2016   2  27  15   0   0  2.8406711310488697e-06 
2016   2  27  15  30   0  3.0364154495751759e-06 
2016   2  27  16   0   0  3.2172496975714377e-06 
2016   2  27  16  30   0  2.7746278731421832e-06 
2016   2  27  17   0   0  3.1545088101188968e-06 
2016   2  27  17  30   0  7.0103623145714772e-06 
2016   2  27  18   0   0  7.1714445582560603e-06 
2016   2  27  18  30   0  7.0848636136571872e-06 
2016   2  27  19   0   0  7.7324905067318553e-06 
2016   2  27  19  30   0  7.3370524867882085e-06 
2016   2  27  20   0   0  6.1210768592166479e-06 
2016   2  27  20  30   0  5.7796514563525571e-06 
2016   2  27  21   0   0  5.3654408622561814e-06 
2016   2  27  21  30   0  5.6994707761865854e-06 
2016   2  27  22   0   0  4.7395964963484832e-06 
2016   2  27  22  30   0  5.2371388167065064e-06 
2016   2  27  23   0   0  5.1208660137306454e-06 
2016   2  27  23  30   0  4.4827692694088237e-06 
2016   2  28   0   0   0  2.8672901692101230e-05 
2016   2  28   0  30   0  2.6699968025743640e-05 
2016   2  28   1   0   0  2.4789007645508066e-05 
2016   2  28   1  30   0  2.0790048837290439e-05 
2016   2  28   2   0   0  1.7783244141728727e-05 
2016   2  28   2  30   0  1.6388288760509003e-05 
2016   2  28   3   0   0  1.7004599644004273e-05 
2016   2  28   3  30   0  1.5947376885546563e-05 
2016   2  28   4   0   0  1.8798806552291408e-05 
2016   2  28   4  30   0  2.0504704733832328e-05 
2016   2  28   5   0   0  2.1022832263652787e-05 
2016   2  28   5  30   0  2.2333749345598374e-05 
2016   2  28   6   0   0  2.3531243435859431e-05 
2016   2  28   6  30   0  2.6772354063791839e-05 
2016   2  28   7   0   0  2.6136894730334373e-05 
2016   2  28   7  30   0  2.7534195887697201e-05 
2016   2  28   8   0   0  2.7092033204838372e-05 
2016   2  28   8  30   0  3.1313122408545759e-05 
2016   2  28   9   0   0  2.5707716136037596e-05 
2016   2  28   9  30   0  1.8628200112965097e-05 
2016   2  28  10   0   0  1.5163544826179474e-05 
2016   2  28  10  30   0  1.5380863464000267e-05 
2016   2  28  11   0   0  1.5170516891306858e-05 
2016   2  28  11  30   0  1.2828371229792349e-05 
2016   2  28  12   0   0  1.5363075036954896e-05 
2016   2  28  12  30   0  1.4398486758550177e-05 
2016   2  28  13   0   0  1.1710169665153688e-05 
2016   2  28  13  30   0  9.6009711121788979e-06 
2016   2  28  14   0   0  8.1974439616908996e-06 
2016   2  28  14  30   0  1.0230562485147048e-05 
2016   2  28  15   0   0  1.3535738896549427e-05 
2016   2  28  15  30   0  1.3260856609691639e-05 
2016   2  28  16   0   0  1.6417256376771225e-05 
2016   2  28  16  30   0  1.6334070771865961e-05 
2016   2  28  17   0   0  1.5550677926778918e-05 
2016   2  28  17  30   0  1.6641638327662753e-05 
2016   2  28  18   0   0  1.2749830787404099e-05 
2016   2  28  18  30   0  1.3974068677828167e-05 
2016   2  28  19   0   0  1.3900018271983192e-05 
2016   2  28  19  30   0  1.3532055024215881e-05 
2016   2  28  20   0   0  1.2721743009182039e-05 
2016   2  28  20  30   0  1.4925066282392679e-05 
2016   2  28  21   0   0  1.7403216370545317e-05 
2016   2  28  21  30   0  1.9785121546012500e-05 
2016   2  28  22   0   0  2.0505034131462943e-05 
2016   2  28  22  30   0  2.2666693867268041e-05 
2016   2  28  23   0   0  2.2140551052377023e-05 
2016   2  28  23  30   0  2.2073601422169838e-05 
2016   2  29   0   0   0  1.8124393929804112e-05 
2016   2  29   0  30   0  1.8402794433077486e-05 
2016   2  29   1   0   0  1.8193200407383126e-05 
2016   2  29   1  30   0  1.8019592904967606e-05 
2016   2  29   2   0   0  1.7881441583732085e-05 
2016   2  29   2  30   0  1.7822082252026814e-05 
2016   2  29   3   0   0  1.7822874866522695e-05 
2016   2  29   3  30   0  1.7852152133992359e-05 
2016   2  29   4   0   0  1.7869449123583956e-05 
2016   2  29   4  30   0  1.7908675087625533e-05 
2016   2  29   5   0   0  1.7890509139367043e-05 
2016   2  29   5  30   0  1.7837158208867755e-05 
2016   2  29   6   0   0  1.7772144452647650e-05 
2016   2  29   6  30   0  1.7679050475240495e-05 
2016   2  29   7   0   0  1.7559617965840106e-05 
2016   2  29   7  30   0  1.7371602943432930e-05 
2016   2  29   8   0   0  1.7192719437577797e-05 
2016   2  29   8  30   0  1.6981668897779443e-05 
2016   2  29   9   0   0  1.6775334932329258e-05 
2016   2  29   9  30   0  1.6478645391998308e-05 
2016   2  29  10   0   0  1.6290297009466895e-05 
2016   2  29  10  30   0  1.6242584701232237e-05 
2016   2  29  11   0   0  1.6264605923172089e-05 
2016   2  29  11  30   0  1.6282641483563348e-05 
2016   2  29  12   0   0  1.6305337903813481e-05 
2016   2  29  12  30   0  1.6376296407364934e-05 
2016   2  29  13   0   0  1.6396974394516161e-05 
2016   2  29  13  30   0  1.6437759856474649e-05 
2016   2  29  14   0   0  1.6534241288950586e-05 
2016   2  29  14  30   0  1.6675736598680619e-05 
2016   2  29  15   0   0  1.6848762979027348e-05 
2016   2  29  15  30   0  1.6983828295228988e-05 
2016   2  29  16   0   0  1.7054197466630612e-05 
2016   2  29  16  30   0  1.7131612586159979e-05 
2016   2  29  17   0   0  1.7146191284310770e-05 
2016   2  29  17  30   0  1.7162765172319846e-05 
2016   2  29  18   0   0  1.7195664912024766e-05 
2016   2  29  18  30   0  1.7206971577011746e-05 
2016   2  29  19   0   0  1.7297933633942517e-05 
2016   2  29  19  30   0  1.7365767612638729e-05 
2016   2  29  20   0   0  1.7436497191019452e-05 
2016   2  29  20  30   0  1.7516179684219523e-05 
2016   2  29  21   0   0  1.7614025330648858e-05 
2016   2  29  21  30   0  1.7668902045919392e-05 
2016   2  29  22   0   0  1.7674324202559679e-05 
2016   2  29  22  30   0  1.7631246705754520e-05 
2016   2  29  23   0   0  1.7572597982780880e-05 
2016   2  29  23  30   0  1.7468636842281142e-05 
2016   3   1   0   0   0  1.7468636842281142e-05 
