   0   0   0   0   0   0  0.001741 
2016   2   1   0   0   0  1.7407538998885192e-03 
2016   2   1   0  30   0  1.6006483946385732e-03 
2016   2   1   1   0   0  1.4916079845071325e-03 
2016   2   1   1  30   0  1.4790884838234216e-03 
2016   2   1   2   0   0  1.5826582924686752e-03 
2016   2   1   2  30   0  1.5473600211156251e-03 
2016   2   1   3   0   0  1.5258065859979730e-03 
2016   2   1   3  30   0  1.5170515544711306e-03 
2016   2   1   4   0   0  1.4216984891040469e-03 
2016   2   1   4  30   0  1.3336032628998855e-03 
2016   2   1   5   0   0  1.3187588439579827e-03 
2016   2   1   5  30   0  1.3285925849921176e-03 
2016   2   1   6   0   0  1.3030735197404556e-03 
2016   2   1   6  30   0  1.3668800797987531e-03 
2016   2   1   7   0   0  1.3667951731778593e-03 
2016   2   1   7  30   0  1.3795125407071080e-03 
2016   2   1   8   0   0  1.3494252698439528e-03 
2016   2   1   8  30   0  1.3921601962560406e-03 
2016   2   1   9   0   0  1.4366075121946572e-03 
2016   2   1   9  30   0  1.5006054191521404e-03 
2016   2   1  10   0   0  1.4499932542123128e-03 
2016   2   1  10  30   0  1.5384818455823227e-03 
2016   2   1  11   0   0  1.6553074711501685e-03 
2016   2   1  11  30   0  1.7163076576046027e-03 
2016   2   1  12   0   0  1.7178925718500956e-03 
2016   2   1  12  30   0  1.7129051630768448e-03 
2016   2   1  13   0   0  1.9262322237196343e-03 
2016   2   1  13  30   0  2.0782901041929368e-03 
2016   2   1  14   0   0  2.1466686153226383e-03 
2016   2   1  14  30   0  2.6061752123103842e-03 
2016   2   1  15   0   0  2.8002806573203115e-03 
2016   2   1  15  30   0  2.4940726858073683e-03 
2016   2   1  16   0   0  2.4227620748533138e-03 
2016   2   1  16  30   0  2.5332284143611168e-03 
2016   2   1  17   0   0  2.0890264314292113e-03 
2016   2   1  17  30   0  1.9301939885305705e-03 
2016   2   1  18   0   0  2.0291220645902862e-03 
2016   2   1  18  30   0  1.9864511084359670e-03 
2016   2   1  19   0   0  2.0775321819820496e-03 
2016   2   1  19  30   0  2.3458877881593542e-03 
2016   2   1  20   0   0  2.7422427498000374e-03 
2016   2   1  20  30   0  3.1707553105962613e-03 
2016   2   1  21   0   0  2.9097848310761223e-03 
2016   2   1  21  30   0  2.3274383530753461e-03 
2016   2   1  22   0   0  1.9694392249054262e-03 
2016   2   1  22  30   0  1.6676985485086485e-03 
2016   2   1  23   0   0  1.5799180963011346e-03 
2016   2   1  23  30   0  1.5327504925771718e-03 
2016   2   2   0   0   0  1.5233830408706501e-03 
2016   2   2   0  30   0  1.5891352498036038e-03 
2016   2   2   1   0   0  1.6641205483512219e-03 
2016   2   2   1  30   0  1.5224879152355374e-03 
2016   2   2   2   0   0  1.4457030014180037e-03 
2016   2   2   2  30   0  1.3277966103733346e-03 
2016   2   2   3   0   0  1.2633881084680701e-03 
2016   2   2   3  30   0  1.2414798642438084e-03 
2016   2   2   4   0   0  1.2294751278373321e-03 
2016   2   2   4  30   0  1.2209680866768617e-03 
2016   2   2   5   0   0  1.0386904710282434e-03 
2016   2   2   5  30   0  8.2108495774794272e-04 
2016   2   2   6   0   0  1.0312872827125208e-03 
2016   2   2   6  30   0  1.2893067428785773e-03 
2016   2   2   7   0   0  1.1996128307421828e-03 
2016   2   2   7  30   0  8.8151045869684294e-04 
2016   2   2   8   0   0  7.4673574214695478e-04 
2016   2   2   8  30   0  7.1938429179652737e-04 
2016   2   2   9   0   0  7.2664207532443723e-04 
2016   2   2   9  30   0  7.2799521869885649e-04 
2016   2   2  10   0   0  7.4415298742767444e-04 
2016   2   2  10  30   0  8.6452751732448568e-04 
2016   2   2  11   0   0  1.5855863891993016e-03 
2016   2   2  11  30   0  1.7155415994807555e-03 
2016   2   2  12   0   0  1.0101704957463146e-03 
2016   2   2  12  30   0  9.5602948716018367e-04 
2016   2   2  13   0   0  8.2703750274811352e-04 
2016   2   2  13  30   0  7.4392869684804675e-04 
2016   2   2  14   0   0  6.5950720092329790e-04 
2016   2   2  14  30   0  6.7186911532737760e-04 
2016   2   2  15   0   0  9.9418903809039036e-04 
2016   2   2  15  30   0  1.1583409653490276e-03 
2016   2   2  16   0   0  1.2304159644640350e-03 
2016   2   2  16  30   0  1.3730252897699194e-03 
2016   2   2  17   0   0  1.4128271006327488e-03 
2016   2   2  17  30   0  1.2336266431910072e-03 
2016   2   2  18   0   0  1.0119901531608687e-03 
2016   2   2  18  30   0  1.0800264657096965e-03 
2016   2   2  19   0   0  1.2295854544139661e-03 
2016   2   2  19  30   0  1.3136159936550256e-03 
2016   2   2  20   0   0  1.3278028797694566e-03 
2016   2   2  20  30   0  1.4182947341073110e-03 
2016   2   2  21   0   0  1.4327050728262787e-03 
2016   2   2  21  30   0  1.3998270449505092e-03 
2016   2   2  22   0   0  1.1438655164946621e-03 
2016   2   2  22  30   0  1.2627507410898401e-03 
2016   2   2  23   0   0  1.5281000704682590e-03 
2016   2   2  23  30   0  1.3236109442810251e-03 
2016   2   3   0   0   0  1.1523741277982686e-03 
2016   2   3   0  30   0  1.2355621508734547e-03 
2016   2   3   1   0   0  1.2022032118716550e-03 
2016   2   3   1  30   0  1.3288890771680885e-03 
2016   2   3   2   0   0  1.2331367007469864e-03 
2016   2   3   2  30   0  1.2002148265373373e-03 
2016   2   3   3   0   0  1.1664761996655949e-03 
2016   2   3   3  30   0  1.1595632694472475e-03 
2016   2   3   4   0   0  1.1992544296770507e-03 
2016   2   3   4  30   0  1.2830605791584982e-03 
2016   2   3   5   0   0  1.3508203237961975e-03 
2016   2   3   5  30   0  1.4238928454276968e-03 
2016   2   3   6   0   0  1.5191597395688692e-03 
2016   2   3   6  30   0  1.9553831801732494e-03 
2016   2   3   7   0   0  2.1605773360402277e-03 
2016   2   3   7  30   0  4.4528826028993459e-03 
2016   2   3   8   0   0  2.2148048709101946e-03 
2016   2   3   8  30   0  2.2141916491221470e-03 
2016   2   3   9   0   0  1.9768246266778284e-03 
2016   2   3   9  30   0  2.0619458453558074e-03 
2016   2   3  10   0   0  1.9973254089082474e-03 
2016   2   3  10  30   0  1.9242343527080266e-03 
2016   2   3  11   0   0  2.2299311886769414e-03 
2016   2   3  11  30   0  1.9280044675211421e-03 
2016   2   3  12   0   0  1.6223378486806106e-03 
2016   2   3  12  30   0  1.4649413453720348e-03 
2016   2   3  13   0   0  1.4069991544360411e-03 
2016   2   3  13  30   0  1.2739625057684443e-03 
2016   2   3  14   0   0  1.1920732150069214e-03 
2016   2   3  14  30   0  1.2324330546398864e-03 
2016   2   3  15   0   0  1.4341166675469785e-03 
2016   2   3  15  30   0  1.4257055360511613e-03 
2016   2   3  16   0   0  1.0556707408032450e-03 
2016   2   3  16  30   0  1.0384060902513008e-03 
2016   2   3  17   0   0  1.1279180750978963e-03 
2016   2   3  17  30   0  1.2081185143100297e-03 
2016   2   3  18   0   0  1.3110056822324648e-03 
2016   2   3  18  30   0  1.2620901202147414e-03 
2016   2   3  19   0   0  1.6090703068841340e-03 
2016   2   3  19  30   0  1.6925051657298833e-03 
2016   2   3  20   0   0  1.5673635711831052e-03 
2016   2   3  20  30   0  1.1958824623511200e-03 
2016   2   3  21   0   0  1.3677504772348532e-03 
2016   2   3  21  30   0  1.4131870050242078e-03 
2016   2   3  22   0   0  1.4239374530932677e-03 
2016   2   3  22  30   0  1.0089311853307874e-03 
2016   2   3  23   0   0  9.3265611817296243e-04 
2016   2   3  23  30   0  7.2800840727463159e-04 
2016   2   4   0   0   0  6.2371034712163794e-04 
2016   2   4   0  30   0  7.2002935199651805e-04 
2016   2   4   1   0   0  4.5132250558113337e-04 
2016   2   4   1  30   0  5.5694136476047414e-04 
2016   2   4   2   0   0  6.6275725691582340e-04 
2016   2   4   2  30   0  6.9538367752018573e-04 
2016   2   4   3   0   0  6.5138028562761435e-04 
2016   2   4   3  30   0  7.6475827177451916e-04 
2016   2   4   4   0   0  8.2954113396521397e-04 
2016   2   4   4  30   0  9.0130514342758343e-04 
2016   2   4   5   0   0  1.1191007224047066e-03 
2016   2   4   5  30   0  1.1032854683739799e-03 
2016   2   4   6   0   0  9.3232886258833893e-04 
2016   2   4   6  30   0  1.0737913207542844e-03 
2016   2   4   7   0   0  1.0350248203582972e-03 
2016   2   4   7  30   0  9.9638829532701996e-04 
2016   2   4   8   0   0  9.3627512037591017e-04 
2016   2   4   8  30   0  9.1802327763729707e-04 
2016   2   4   9   0   0  9.3842227682264592e-04 
2016   2   4   9  30   0  1.3154215172760432e-03 
2016   2   4  10   0   0  1.1358292918361684e-03 
2016   2   4  10  30   0  1.3361983934283546e-03 
2016   2   4  11   0   0  1.5150828764322923e-03 
2016   2   4  11  30   0  1.3721217530730410e-03 
2016   2   4  12   0   0  1.3551806910988926e-03 
2016   2   4  12  30   0  1.4640680709728316e-03 
2016   2   4  13   0   0  1.3808931524317827e-03 
2016   2   4  13  30   0  1.0475617555705022e-03 
2016   2   4  14   0   0  1.0430484559648227e-03 
2016   2   4  14  30   0  1.1186217195599164e-03 
2016   2   4  15   0   0  1.0939911082949176e-03 
2016   2   4  15  30   0  1.0779031370608625e-03 
2016   2   4  16   0   0  1.0629742184137712e-03 
2016   2   4  16  30   0  1.1183288389246008e-03 
2016   2   4  17   0   0  1.6469774505382278e-03 
2016   2   4  17  30   0  1.3439458316866527e-03 
2016   2   4  18   0   0  1.7303149017299780e-03 
2016   2   4  18  30   0  1.8143427847904573e-03 
2016   2   4  19   0   0  1.7943816225963803e-03 
2016   2   4  19  30   0  1.5645523007061675e-03 
2016   2   4  20   0   0  1.2707207364042923e-03 
2016   2   4  20  30   0  9.6335446459770789e-04 
2016   2   4  21   0   0  8.5524215267672639e-04 
2016   2   4  21  30   0  8.9279052417036366e-04 
2016   2   4  22   0   0  8.4172870774495729e-04 
2016   2   4  22  30   0  8.8820491595694329e-04 
2016   2   4  23   0   0  9.1153387301270180e-04 
2016   2   4  23  30   0  1.0979307927081400e-03 
2016   2   5   0   0   0  1.0493626976108262e-03 
2016   2   5   0  30   0  9.1967980394516940e-04 
2016   2   5   1   0   0  8.4664071254648434e-04 
2016   2   5   1  30   0  8.9794443878373474e-04 
2016   2   5   2   0   0  8.7422440190653306e-04 
2016   2   5   2  30   0  9.1110075064364054e-04 
2016   2   5   3   0   0  1.0729364516347624e-03 
2016   2   5   3  30   0  1.5007887345505129e-03 
2016   2   5   4   0   0  1.4876939752019047e-03 
2016   2   5   4  30   0  1.0852629738044492e-03 
2016   2   5   5   0   0  1.1822311638472003e-03 
2016   2   5   5  30   0  1.3273388849184670e-03 
2016   2   5   6   0   0  1.4273805694805265e-03 
2016   2   5   6  30   0  1.7931111487181478e-03 
2016   2   5   7   0   0  2.0561393002651754e-03 
2016   2   5   7  30   0  2.1597661117096173e-03 
2016   2   5   8   0   0  1.9826526720758300e-03 
2016   2   5   8  30   0  1.3316568319316918e-03 
2016   2   5   9   0   0  1.0922089393259143e-03 
2016   2   5   9  30   0  8.4077863075063838e-04 
2016   2   5  10   0   0  6.7854352407402244e-04 
2016   2   5  10  30   0  6.3961638187150433e-04 
2016   2   5  11   0   0  6.5524257112410699e-04 
2016   2   5  11  30   0  6.2662382588071655e-04 
2016   2   5  12   0   0  6.7236682243560408e-04 
2016   2   5  12  30   0  7.7939945012839166e-04 
2016   2   5  13   0   0  1.0054169567510064e-03 
2016   2   5  13  30   0  1.2402765703511422e-03 
2016   2   5  14   0   0  1.4587685713937113e-03 
2016   2   5  14  30   0  1.0615613303111334e-03 
2016   2   5  15   0   0  1.3555865843447566e-03 
2016   2   5  15  30   0  1.5788372561730149e-03 
2016   2   5  16   0   0  1.8281169240415471e-03 
2016   2   5  16  30   0  1.8186479335050416e-03 
2016   2   5  17   0   0  1.6061014655626082e-03 
2016   2   5  17  30   0  1.2938519410985692e-03 
2016   2   5  18   0   0  1.3033066116882048e-03 
2016   2   5  18  30   0  1.3066958353070640e-03 
2016   2   5  19   0   0  1.1610839393314768e-03 
2016   2   5  19  30   0  1.2166144739226691e-03 
2016   2   5  20   0   0  1.3411783347957592e-03 
2016   2   5  20  30   0  1.4475872304929127e-03 
2016   2   5  21   0   0  1.3915195959160571e-03 
2016   2   5  21  30   0  1.2829980787581905e-03 
2016   2   5  22   0   0  1.2953960789381267e-03 
2016   2   5  22  30   0  1.2653653366520260e-03 
2016   2   5  23   0   0  1.3658885527302077e-03 
2016   2   5  23  30   0  1.3894705127758193e-03 
2016   2   6   0   0   0  1.3693753374188424e-03 
2016   2   6   0  30   0  1.3444266826181449e-03 
2016   2   6   1   0   0  1.3562556093070352e-03 
2016   2   6   1  30   0  1.3520988259137208e-03 
2016   2   6   2   0   0  1.3970204454110703e-03 
2016   2   6   2  30   0  1.4542404421411948e-03 
2016   2   6   3   0   0  1.4572221550817224e-03 
2016   2   6   3  30   0  1.4548558292084492e-03 
2016   2   6   4   0   0  1.4333910545029709e-03 
2016   2   6   4  30   0  1.5561386474255722e-03 
2016   2   6   5   0   0  1.6710521585152124e-03 
2016   2   6   5  30   0  2.0930395738521243e-03 
2016   2   6   6   0   0  2.2282288993355523e-03 
2016   2   6   6  30   0  2.2512351914006001e-03 
2016   2   6   7   0   0  2.0899633733532795e-03 
2016   2   6   7  30   0  2.0747756243393129e-03 
2016   2   6   8   0   0  1.8779248029695084e-03 
2016   2   6   8  30   0  2.1890337943240908e-03 
2016   2   6   9   0   0  2.2080570331267728e-03 
2016   2   6   9  30   0  2.1576299159663925e-03 
2016   2   6  10   0   0  1.5701201108571238e-03 
2016   2   6  10  30   0  1.4602201418630928e-03 
2016   2   6  11   0   0  1.3296271148728739e-03 
2016   2   6  11  30   0  1.0378709365819502e-03 
2016   2   6  12   0   0  3.9538725905336871e-05 
2016   2   6  12  30   0  3.6068922671926636e-05 
2016   2   6  13   0   0  4.9688199726991337e-05 
2016   2   6  13  30   0  6.4756579820479188e-05 
2016   2   6  14   0   0  6.1653858471718721e-05 
2016   2   6  14  30   0  6.8995918654480475e-05 
2016   2   6  15   0   0  7.2328473599992708e-05 
2016   2   6  15  30   0  7.5045608336679490e-05 
2016   2   6  16   0   0  7.8215081369275517e-05 
2016   2   6  16  30   0  8.9562348535327383e-05 
2016   2   6  17   0   0  1.0809454811870990e-04 
2016   2   6  17  30   0  9.4902864889829372e-05 
2016   2   6  18   0   0  8.5325176579136350e-05 
2016   2   6  18  30   0  8.1500980591980014e-05 
2016   2   6  19   0   0  7.0359477461532695e-05 
2016   2   6  19  30   0  5.3297328038771651e-05 
2016   2   6  20   0   0  3.7252288567078017e-05 
2016   2   6  20  30   0  2.0380305243779300e-05 
2016   2   6  21   0   0  1.7300921095410696e-05 
2016   2   6  21  30   0  1.1568301893020162e-05 
2016   2   6  22   0   0  1.6473583673489718e-05 
2016   2   6  22  30   0  1.1843565058234010e-05 
2016   2   6  23   0   0  1.1931189347568596e-05 
2016   2   6  23  30   0  8.1347358608879356e-06 
2016   2   7   0   0   0  6.7217144508711330e-05 
2016   2   7   0  30   0  7.3467962739762660e-05 
2016   2   7   1   0   0  7.7019234786569366e-05 
2016   2   7   1  30   0  7.9024570645240338e-05 
2016   2   7   2   0   0  6.8831775894919744e-05 
2016   2   7   2  30   0  8.0420662508461034e-05 
2016   2   7   3   0   0  1.1599681625583768e-04 
2016   2   7   3  30   0  8.8721015362667999e-05 
2016   2   7   4   0   0  9.0626436763040105e-05 
2016   2   7   4  30   0  9.7052282345168084e-05 
2016   2   7   5   0   0  8.5896411653287499e-05 
2016   2   7   5  30   0  1.4843464200224943e-04 
2016   2   7   6   0   0  1.5708601918034283e-04 
2016   2   7   6  30   0  1.7724716444304678e-04 
2016   2   7   7   0   0  2.0870475646670754e-04 
2016   2   7   7  30   0  1.9554023322305988e-04 
2016   2   7   8   0   0  1.9916937943055573e-04 
2016   2   7   8  30   0  2.0507964051368695e-04 
2016   2   7   9   0   0  1.9580693842963083e-04 
2016   2   7   9  30   0  2.2784246535005988e-04 
2016   2   7  10   0   0  2.1995332832808900e-04 
2016   2   7  10  30   0  1.4817022835411935e-04 
2016   2   7  11   0   0  7.6725469368151992e-05 
2016   2   7  11  30   0  6.0499496387908023e-05 
2016   2   7  12   0   0  5.1180168595034690e-05 
2016   2   7  12  30   0  6.5743784998607889e-05 
2016   2   7  13   0   0  1.4802746841404430e-04 
2016   2   7  13  30   0  3.8249470738333256e-04 
2016   2   7  14   0   0  8.1574566043530528e-04 
2016   2   7  14  30   0  1.1986991906121213e-03 
2016   2   7  15   0   0  1.3507706828077353e-03 
2016   2   7  15  30   0  1.4219719950398341e-03 
2016   2   7  16   0   0  1.6284087741429750e-03 
2016   2   7  16  30   0  1.8130880112864638e-03 
2016   2   7  17   0   0  1.8912066507177569e-03 
2016   2   7  17  30   0  1.9692848683602470e-03 
2016   2   7  18   0   0  1.9620591620705579e-03 
2016   2   7  18  30   0  2.0078730155885685e-03 
2016   2   7  19   0   0  2.1322336267834891e-03 
2016   2   7  19  30   0  1.4276586137324902e-03 
2016   2   7  20   0   0  1.5669670685468698e-03 
2016   2   7  20  30   0  1.4310049511696607e-03 
2016   2   7  21   0   0  1.3783302630820356e-03 
2016   2   7  21  30   0  1.4886268635247221e-03 
2016   2   7  22   0   0  1.3874828318622987e-03 
2016   2   7  22  30   0  1.3855043607541751e-03 
2016   2   7  23   0   0  1.3462570424561031e-03 
2016   2   7  23  30   0  1.4957287782356940e-03 
2016   2   8   0   0   0  3.8821960501427641e-05 
2016   2   8   0  30   0  5.7842996460582050e-05 
2016   2   8   1   0   0  7.0327732302027373e-05 
2016   2   8   1  30   0  7.6507825415153644e-05 
2016   2   8   2   0   0  7.7860269295876617e-05 
2016   2   8   2  30   0  7.8036299663163976e-05 
2016   2   8   3   0   0  7.5640765108162835e-05 
2016   2   8   3  30   0  7.9711030695098708e-05 
2016   2   8   4   0   0  8.0988743759851143e-05 
2016   2   8   4  30   0  8.3963424660608824e-05 
2016   2   8   5   0   0  8.6408543250807190e-05 
2016   2   8   5  30   0  9.0234058528698412e-05 
2016   2   8   6   0   0  9.3221113730919479e-05 
2016   2   8   6  30   0  8.3669745199916885e-05 
2016   2   8   7   0   0  6.3866182995585592e-05 
2016   2   8   7  30   0  5.5095994828616173e-05 
2016   2   8   8   0   0  4.6151492009388823e-05 
2016   2   8   8  30   0  3.2632569171650439e-05 
2016   2   8   9   0   0  3.0722602910497543e-05 
2016   2   8   9  30   0  1.5851423076141753e-02 
2016   2   8  10   0   0  1.4981610303603378e-02 
2016   2   8  10  30   0  1.3745148865987843e-02 
2016   2   8  11   0   0  1.2930656572506648e-02 
2016   2   8  11  30   0  1.2373743871242038e-02 
2016   2   8  12   0   0  1.0964488538431641e-02 
2016   2   8  12  30   0  9.6474563043945152e-03 
2016   2   8  13   0   0  9.2293597644423839e-03 
2016   2   8  13  30   0  9.0601514553771828e-03 
2016   2   8  14   0   0  8.8487085773204088e-03 
2016   2   8  14  30   0  8.6912290370257262e-03 
2016   2   8  15   0   0  8.1890457996462284e-03 
2016   2   8  15  30   0  7.6170935809861300e-03 
2016   2   8  16   0   0  7.0425522851854843e-03 
2016   2   8  16  30   0  6.4661423701116456e-03 
2016   2   8  17   0   0  5.8748246040970240e-03 
2016   2   8  17  30   0  5.1316298035768253e-03 
2016   2   8  18   0   0  4.7460403566515260e-03 
2016   2   8  18  30   0  4.7930907377957896e-03 
2016   2   8  19   0   0  4.8399234191759451e-03 
2016   2   8  19  30   0  4.6555835945614474e-03 
2016   2   8  20   0   0  4.3149515478723239e-03 
2016   2   8  20  30   0  4.1254988517957780e-03 
2016   2   8  21   0   0  4.6287025890645707e-03 
2016   2   8  21  30   0  4.4448509376257628e-03 
2016   2   8  22   0   0  4.4311343676648410e-03 
2016   2   8  22  30   0  5.1225561487450999e-03 
2016   2   8  23   0   0  6.0470434413832479e-03 
2016   2   8  23  30   0  7.1836408059681557e-03 
2016   2   9   0   0   0  7.8952903424116191e-03 
2016   2   9   0  30   0  8.4270725790693401e-03 
2016   2   9   1   0   0  8.6313769871774627e-03 
2016   2   9   1  30   0  8.3590268285348556e-03 
2016   2   9   2   0   0  7.9961471394251107e-03 
2016   2   9   2  30   0  7.5040362557376086e-03 
2016   2   9   3   0   0  7.2363135404031349e-03 
2016   2   9   3  30   0  7.1873212017507073e-03 
2016   2   9   4   0   0  7.1078029425465416e-03 
2016   2   9   4  30   0  6.6972974937232459e-03 
2016   2   9   5   0   0  6.1659491198537671e-03 
2016   2   9   5  30   0  5.9527589243933985e-03 
2016   2   9   6   0   0  6.1338115612369288e-03 
2016   2   9   6  30   0  6.9548264466394727e-03 
2016   2   9   7   0   0  8.0658775809341974e-03 
2016   2   9   7  30   0  8.2181924902805913e-03 
2016   2   9   8   0   0  8.4039843994407424e-03 
2016   2   9   8  30   0  8.6114110187212097e-03 
2016   2   9   9   0   0  7.4922487486957763e-03 
2016   2   9   9  30   0  7.1178044802414388e-03 
2016   2   9  10   0   0  7.0358356924843770e-03 
2016   2   9  10  30   0  7.1674413612484904e-03 
2016   2   9  11   0   0  7.8332120362742605e-03 
2016   2   9  11  30   0  8.1565024175648069e-03 
2016   2   9  12   0   0  8.4168477719946226e-03 
2016   2   9  12  30   0  8.3452291388760313e-03 
2016   2   9  13   0   0  7.9683901883564473e-03 
2016   2   9  13  30   0  7.7782612442651349e-03 
2016   2   9  14   0   0  7.8555404489787511e-03 
2016   2   9  14  30   0  7.4986357956925639e-03 
2016   2   9  15   0   0  7.1421713871674336e-03 
2016   2   9  15  30   0  5.8778107787000461e-03 
2016   2   9  16   0   0  5.1025890418928913e-03 
2016   2   9  16  30   0  4.7579522105239544e-03 
2016   2   9  17   0   0  4.2413010395246555e-03 
2016   2   9  17  30   0  3.9020607221609922e-03 
2016   2   9  18   0   0  3.7467085871011750e-03 
2016   2   9  18  30   0  3.3876802750390251e-03 
2016   2   9  19   0   0  2.8142105471199216e-03 
2016   2   9  19  30   0  2.3972845758787427e-03 
2016   2   9  20   0   0  1.9549252005196150e-03 
2016   2   9  20  30   0  1.6052463368483433e-03 
2016   2   9  21   0   0  1.1528645850091355e-03 
2016   2   9  21  30   0  9.4309068789717461e-04 
2016   2   9  22   0   0  8.4817678762637077e-04 
2016   2   9  22  30   0  8.8840199050775528e-04 
2016   2   9  23   0   0  7.8063599802656559e-04 
2016   2   9  23  30   0  7.0351385184558258e-04 
2016   2  10   0   0   0  8.1455233017160400e-04 
2016   2  10   0  30   0  9.1243192201109237e-04 
2016   2  10   1   0   0  1.0284866240543682e-03 
2016   2  10   1  30   0  9.3527322774571424e-04 
2016   2  10   2   0   0  9.8620327450166679e-04 
2016   2  10   2  30   0  1.0157312890030337e-03 
2016   2  10   3   0   0  9.3930619823350805e-04 
2016   2  10   3  30   0  9.4049928311681560e-04 
2016   2  10   4   0   0  8.4809741736175629e-04 
2016   2  10   4  30   0  9.3252537341486979e-04 
2016   2  10   5   0   0  9.8697745096022228e-04 
2016   2  10   5  30   0  9.6993432353537166e-04 
2016   2  10   6   0   0  1.0932228594038975e-03 
2016   2  10   6  30   0  9.8942500481959974e-04 
2016   2  10   7   0   0  9.1706993378032147e-04 
2016   2  10   7  30   0  1.1327003033554368e-03 
2016   2  10   8   0   0  1.1886422090497185e-03 
2016   2  10   8  30   0  1.0992650669643068e-03 
2016   2  10   9   0   0  1.4437773395462546e-03 
2016   2  10   9  30   0  2.3893308158660625e-03 
2016   2  10  10   0   0  2.8910120736856952e-03 
2016   2  10  10  30   0  3.3010405061428137e-03 
2016   2  10  11   0   0  3.6494727161073930e-03 
2016   2  10  11  30   0  3.7772582670950170e-03 
2016   2  10  12   0   0  4.6892964857795849e-03 
2016   2  10  12  30   0  5.2512164028572271e-03 
2016   2  10  13   0   0  4.3515210812075430e-03 
2016   2  10  13  30   0  3.9293277737733447e-03 
2016   2  10  14   0   0  3.2771806422296130e-03 
2016   2  10  14  30   0  2.8162964308931591e-03 
2016   2  10  15   0   0  2.4189453617686377e-03 
2016   2  10  15  30   0  2.1657345084473475e-03 
2016   2  10  16   0   0  2.2941663318619761e-03 
2016   2  10  16  30   0  2.6863563884329403e-03 
2016   2  10  17   0   0  4.0453200753728814e-03 
2016   2  10  17  30   0  4.4860094288757431e-03 
2016   2  10  18   0   0  4.3564508181735033e-03 
2016   2  10  18  30   0  5.2038236172381562e-03 
2016   2  10  19   0   0  7.0454083332434792e-03 
2016   2  10  19  30   0  7.2054982930401393e-03 
2016   2  10  20   0   0  7.7620437088898901e-03 
2016   2  10  20  30   0  8.6166743529300805e-03 
2016   2  10  21   0   0  9.2542349940738181e-03 
2016   2  10  21  30   0  1.0349071438399880e-02 
2016   2  10  22   0   0  1.0867333634398450e-02 
2016   2  10  22  30   0  1.0445928917445719e-02 
2016   2  10  23   0   0  8.9444756629643903e-03 
2016   2  10  23  30   0  8.2513321294561490e-03 
2016   2  11   0   0   0  8.3119905649736633e-03 
2016   2  11   0  30   0  6.7152819386738392e-03 
2016   2  11   1   0   0  5.0937022243895290e-03 
2016   2  11   1  30   0  3.4399020060711639e-03 
2016   2  11   2   0   0  2.7486849591215135e-03 
2016   2  11   2  30   0  2.3329564688648612e-03 
2016   2  11   3   0   0  2.3763217945854641e-03 
2016   2  11   3  30   0  1.9574254758553435e-03 
2016   2  11   4   0   0  1.9040544049698275e-03 
2016   2  11   4  30   0  1.8878305292372155e-03 
2016   2  11   5   0   0  2.0236784254956670e-03 
2016   2  11   5  30   0  2.0620577517290388e-03 
2016   2  11   6   0   0  1.9251263028792875e-03 
2016   2  11   6  30   0  1.9005924474533439e-03 
2016   2  11   7   0   0  1.8540287646355391e-03 
2016   2  11   7  30   0  1.8097621230997820e-03 
2016   2  11   8   0   0  2.1135888497532600e-03 
2016   2  11   8  30   0  1.8963758022547701e-03 
2016   2  11   9   0   0  2.0076001835005308e-03 
2016   2  11   9  30   0  2.0305710376271151e-03 
2016   2  11  10   0   0  1.5727869204670317e-03 
2016   2  11  10  30   0  1.5330797286089760e-03 
2016   2  11  11   0   0  1.7568226804446615e-03 
2016   2  11  11  30   0  1.8592996327767035e-03 
2016   2  11  12   0   0  1.9491902409059770e-03 
2016   2  11  12  30   0  1.0672464188277376e-02 
2016   2  11  13   0   0  6.4011627641650847e-03 
2016   2  11  13  30   0  2.9899073874169384e-03 
2016   2  11  14   0   0  5.7672884572341409e-03 
2016   2  11  14  30   0  3.5378401471919448e-03 
2016   2  11  15   0   0  2.4340538641554246e-03 
2016   2  11  15  30   0  2.5145410521219837e-03 
2016   2  11  16   0   0  2.9070734839103671e-03 
2016   2  11  16  30   0  3.3116578845168651e-03 
2016   2  11  17   0   0  4.7527301106863908e-03 
2016   2  11  17  30   0  5.9258815116650645e-03 
2016   2  11  18   0   0  4.7274899304889512e-03 
2016   2  11  18  30   0  4.3576772890790323e-03 
2016   2  11  19   0   0  7.0193271418947318e-03 
2016   2  11  19  30   0  5.7825044393645161e-03 
2016   2  11  20   0   0  5.9131949126957342e-03 
2016   2  11  20  30   0  6.4543591286563545e-03 
2016   2  11  21   0   0  6.8275335018654687e-03 
2016   2  11  21  30   0  5.7149671926831980e-03 
2016   2  11  22   0   0  4.9629542067989594e-03 
2016   2  11  22  30   0  4.0045306073294359e-03 
2016   2  11  23   0   0  3.9581784805063549e-03 
2016   2  11  23  30   0  3.9656790736070603e-03 
2016   2  12   0   0   0  3.5214898320049294e-03 
2016   2  12   0  30   0  3.0129556035756052e-03 
2016   2  12   1   0   0  2.8557812563553666e-03 
2016   2  12   1  30   0  3.0996977587965944e-03 
2016   2  12   2   0   0  3.5149028550314773e-03 
2016   2  12   2  30   0  3.6070280329074346e-03 
2016   2  12   3   0   0  3.2066576601337965e-03 
2016   2  12   3  30   0  2.9687592991843267e-03 
2016   2  12   4   0   0  2.5805815147151774e-03 
2016   2  12   4  30   0  2.2298269199903333e-03 
2016   2  12   5   0   0  2.1102219643811195e-03 
2016   2  12   5  30   0  2.1691090763427544e-03 
2016   2  12   6   0   0  2.2205437868692262e-03 
2016   2  12   6  30   0  2.2206256791512191e-03 
2016   2  12   7   0   0  2.0644891218152572e-03 
2016   2  12   7  30   0  2.0715553479292298e-03 
2016   2  12   8   0   0  2.0738202509198423e-03 
2016   2  12   8  30   0  2.1001003459119589e-03 
2016   2  12   9   0   0  2.1490933275278030e-03 
2016   2  12   9  30   0  2.0760994000374369e-03 
2016   2  12  10   0   0  1.8558356015793958e-03 
2016   2  12  10  30   0  1.9348177532669852e-03 
2016   2  12  11   0   0  2.1150184539113562e-03 
2016   2  12  11  30   0  2.5670368597254210e-03 
2016   2  12  12   0   0  2.9820755514586594e-03 
2016   2  12  12  30   0  2.9972288612900729e-03 
2016   2  12  13   0   0  3.1247985967320304e-03 
2016   2  12  13  30   0  3.1284508535586041e-03 
2016   2  12  14   0   0  3.0723117028272269e-03 
2016   2  12  14  30   0  2.8169816976275322e-03 
2016   2  12  15   0   0  2.6006997994264497e-03 
2016   2  12  15  30   0  2.3779062364900783e-03 
2016   2  12  16   0   0  2.3640517482553061e-03 
2016   2  12  16  30   0  2.2407464894995443e-03 
2016   2  12  17   0   0  2.1142150246662664e-03 
2016   2  12  17  30   0  2.0509492519389062e-03 
2016   2  12  18   0   0  2.0220845888464897e-03 
2016   2  12  18  30   0  1.8982389480631430e-03 
2016   2  12  19   0   0  1.1884978659305592e-03 
2016   2  12  19  30   0  8.6330830760639209e-04 
2016   2  12  20   0   0  1.0841237654892727e-03 
2016   2  12  20  30   0  1.0060854711710441e-03 
2016   2  12  21   0   0  4.8791087627637024e-04 
2016   2  12  21  30   0  5.0465256661550242e-04 
2016   2  12  22   0   0  5.6767581663074026e-04 
2016   2  12  22  30   0  6.3390858725594502e-04 
2016   2  12  23   0   0  5.9688345534355831e-04 
2016   2  12  23  30   0  5.4058340447093686e-04 
2016   2  13   0   0   0  7.0966557856451569e-04 
2016   2  13   0  30   0  6.3918868493840521e-04 
2016   2  13   1   0   0  6.3211038178496851e-04 
2016   2  13   1  30   0  5.8864209008481364e-04 
2016   2  13   2   0   0  6.2880033449969508e-04 
2016   2  13   2  30   0  8.0075153658897143e-04 
2016   2  13   3   0   0  9.0888748300207490e-04 
2016   2  13   3  30   0  9.2769747315854425e-04 
2016   2  13   4   0   0  9.9719887973287956e-04 
2016   2  13   4  30   0  1.0935398276095533e-03 
2016   2  13   5   0   0  1.1763515534124868e-03 
2016   2  13   5  30   0  1.1790018554432950e-03 
2016   2  13   6   0   0  1.1990689521207993e-03 
2016   2  13   6  30   0  9.4937437803159952e-04 
2016   2  13   7   0   0  9.2368325511433874e-04 
2016   2  13   7  30   0  8.7008496242011086e-04 
2016   2  13   8   0   0  7.9778503652520850e-04 
2016   2  13   8  30   0  6.8434297754492663e-04 
2016   2  13   9   0   0  5.5766469863668846e-04 
2016   2  13   9  30   0  5.4178491829574231e-04 
2016   2  13  10   0   0  6.5271866078865193e-04 
2016   2  13  10  30   0  2.9470227656538802e-03 
2016   2  13  11   0   0  1.2853476627864313e-03 
2016   2  13  11  30   0  1.2673706557518856e-03 
2016   2  13  12   0   0  1.4764627864121268e-03 
2016   2  13  12  30   0  1.5322881677748783e-03 
2016   2  13  13   0   0  9.8740107004716810e-04 
2016   2  13  13  30   0  8.6547090176903436e-04 
2016   2  13  14   0   0  8.5785178404220721e-04 
2016   2  13  14  30   0  9.1373474328471397e-04 
2016   2  13  15   0   0  1.0109211333023255e-03 
2016   2  13  15  30   0  1.5256733932217683e-03 
2016   2  13  16   0   0  1.6519036714801570e-03 
2016   2  13  16  30   0  1.5341785911363052e-03 
2016   2  13  17   0   0  1.1426157703432359e-03 
2016   2  13  17  30   0  1.0730206440766345e-03 
2016   2  13  18   0   0  1.3805469333273051e-03 
2016   2  13  18  30   0  1.6550844987700754e-03 
2016   2  13  19   0   0  1.9050519291826254e-03 
2016   2  13  19  30   0  1.8389906149523278e-03 
2016   2  13  20   0   0  1.8109944650709241e-03 
2016   2  13  20  30   0  1.8363619767227583e-03 
2016   2  13  21   0   0  1.6617697269088131e-03 
2016   2  13  21  30   0  4.9578208652110260e-03 
2016   2  13  22   0   0  2.1685858746298024e-03 
2016   2  13  22  30   0  1.8374817416916237e-03 
2016   2  13  23   0   0  1.7659153007367609e-03 
2016   2  13  23  30   0  2.0453546975528055e-03 
2016   2  14   0   0   0  2.3036875803985465e-03 
2016   2  14   0  30   0  2.8095986405534787e-03 
2016   2  14   1   0   0  3.2405763005827191e-03 
2016   2  14   1  30   0  3.3262059799888917e-03 
2016   2  14   2   0   0  3.7089070048854007e-03 
2016   2  14   2  30   0  4.5556957564639906e-03 
2016   2  14   3   0   0  6.0948873239125515e-03 
2016   2  14   3  30   0  7.1891454251060980e-03 
2016   2  14   4   0   0  8.5532825976219178e-03 
2016   2  14   4  30   0  8.7191644594441370e-03 
2016   2  14   5   0   0  8.5685421701415139e-03 
2016   2  14   5  30   0  7.9865080921841646e-03 
2016   2  14   6   0   0  7.8200959694580737e-03 
2016   2  14   6  30   0  7.0416749188640460e-03 
2016   2  14   7   0   0  6.2083440441217178e-03 
2016   2  14   7  30   0  5.5551332740377051e-03 
2016   2  14   8   0   0  5.1755475709077412e-03 
2016   2  14   8  30   0  5.1321136789428618e-03 
2016   2  14   9   0   0  5.1486186171408703e-03 
2016   2  14   9  30   0  5.0219880603462486e-03 
2016   2  14  10   0   0  5.0341873442285431e-03 
2016   2  14  10  30   0  4.9694694155324329e-03 
2016   2  14  11   0   0  4.2726190862487946e-03 
2016   2  14  11  30   0  3.9887722226038570e-03 
2016   2  14  12   0   0  3.7605565408422199e-03 
2016   2  14  12  30   0  3.7067422813178699e-03 
2016   2  14  13   0   0  3.5211884201386424e-03 
2016   2  14  13  30   0  3.7873139522957566e-03 
2016   2  14  14   0   0  3.2300151059810067e-03 
2016   2  14  14  30   0  3.0904231428563280e-03 
2016   2  14  15   0   0  3.1035354491470569e-03 
2016   2  14  15  30   0  2.9017016847696668e-03 
2016   2  14  16   0   0  2.9595224818220844e-03 
2016   2  14  16  30   0  2.8942940833636523e-03 
2016   2  14  17   0   0  2.9120072966565239e-03 
2016   2  14  17  30   0  3.2049326520411426e-03 
2016   2  14  18   0   0  3.7973122939331458e-03 
2016   2  14  18  30   0  3.4563154944227611e-03 
2016   2  14  19   0   0  3.9833368450607892e-03 
2016   2  14  19  30   0  3.3132940524871575e-03 
2016   2  14  20   0   0  3.2698340006350837e-03 
2016   2  14  20  30   0  3.8050804959217895e-03 
2016   2  14  21   0   0  3.5516584342171809e-03 
2016   2  14  21  30   0  3.5743630773814148e-03 
2016   2  14  22   0   0  3.4080407241302993e-03 
2016   2  14  22  30   0  3.2885321592664774e-03 
2016   2  14  23   0   0  3.0055741131297291e-03 
2016   2  14  23  30   0  3.2755738535794172e-03 
2016   2  15   0   0   0  2.6768110372130502e-03 
2016   2  15   0  30   0  2.6435726958871425e-03 
2016   2  15   1   0   0  2.6603895341012146e-03 
2016   2  15   1  30   0  2.5968576804937466e-03 
2016   2  15   2   0   0  2.6036657084814851e-03 
2016   2  15   2  30   0  2.7875704357771540e-03 
2016   2  15   3   0   0  2.7564920635364384e-03 
2016   2  15   3  30   0  2.7304976211062946e-03 
2016   2  15   4   0   0  2.8208221540057662e-03 
2016   2  15   4  30   0  2.7855510162354035e-03 
2016   2  15   5   0   0  2.8530211426691372e-03 
2016   2  15   5  30   0  2.9696206074086256e-03 
2016   2  15   6   0   0  3.1133476679204488e-03 
2016   2  15   6  30   0  3.0373566817817619e-03 
2016   2  15   7   0   0  2.9208211051575247e-03 
2016   2  15   7  30   0  2.9029330850831813e-03 
2016   2  15   8   0   0  2.9002421624641649e-03 
2016   2  15   8  30   0  3.0811098116567018e-03 
2016   2  15   9   0   0  3.1584029037505386e-03 
2016   2  15   9  30   0  2.7828422620832212e-03 
2016   2  15  10   0   0  2.8214182446138526e-03 
2016   2  15  10  30   0  2.8818283314860568e-03 
2016   2  15  11   0   0  3.0506971405750483e-03 
2016   2  15  11  30   0  3.3215310161147289e-03 
2016   2  15  12   0   0  3.0848023652144448e-03 
2016   2  15  12  30   0  2.7407884739381245e-03 
2016   2  15  13   0   0  3.0753279967389822e-03 
2016   2  15  13  30   0  3.0418815534525479e-03 
2016   2  15  14   0   0  3.0471886943664898e-03 
2016   2  15  14  30   0  2.9178398377155907e-03 
2016   2  15  15   0   0  2.9359719026586639e-03 
2016   2  15  15  30   0  2.7753355597081113e-03 
2016   2  15  16   0   0  3.1884620718286142e-03 
2016   2  15  16  30   0  2.5173740999797608e-03 
2016   2  15  17   0   0  1.9395171696106567e-03 
2016   2  15  17  30   0  1.6246690671878872e-03 
2016   2  15  18   0   0  1.5473217301205410e-03 
2016   2  15  18  30   0  1.6265072498335637e-03 
2016   2  15  19   0   0  1.6998412918107688e-03 
2016   2  15  19  30   0  1.6170367922370543e-03 
2016   2  15  20   0   0  1.6038996699560004e-03 
2016   2  15  20  30   0  1.5194450928233930e-03 
2016   2  15  21   0   0  1.3338794379636823e-03 
2016   2  15  21  30   0  1.3378708969567280e-03 
2016   2  15  22   0   0  1.3568327204680408e-03 
2016   2  15  22  30   0  1.3842492131163182e-03 
2016   2  15  23   0   0  1.4377034524549624e-03 
2016   2  15  23  30   0  1.4662606657198977e-03 
2016   2  16   0   0   0  1.4078987544253320e-03 
2016   2  16   0  30   0  1.3806155034390953e-03 
2016   2  16   1   0   0  1.3317356794720198e-03 
2016   2  16   1  30   0  1.3372637972217669e-03 
2016   2  16   2   0   0  1.2063767406230326e-03 
2016   2  16   2  30   0  1.1803025915477310e-03 
2016   2  16   3   0   0  1.0986510410038470e-03 
2016   2  16   3  30   0  1.0351018979635504e-03 
2016   2  16   4   0   0  1.0056614044262739e-03 
2016   2  16   4  30   0  9.2491468978247841e-04 
2016   2  16   5   0   0  8.7253991443220831e-04 
2016   2  16   5  30   0  9.0172447079220764e-04 
2016   2  16   6   0   0  9.8606244933048472e-04 
2016   2  16   6  30   0  1.1456746380867802e-03 
2016   2  16   7   0   0  1.2898759553964651e-03 
2016   2  16   7  30   0  1.2660904678368542e-03 
2016   2  16   8   0   0  1.1919347034682511e-03 
2016   2  16   8  30   0  1.2121027223805602e-03 
2016   2  16   9   0   0  1.2431114982856483e-03 
2016   2  16   9  30   0  9.9648149100399789e-04 
2016   2  16  10   0   0  1.0786475815131337e-03 
2016   2  16  10  30   0  1.0809981739224111e-03 
2016   2  16  11   0   0  1.1255396955229761e-03 
2016   2  16  11  30   0  1.0952718878537682e-03 
2016   2  16  12   0   0  9.6936725596875721e-04 
2016   2  16  12  30   0  9.2362103940208404e-04 
2016   2  16  13   0   0  1.0142311199846804e-03 
2016   2  16  13  30   0  1.0688388437484278e-03 
2016   2  16  14   0   0  1.0782734819881953e-03 
2016   2  16  14  30   0  1.2355374684701751e-03 
2016   2  16  15   0   0  1.2366309336737087e-03 
2016   2  16  15  30   0  1.1122582165709275e-03 
2016   2  16  16   0   0  1.1166208518983585e-03 
2016   2  16  16  30   0  1.0051263114185245e-03 
2016   2  16  17   0   0  9.2445627389030891e-04 
2016   2  16  17  30   0  8.8525802871209812e-04 
2016   2  16  18   0   0  8.2860046672900546e-04 
2016   2  16  18  30   0  8.6296064078853700e-04 
2016   2  16  19   0   0  1.0548202874760334e-03 
2016   2  16  19  30   0  1.0903959268980311e-03 
2016   2  16  20   0   0  9.6366414218265013e-04 
2016   2  16  20  30   0  7.9481497309819970e-04 
2016   2  16  21   0   0  8.1447564454966228e-04 
2016   2  16  21  30   0  7.7993240910688801e-04 
2016   2  16  22   0   0  7.8818744189754967e-04 
2016   2  16  22  30   0  8.0017698309917411e-04 
2016   2  16  23   0   0  8.4332256125287943e-04 
2016   2  16  23  30   0  9.6331259997090436e-04 
2016   2  17   0   0   0  1.1575300378422837e-03 
2016   2  17   0  30   0  1.1911601227291460e-03 
2016   2  17   1   0   0  1.1791356571629981e-03 
2016   2  17   1  30   0  1.4823756015040054e-03 
2016   2  17   2   0   0  1.5705946227762271e-03 
2016   2  17   2  30   0  1.9710759267845342e-03 
2016   2  17   3   0   0  2.7988777963321851e-03 
2016   2  17   3  30   0  3.6117967193206313e-03 
2016   2  17   4   0   0  3.2621894661723902e-03 
2016   2  17   4  30   0  2.9159374166876180e-03 
2016   2  17   5   0   0  2.6446159843996537e-03 
2016   2  17   5  30   0  2.4554038661270187e-03 
2016   2  17   6   0   0  2.3730765353954823e-03 
2016   2  17   6  30   0  2.3249759335552582e-03 
2016   2  17   7   0   0  2.4059269195522881e-03 
2016   2  17   7  30   0  2.4485374580944233e-03 
2016   2  17   8   0   0  2.5962178898001737e-03 
2016   2  17   8  30   0  2.8582746248097556e-03 
2016   2  17   9   0   0  3.2955978109669003e-03 
2016   2  17   9  30   0  3.3849042088119050e-03 
2016   2  17  10   0   0  3.7011670675542530e-03 
2016   2  17  10  30   0  3.7866943189332337e-03 
2016   2  17  11   0   0  3.4468104001550192e-03 
2016   2  17  11  30   0  3.4355710913376715e-03 
2016   2  17  12   0   0  3.3864951351411806e-03 
2016   2  17  12  30   0  3.2656857550906770e-03 
2016   2  17  13   0   0  3.1739815802083880e-03 
2016   2  17  13  30   0  3.1310396458309360e-03 
2016   2  17  14   0   0  3.0426466386646880e-03 
2016   2  17  14  30   0  3.0141608606635345e-03 
2016   2  17  15   0   0  3.3229034579338205e-03 
2016   2  17  15  30   0  3.1663639232590583e-03 
2016   2  17  16   0   0  3.1635710661538454e-03 
2016   2  17  16  30   0  3.0344387118765559e-03 
2016   2  17  17   0   0  2.9031719538378286e-03 
2016   2  17  17  30   0  2.7449759323120177e-03 
2016   2  17  18   0   0  2.8299342631883271e-03 
2016   2  17  18  30   0  2.6594601645387526e-03 
2016   2  17  19   0   0  2.9917648808728469e-03 
2016   2  17  19  30   0  2.6421208150133372e-03 
2016   2  17  20   0   0  2.5611346571030929e-03 
2016   2  17  20  30   0  2.5089561583639310e-03 
2016   2  17  21   0   0  2.5014572964702489e-03 
2016   2  17  21  30   0  2.4722998490433116e-03 
2016   2  17  22   0   0  2.3950644130971157e-03 
2016   2  17  22  30   0  2.5518094939906487e-03 
2016   2  17  23   0   0  2.8292317668086411e-03 
2016   2  17  23  30   0  2.9263191053419554e-03 
2016   2  18   0   0   0  2.9500230932264782e-03 
2016   2  18   0  30   0  2.9395211650304993e-03 
2016   2  18   1   0   0  2.9770321349503713e-03 
2016   2  18   1  30   0  3.0038017117581194e-03 
2016   2  18   2   0   0  2.9866115734314492e-03 
2016   2  18   2  30   0  2.9078218013178273e-03 
2016   2  18   3   0   0  2.9748274807485831e-03 
2016   2  18   3  30   0  2.9248806306661108e-03 
2016   2  18   4   0   0  2.6585520657189223e-03 
2016   2  18   4  30   0  2.3627582878250472e-03 
2016   2  18   5   0   0  1.9462840583372300e-03 
2016   2  18   5  30   0  1.6787095721009393e-03 
2016   2  18   6   0   0  1.6860216020497844e-03 
2016   2  18   6  30   0  1.6710420171958055e-03 
2016   2  18   7   0   0  1.7754929936360294e-03 
2016   2  18   7  30   0  1.8079100026465690e-03 
2016   2  18   8   0   0  1.7239929489560122e-03 
2016   2  18   8  30   0  1.9009195704439046e-03 
2016   2  18   9   0   0  1.9472317401629522e-03 
2016   2  18   9  30   0  2.1895177145597649e-03 
2016   2  18  10   0   0  2.2082287880265915e-03 
2016   2  18  10  30   0  2.1767544478314619e-03 
2016   2  18  11   0   0  2.6926857151207645e-03 
2016   2  18  11  30   0  3.5739845455510432e-03 
2016   2  18  12   0   0  2.8623047348993436e-03 
2016   2  18  12  30   0  3.3816016215773874e-03 
2016   2  18  13   0   0  2.6802033433673258e-03 
2016   2  18  13  30   0  2.1754444333665669e-03 
2016   2  18  14   0   0  1.9235487893271559e-03 
2016   2  18  14  30   0  1.8357563607755078e-03 
2016   2  18  15   0   0  2.0171530323136767e-03 
2016   2  18  15  30   0  2.1465279611586206e-03 
2016   2  18  16   0   0  2.2041231869074150e-03 
2016   2  18  16  30   0  2.4366433810082246e-03 
2016   2  18  17   0   0  2.6462447420009480e-03 
2016   2  18  17  30   0  2.8207744426440675e-03 
2016   2  18  18   0   0  3.1097502063651516e-03 
2016   2  18  18  30   0  3.4882887766906727e-03 
2016   2  18  19   0   0  4.0593587824613456e-03 
2016   2  18  19  30   0  4.5751050041786031e-03 
2016   2  18  20   0   0  4.7040826737760073e-03 
2016   2  18  20  30   0  4.4509195100548389e-03 
2016   2  18  21   0   0  4.5898258363297733e-03 
2016   2  18  21  30   0  4.9326679283622039e-03 
2016   2  18  22   0   0  5.1175712464425951e-03 
2016   2  18  22  30   0  5.2942886959636230e-03 
2016   2  18  23   0   0  5.3958752454446694e-03 
2016   2  18  23  30   0  5.4577564489917060e-03 
2016   2  19   0   0   0  5.6909908076552933e-03 
2016   2  19   0  30   0  5.9287711968081455e-03 
2016   2  19   1   0   0  6.1196320032769948e-03 
2016   2  19   1  30   0  6.2417611357160245e-03 
2016   2  19   2   0   0  6.5665343490253856e-03 
2016   2  19   2  30   0  6.8104948049071143e-03 
2016   2  19   3   0   0  7.4027724346123220e-03 
2016   2  19   3  30   0  7.4295529028101433e-03 
2016   2  19   4   0   0  7.4476724235183166e-03 
2016   2  19   4  30   0  7.5075788311097600e-03 
2016   2  19   5   0   0  7.5690945426008941e-03 
2016   2  19   5  30   0  7.5194251241140850e-03 
2016   2  19   6   0   0  7.5764309609692333e-03 
2016   2  19   6  30   0  7.5605318012412475e-03 
2016   2  19   7   0   0  7.7536462721412101e-03 
2016   2  19   7  30   0  7.6584907638194925e-03 
2016   2  19   8   0   0  7.2115605146123455e-03 
2016   2  19   8  30   0  7.0189852076065666e-03 
2016   2  19   9   0   0  7.0069668221281719e-03 
2016   2  19   9  30   0  6.5988170612539610e-03 
2016   2  19  10   0   0  6.1949419561362481e-03 
2016   2  19  10  30   0  6.3558909433251848e-03 
2016   2  19  11   0   0  6.2307249978130509e-03 
2016   2  19  11  30   0  5.4053220570490544e-03 
2016   2  19  12   0   0  4.3080834271241077e-03 
2016   2  19  12  30   0  4.0020459547468320e-03 
2016   2  19  13   0   0  4.0006780540725699e-03 
2016   2  19  13  30   0  4.1497431504555491e-03 
2016   2  19  14   0   0  4.3243103449899286e-03 
2016   2  19  14  30   0  4.6302729041641164e-03 
2016   2  19  15   0   0  4.9333173643924750e-03 
2016   2  19  15  30   0  5.7760871403575312e-03 
2016   2  19  16   0   0  5.4743667148108958e-03 
2016   2  19  16  30   0  5.2590011583061418e-03 
2016   2  19  17   0   0  5.0700878646013523e-03 
2016   2  19  17  30   0  5.0169112282656223e-03 
2016   2  19  18   0   0  4.5397071941788254e-03 
2016   2  19  18  30   0  4.2167103691399333e-03 
2016   2  19  19   0   0  4.1281569695066477e-03 
2016   2  19  19  30   0  4.1996571164814806e-03 
2016   2  19  20   0   0  4.2798534638508190e-03 
2016   2  19  20  30   0  4.4790113567121656e-03 
2016   2  19  21   0   0  4.9674256392452619e-03 
2016   2  19  21  30   0  5.2294246411393238e-03 
2016   2  19  22   0   0  5.2375622450694529e-03 
2016   2  19  22  30   0  5.2959544583479953e-03 
2016   2  19  23   0   0  5.4954256071904134e-03 
2016   2  19  23  30   0  5.7853229761939372e-03 
2016   2  20   0   0   0  5.6655113938550525e-03 
2016   2  20   0  30   0  5.6181245826550140e-03 
2016   2  20   1   0   0  5.5189174430833373e-03 
2016   2  20   1  30   0  5.5901018901382462e-03 
2016   2  20   2   0   0  5.5667989762648836e-03 
2016   2  20   2  30   0  5.4167756025406280e-03 
2016   2  20   3   0   0  5.3691550645579133e-03 
2016   2  20   3  30   0  5.3649489450862771e-03 
2016   2  20   4   0   0  5.3877713690910966e-03 
2016   2  20   4  30   0  5.4958689843696944e-03 
2016   2  20   5   0   0  5.5293598571157943e-03 
2016   2  20   5  30   0  5.4575250913423586e-03 
2016   2  20   6   0   0  5.5344388505511218e-03 
2016   2  20   6  30   0  5.6501073849545376e-03 
2016   2  20   7   0   0  5.7185861766574806e-03 
2016   2  20   7  30   0  5.5949825649930273e-03 
2016   2  20   8   0   0  5.7375779439594356e-03 
2016   2  20   8  30   0  5.9206778873627051e-03 
2016   2  20   9   0   0  4.8979928178942934e-03 
2016   2  20   9  30   0  3.9686439230238570e-03 
2016   2  20  10   0   0  3.9699808403310284e-03 
2016   2  20  10  30   0  4.0181401292213158e-03 
2016   2  20  11   0   0  4.1165305458925371e-03 
2016   2  20  11  30   0  4.3854277874955609e-03 
2016   2  20  12   0   0  4.6074514052950530e-03 
2016   2  20  12  30   0  5.0887863540968496e-03 
2016   2  20  13   0   0  5.4832301998931189e-03 
2016   2  20  13  30   0  5.7111790059085864e-03 
2016   2  20  14   0   0  5.9477300973370976e-03 
2016   2  20  14  30   0  5.8510434982704581e-03 
2016   2  20  15   0   0  5.8580845491090997e-03 
2016   2  20  15  30   0  5.9724409350716632e-03 
2016   2  20  16   0   0  5.9174615213224216e-03 
2016   2  20  16  30   0  6.1132875655746481e-03 
2016   2  20  17   0   0  6.0481923826660160e-03 
2016   2  20  17  30   0  5.9238529289369268e-03 
2016   2  20  18   0   0  5.8787732581800454e-03 
2016   2  20  18  30   0  5.6770455929011174e-03 
2016   2  20  19   0   0  5.6095169566320767e-03 
2016   2  20  19  30   0  5.6679211960760992e-03 
2016   2  20  20   0   0  5.7421963753890928e-03 
2016   2  20  20  30   0  6.0447624988492835e-03 
2016   2  20  21   0   0  6.5449445549685794e-03 
2016   2  20  21  30   0  6.8758907645248522e-03 
2016   2  20  22   0   0  6.9549061706968849e-03 
2016   2  20  22  30   0  7.1066086103628336e-03 
2016   2  20  23   0   0  7.3064975467533981e-03 
2016   2  20  23  30   0  7.6484400930929321e-03 
2016   2  21   0   0   0  8.0074578140415277e-03 
2016   2  21   0  30   0  7.8588847232489729e-03 
2016   2  21   1   0   0  7.5285939476382423e-03 
2016   2  21   1  30   0  7.1628681563648241e-03 
2016   2  21   2   0   0  7.2573964969736690e-03 
2016   2  21   2  30   0  7.1692388861798366e-03 
2016   2  21   3   0   0  7.3669066014870740e-03 
2016   2  21   3  30   0  7.2368473460483985e-03 
2016   2  21   4   0   0  7.1250692648674374e-03 
2016   2  21   4  30   0  6.7466814938514294e-03 
2016   2  21   5   0   0  6.2518300306224931e-03 
2016   2  21   5  30   0  5.5859801931627236e-03 
2016   2  21   6   0   0  5.0050965333406005e-03 
2016   2  21   6  30   0  4.7013463272166664e-03 
2016   2  21   7   0   0  4.6176482108421721e-03 
2016   2  21   7  30   0  4.5532173634771746e-03 
2016   2  21   8   0   0  4.2788725199869775e-03 
2016   2  21   8  30   0  3.9602843011637056e-03 
2016   2  21   9   0   0  4.0965086132360553e-03 
2016   2  21   9  30   0  4.1093322423600967e-03 
2016   2  21  10   0   0  4.3648246140034711e-03 
2016   2  21  10  30   0  4.3822506547225816e-03 
2016   2  21  11   0   0  4.3156872319097123e-03 
2016   2  21  11  30   0  4.1455222264019029e-03 
2016   2  21  12   0   0  4.4191454546194499e-03 
2016   2  21  12  30   0  4.7449475386905368e-03 
2016   2  21  13   0   0  4.6711718888639998e-03 
2016   2  21  13  30   0  4.5518112249447653e-03 
2016   2  21  14   0   0  4.4973377617514351e-03 
2016   2  21  14  30   0  4.6163972538267291e-03 
2016   2  21  15   0   0  4.6176971300006869e-03 
2016   2  21  15  30   0  4.7283645465878250e-03 
2016   2  21  16   0   0  4.9027522697409481e-03 
2016   2  21  16  30   0  4.9429957253890313e-03 
2016   2  21  17   0   0  5.4605161488834059e-03 
2016   2  21  17  30   0  5.7109239974337967e-03 
2016   2  21  18   0   0  5.4502205745931018e-03 
2016   2  21  18  30   0  5.5103194756107535e-03 
2016   2  21  19   0   0  5.6334436791414992e-03 
2016   2  21  19  30   0  5.7673414103805746e-03 
2016   2  21  20   0   0  5.3128699536521924e-03 
2016   2  21  20  30   0  5.1609634004267007e-03 
2016   2  21  21   0   0  4.9982807291855842e-03 
2016   2  21  21  30   0  5.8735444404026740e-03 
2016   2  21  22   0   0  6.7260339053495481e-03 
2016   2  21  22  30   0  5.9048360666979572e-03 
2016   2  21  23   0   0  5.6203515684033738e-03 
2016   2  21  23  30   0  5.6066984282987587e-03 
2016   2  22   0   0   0  5.9459754057812064e-03 
2016   2  22   0  30   0  6.4849602611796132e-03 
2016   2  22   1   0   0  6.7306809596913457e-03 
2016   2  22   1  30   0  5.4851958090942647e-03 
2016   2  22   2   0   0  5.0892321367779075e-03 
2016   2  22   2  30   0  5.1506701741065898e-03 
2016   2  22   3   0   0  4.9604271248559744e-03 
2016   2  22   3  30   0  4.9071078192533864e-03 
2016   2  22   4   0   0  4.9154454475782913e-03 
2016   2  22   4  30   0  4.9011827858254520e-03 
2016   2  22   5   0   0  4.9815015269191170e-03 
2016   2  22   5  30   0  5.0846166294944766e-03 
2016   2  22   6   0   0  5.2850314583492352e-03 
2016   2  22   6  30   0  5.4020124448055477e-03 
2016   2  22   7   0   0  5.4958211057025662e-03 
2016   2  22   7  30   0  5.5721576827260678e-03 
2016   2  22   8   0   0  5.7010420686771568e-03 
2016   2  22   8  30   0  5.6586468475741582e-03 
2016   2  22   9   0   0  5.6579371048245059e-03 
2016   2  22   9  30   0  5.6494286472523738e-03 
2016   2  22  10   0   0  5.7683054548311385e-03 
2016   2  22  10  30   0  5.7079403405871938e-03 
2016   2  22  11   0   0  5.7565050107336287e-03 
2016   2  22  11  30   0  5.8060507777214698e-03 
2016   2  22  12   0   0  5.8346301355362727e-03 
2016   2  22  12  30   0  6.0031650609877899e-03 
2016   2  22  13   0   0  6.1111524498931660e-03 
2016   2  22  13  30   0  6.4636001956628669e-03 
2016   2  22  14   0   0  6.5238388614769806e-03 
2016   2  22  14  30   0  6.3690648604196485e-03 
2016   2  22  15   0   0  6.2962195828914404e-03 
2016   2  22  15  30   0  6.3086457943032715e-03 
2016   2  22  16   0   0  6.2928864074502499e-03 
2016   2  22  16  30   0  6.4477692461313270e-03 
2016   2  22  17   0   0  6.5039974718112950e-03 
2016   2  22  17  30   0  6.5795992079930032e-03 
2016   2  22  18   0   0  6.7928846100718037e-03 
2016   2  22  18  30   0  6.8443332734653660e-03 
2016   2  22  19   0   0  7.0806063122618975e-03 
2016   2  22  19  30   0  7.3301871095423684e-03 
2016   2  22  20   0   0  7.5408536732624754e-03 
2016   2  22  20  30   0  7.5243593529793667e-03 
2016   2  22  21   0   0  7.4070202260087389e-03 
2016   2  22  21  30   0  7.7228360623886943e-03 
2016   2  22  22   0   0  7.8508196127448603e-03 
2016   2  22  22  30   0  7.0252718318330604e-03 
2016   2  22  23   0   0  6.4554632410158824e-03 
2016   2  22  23  30   0  6.2979331130071925e-03 
2016   2  23   0   0   0  5.6400660162642616e-03 
2016   2  23   0  30   0  4.3686130493613617e-03 
2016   2  23   1   0   0  4.7823248989019209e-03 
2016   2  23   1  30   0  5.4811479188515691e-03 
2016   2  23   2   0   0  5.7058385065822869e-03 
2016   2  23   2  30   0  5.5604079562571202e-03 
2016   2  23   3   0   0  5.6862534924944988e-03 
2016   2  23   3  30   0  6.1143795519179762e-03 
2016   2  23   4   0   0  6.1221345008870718e-03 
2016   2  23   4  30   0  6.1663268263468136e-03 
2016   2  23   5   0   0  5.9556373922200296e-03 
2016   2  23   5  30   0  5.7176544194672595e-03 
2016   2  23   6   0   0  5.4649324785714867e-03 
2016   2  23   6  30   0  5.5038526455250952e-03 
2016   2  23   7   0   0  5.3975717138338535e-03 
2016   2  23   7  30   0  5.3350342970048311e-03 
2016   2  23   8   0   0  5.3421731383697310e-03 
2016   2  23   8  30   0  6.1411657563407544e-03 
2016   2  23   9   0   0  5.6230315700943204e-03 
2016   2  23   9  30   0  5.3510186207326137e-03 
2016   2  23  10   0   0  4.8644701789359330e-03 
2016   2  23  10  30   0  5.2998664257088495e-03 
2016   2  23  11   0   0  4.8484360719767659e-03 
2016   2  23  11  30   0  5.1213486447843131e-03 
2016   2  23  12   0   0  4.7234179898011323e-03 
2016   2  23  12  30   0  4.9519640489361196e-03 
2016   2  23  13   0   0  5.0125187843659469e-03 
2016   2  23  13  30   0  4.9251342672711300e-03 
2016   2  23  14   0   0  4.8141967651860020e-03 
2016   2  23  14  30   0  4.8135514680374483e-03 
2016   2  23  15   0   0  4.7497915041359653e-03 
2016   2  23  15  30   0  4.8190552498608239e-03 
2016   2  23  16   0   0  4.8141770623255694e-03 
2016   2  23  16  30   0  4.9388179668794366e-03 
2016   2  23  17   0   0  4.9526691877266179e-03 
2016   2  23  17  30   0  5.0284061918809356e-03 
2016   2  23  18   0   0  5.0947180948007539e-03 
2016   2  23  18  30   0  5.3105334776797769e-03 
2016   2  23  19   0   0  5.2828968195843210e-03 
2016   2  23  19  30   0  5.5673330512134907e-03 
2016   2  23  20   0   0  5.3201268978465433e-03 
2016   2  23  20  30   0  5.1267410717353154e-03 
2016   2  23  21   0   0  5.1168660405338882e-03 
2016   2  23  21  30   0  4.8606462686598892e-03 
2016   2  23  22   0   0  4.3076199048711662e-03 
2016   2  23  22  30   0  4.0055509303806788e-03 
2016   2  23  23   0   0  3.5098098633042623e-03 
2016   2  23  23  30   0  3.1052844070189453e-03 
2016   2  24   0   0   0  2.9085263345203531e-03 
2016   2  24   0  30   0  3.0423710609495417e-03 
2016   2  24   1   0   0  3.0265136442479473e-03 
2016   2  24   1  30   0  2.6411720663046473e-03 
2016   2  24   2   0   0  2.5718427993634391e-03 
2016   2  24   2  30   0  2.3809974234802358e-03 
2016   2  24   3   0   0  2.1237055526789777e-03 
2016   2  24   3  30   0  1.8228853599599377e-03 
2016   2  24   4   0   0  1.6557701009938337e-03 
2016   2  24   4  30   0  1.6728160864363222e-03 
2016   2  24   5   0   0  1.6568807689762953e-03 
2016   2  24   5  30   0  1.6756888041930015e-03 
2016   2  24   6   0   0  2.0542346777301978e-03 
2016   2  24   6  30   0  1.8248926332860541e-03 
2016   2  24   7   0   0  1.7494662401766380e-03 
2016   2  24   7  30   0  1.6606158905673747e-03 
2016   2  24   8   0   0  1.4326847843545809e-03 
2016   2  24   8  30   0  1.4832450750556490e-03 
2016   2  24   9   0   0  1.6034883911797033e-03 
2016   2  24   9  30   0  1.7649881465509132e-03 
2016   2  24  10   0   0  1.8392374629694456e-03 
2016   2  24  10  30   0  1.9282002256691981e-03 
2016   2  24  11   0   0  1.8876640131188561e-03 
2016   2  24  11  30   0  1.9550279785563655e-03 
2016   2  24  12   0   0  1.8229645503132397e-03 
2016   2  24  12  30   0  1.5581752786824185e-03 
2016   2  24  13   0   0  1.4663293491159511e-03 
2016   2  24  13  30   0  1.3302088187194148e-03 
2016   2  24  14   0   0  1.1079090760237823e-03 
2016   2  24  14  30   0  1.2509286776845412e-03 
2016   2  24  15   0   0  1.5164582384891686e-03 
2016   2  24  15  30   0  1.5948209743705088e-03 
2016   2  24  16   0   0  1.3962463178710523e-03 
2016   2  24  16  30   0  1.5369985378891019e-03 
2016   2  24  17   0   0  1.1991978806823857e-03 
2016   2  24  17  30   0  9.9373377042993438e-04 
2016   2  24  18   0   0  1.1595825112921993e-03 
2016   2  24  18  30   0  1.0591457657703974e-03 
2016   2  24  19   0   0  1.3373042367681299e-03 
2016   2  24  19  30   0  1.2349856719347863e-03 
2016   2  24  20   0   0  1.0801859648709830e-03 
2016   2  24  20  30   0  1.0839960533439142e-03 
2016   2  24  21   0   0  1.3513591883782187e-03 
2016   2  24  21  30   0  1.7826912377021634e-03 
2016   2  24  22   0   0  2.5718472207811472e-03 
2016   2  24  22  30   0  2.8159087914500134e-03 
2016   2  24  23   0   0  2.8449283766754773e-03 
2016   2  24  23  30   0  3.0460252710566758e-03 
2016   2  25   0   0   0  3.8484590411738268e-03 
2016   2  25   0  30   0  3.9422680318867047e-03 
2016   2  25   1   0   0  3.8217073030497586e-03 
2016   2  25   1  30   0  3.5106326217607792e-03 
2016   2  25   2   0   0  3.3677396316568104e-03 
2016   2  25   2  30   0  3.2931722444335472e-03 
2016   2  25   3   0   0  3.3104080318558352e-03 
2016   2  25   3  30   0  3.2298476624414685e-03 
2016   2  25   4   0   0  3.2219523344482973e-03 
2016   2  25   4  30   0  3.4358967051218159e-03 
2016   2  25   5   0   0  4.2026865369294477e-03 
2016   2  25   5  30   0  4.4309059475204889e-03 
2016   2  25   6   0   0  5.2499236173915147e-03 
2016   2  25   6  30   0  4.0915016382662966e-03 
2016   2  25   7   0   0  4.6696266423478282e-03 
2016   2  25   7  30   0  4.4559170496214513e-03 
2016   2  25   8   0   0  4.3163691756167508e-03 
2016   2  25   8  30   0  4.3058541601199611e-03 
2016   2  25   9   0   0  4.5393479597635837e-03 
2016   2  25   9  30   0  4.4276967038982644e-03 
2016   2  25  10   0   0  4.3537105318066502e-03 
2016   2  25  10  30   0  4.3424492809208569e-03 
2016   2  25  11   0   0  4.0866968741449482e-03 
2016   2  25  11  30   0  4.0919966783692771e-03 
2016   2  25  12   0   0  3.8954234720457630e-03 
2016   2  25  12  30   0  3.6283957267253400e-03 
2016   2  25  13   0   0  3.2558877213559553e-03 
2016   2  25  13  30   0  2.8784176690328529e-03 
2016   2  25  14   0   0  2.7072827678617209e-03 
2016   2  25  14  30   0  2.7641420687080781e-03 
2016   2  25  15   0   0  2.5782806429168826e-03 
2016   2  25  15  30   0  1.4512152807368449e-03 
2016   2  25  16   0   0  1.5120397930014195e-03 
2016   2  25  16  30   0  1.5384611638505886e-03 
2016   2  25  17   0   0  1.5592655268943060e-03 
2016   2  25  17  30   0  1.7188080566614228e-03 
2016   2  25  18   0   0  2.4702491122811244e-03 
2016   2  25  18  30   0  2.7096604793647072e-03 
2016   2  25  19   0   0  2.3655218651216546e-03 
2016   2  25  19  30   0  2.8245958568263040e-03 
2016   2  25  20   0   0  3.0932873808112681e-03 
2016   2  25  20  30   0  3.1409760761608153e-03 
2016   2  25  21   0   0  2.9593570825968336e-03 
2016   2  25  21  30   0  3.5202429591536400e-03 
2016   2  25  22   0   0  4.1480229411152408e-03 
2016   2  25  22  30   0  4.3899170781644542e-03 
2016   2  25  23   0   0  4.3234093128212032e-03 
2016   2  25  23  30   0  3.8542157149276533e-03 
2016   2  26   0   0   0  3.1281914429799771e-03 
2016   2  26   0  30   0  3.0946101502025767e-03 
2016   2  26   1   0   0  3.5282072925286777e-03 
2016   2  26   1  30   0  3.8620422019373180e-03 
2016   2  26   2   0   0  3.5934940376310767e-03 
2016   2  26   2  30   0  3.2775014562048924e-03 
2016   2  26   3   0   0  3.0495070777116370e-03 
2016   2  26   3  30   0  2.6611131199661842e-03 
2016   2  26   4   0   0  2.1742122304318589e-03 
2016   2  26   4  30   0  1.7337566571388606e-03 
2016   2  26   5   0   0  1.5311820451172757e-03 
2016   2  26   5  30   0  1.4220937878460680e-03 
2016   2  26   6   0   0  1.3421923127781787e-03 
2016   2  26   6  30   0  1.3341497764343968e-03 
2016   2  26   7   0   0  1.5136646939421564e-03 
2016   2  26   7  30   0  1.7082931792391381e-03 
2016   2  26   8   0   0  1.7230222851797286e-03 
2016   2  26   8  30   0  1.8656070359769448e-03 
2016   2  26   9   0   0  2.6034071762330102e-03 
2016   2  26   9  30   0  2.2949630349972114e-03 
2016   2  26  10   0   0  3.0202507886186412e-03 
2016   2  26  10  30   0  2.8927074901612501e-03 
2016   2  26  11   0   0  2.8969273703092651e-03 
2016   2  26  11  30   0  2.6561900645777317e-03 
2016   2  26  12   0   0  2.3906870195123018e-03 
2016   2  26  12  30   0  2.4599101401304507e-03 
2016   2  26  13   0   0  2.4942978663393426e-03 
2016   2  26  13  30   0  2.4002248819618242e-03 
2016   2  26  14   0   0  2.4638960167167458e-03 
2016   2  26  14  30   0  2.5879611130024990e-03 
2016   2  26  15   0   0  2.8884583612290822e-03 
2016   2  26  15  30   0  3.0049135036617730e-03 
2016   2  26  16   0   0  2.8410950912786189e-03 
2016   2  26  16  30   0  2.8031734721522127e-03 
2016   2  26  17   0   0  2.7989166142698375e-03 
2016   2  26  17  30   0  2.6137166867778163e-03 
2016   2  26  18   0   0  2.6859636566984894e-03 
2016   2  26  18  30   0  2.8242430174906193e-03 
2016   2  26  19   0   0  2.9183264386944013e-03 
2016   2  26  19  30   0  2.9839871874612974e-03 
2016   2  26  20   0   0  3.0128539326394303e-03 
2016   2  26  20  30   0  3.1397408840970137e-03 
2016   2  26  21   0   0  3.3230128001958017e-03 
2016   2  26  21  30   0  3.4184043580659895e-03 
2016   2  26  22   0   0  3.5139612197030018e-03 
2016   2  26  22  30   0  3.6322617844402592e-03 
2016   2  26  23   0   0  3.7416012539175118e-03 
2016   2  26  23  30   0  3.9815587896916693e-03 
2016   2  27   0   0   0  4.7202871942185563e-03 
2016   2  27   0  30   0  4.7697700752360322e-03 
2016   2  27   1   0   0  4.8032819482352581e-03 
2016   2  27   1  30   0  4.6098306069319228e-03 
2016   2  27   2   0   0  4.6995224700078471e-03 
2016   2  27   2  30   0  4.7933272292259880e-03 
2016   2  27   3   0   0  4.9120936460580796e-03 
2016   2  27   3  30   0  5.0614784653070450e-03 
2016   2  27   4   0   0  5.0163915052490755e-03 
2016   2  27   4  30   0  4.7534339249426637e-03 
2016   2  27   5   0   0  4.6785779510850186e-03 
2016   2  27   5  30   0  4.7003609700836634e-03 
2016   2  27   6   0   0  4.6117366642993594e-03 
2016   2  27   6  30   0  4.5369820490449211e-03 
2016   2  27   7   0   0  4.3904352135370620e-03 
2016   2  27   7  30   0  4.3105384360072486e-03 
2016   2  27   8   0   0  4.1446943186138887e-03 
2016   2  27   8  30   0  3.8303470469217876e-03 
2016   2  27   9   0   0  3.6514967581909061e-03 
2016   2  27   9  30   0  3.3622956181454345e-03 
2016   2  27  10   0   0  3.2346222386780829e-03 
2016   2  27  10  30   0  3.0581274525410835e-03 
2016   2  27  11   0   0  3.0628214274565301e-03 
2016   2  27  11  30   0  2.6945343760207416e-03 
2016   2  27  12   0   0  4.0849974492978270e-05 
2016   2  27  12  30   0  2.6092045756658709e-05 
2016   2  27  13   0   0  2.4551973865121056e-05 
2016   2  27  13  30   0  3.3208853836085085e-05 
2016   2  27  14   0   0  5.0983752130672478e-05 
2016   2  27  14  30   0  7.0926322740464648e-05 
2016   2  27  15   0   0  5.1531449089321888e-05 
2016   2  27  15  30   0  5.6835104343943398e-05 
2016   2  27  16   0   0  6.0674204574661731e-05 
2016   2  27  16  30   0  5.3052158186275025e-05 
2016   2  27  17   0   0  5.7406893723728770e-05 
2016   2  27  17  30   0  1.2076420869201515e-04 
2016   2  27  18   0   0  1.2144698659197392e-04 
2016   2  27  18  30   0  1.1652736206673005e-04 
2016   2  27  19   0   0  1.2517184146874712e-04 
2016   2  27  19  30   0  1.1527183796996400e-04 
2016   2  27  20   0   0  9.2919572815432981e-05 
2016   2  27  20  30   0  7.6048045478323135e-05 
2016   2  27  21   0   0  7.0597906082318186e-05 
2016   2  27  21  30   0  7.4993036528770872e-05 
2016   2  27  22   0   0  6.2363111794058981e-05 
2016   2  27  22  30   0  6.8909721272454049e-05 
2016   2  27  23   0   0  6.7379815970140068e-05 
2016   2  27  23  30   0  5.8983806176431893e-05 
2016   2  28   0   0   0  3.7727502226448989e-04 
2016   2  28   0  30   0  3.5131536875978469e-04 
2016   2  28   1   0   0  3.2617115323036930e-04 
2016   2  28   1  30   0  2.7355327417487421e-04 
2016   2  28   2   0   0  2.3399005449643064e-04 
2016   2  28   2  30   0  2.1563537842775004e-04 
2016   2  28   3   0   0  2.2374473215795092e-04 
2016   2  28   3  30   0  2.0983390638877061e-04 
2016   2  28   4   0   0  2.4735271779330803e-04 
2016   2  28   4  30   0  2.6979874649779378e-04 
2016   2  28   5   0   0  2.7661621399543144e-04 
2016   2  28   5  30   0  2.9386512296839966e-04 
2016   2  28   6   0   0  3.0962162415604515e-04 
2016   2  28   6  30   0  3.5226781662883993e-04 
2016   2  28   7   0   0  3.4390650960966284e-04 
2016   2  28   7  30   0  3.6229205115391060e-04 
2016   2  28   8   0   0  3.5647412111629436e-04 
2016   2  28   8  30   0  4.1201476853349676e-04 
2016   2  28   9   0   0  3.3825942284259990e-04 
2016   2  28   9  30   0  2.4510789622322497e-04 
2016   2  28  10   0   0  1.9952032666025620e-04 
2016   2  28  10  30   0  2.0237978242105612e-04 
2016   2  28  11   0   0  1.9961206435930077e-04 
2016   2  28  11  30   0  1.6879435828674145e-04 
2016   2  28  12   0   0  2.0214572417045920e-04 
2016   2  28  12  30   0  1.9391901358316738e-04 
2016   2  28  13   0   0  1.6264124534935676e-04 
2016   2  28  13  30   0  1.3764833135740357e-04 
2016   2  28  14   0   0  1.1993334252656767e-04 
2016   2  28  14  30   0  1.5022852401096987e-04 
2016   2  28  15   0   0  1.9920145543119095e-04 
2016   2  28  15  30   0  1.9704096002513583e-04 
2016   2  28  16   0   0  2.4258967679011780e-04 
2016   2  28  16  30   0  2.3434821767383011e-04 
2016   2  28  17   0   0  2.1772037699375454e-04 
2016   2  28  17  30   0  2.3017480397873795e-04 
2016   2  28  18   0   0  1.7720404152055737e-04 
2016   2  28  18  30   0  1.8999413566047816e-04 
2016   2  28  19   0   0  1.8614018442562029e-04 
2016   2  28  19  30   0  1.7852315335377151e-04 
2016   2  28  20   0   0  1.6750155377461538e-04 
2016   2  28  20  30   0  1.9920008384908486e-04 
2016   2  28  21   0   0  2.3589585049875049e-04 
2016   2  28  21  30   0  2.7925365625988002e-04 
2016   2  28  22   0   0  2.7850640586027766e-04 
2016   2  28  22  30   0  3.0292942021073227e-04 
2016   2  28  23   0   0  2.9688972245896098e-04 
2016   2  28  23  30   0  2.9314211716029002e-04 
2016   2  29   0   0   0  2.4328894359687602e-04 
2016   2  29   0  30   0  2.4705027293198714e-04 
2016   2  29   1   0   0  2.4439262498642585e-04 
2016   2  29   1  30   0  2.4221052817472463e-04 
2016   2  29   2   0   0  2.4049704603073190e-04 
2016   2  29   2  30   0  2.3982242912983100e-04 
2016   2  29   3   0   0  2.3994145718357387e-04 
2016   2  29   3  30   0  2.4043749960716209e-04 
2016   2  29   4   0   0  2.4077816833061537e-04 
2016   2  29   4  30   0  2.4140968388044901e-04 
2016   2  29   5   0   0  2.4128839747406409e-04 
2016   2  29   5  30   0  2.4070655361643694e-04 
2016   2  29   6   0   0  2.3997370340462070e-04 
2016   2  29   6  30   0  2.3887387851556402e-04 
2016   2  29   7   0   0  2.3743004697188077e-04 
2016   2  29   7  30   0  2.3508641901969789e-04 
2016   2  29   8   0   0  2.3286560084439248e-04 
2016   2  29   8  30   0  2.3022424471562684e-04 
2016   2  29   9   0   0  2.2764771662581732e-04 
2016   2  29   9  30   0  2.2388512372974217e-04 
2016   2  29  10   0   0  2.2155095436009203e-04 
2016   2  29  10  30   0  2.2107020044451789e-04 
2016   2  29  11   0   0  2.2150999378705387e-04 
2016   2  29  11  30   0  2.2190040626391094e-04 
2016   2  29  12   0   0  2.2235527038441314e-04 
2016   2  29  12  30   0  2.2344835022314118e-04 
2016   2  29  13   0   0  2.2388309769360407e-04 
2016   2  29  13  30   0  2.2449460961422525e-04 
2016   2  29  14   0   0  2.2575692317065111e-04 
2016   2  29  14  30   0  2.2755505769745207e-04 
2016   2  29  15   0   0  2.2975141923155181e-04 
2016   2  29  15  30   0  2.3137433546054325e-04 
2016   2  29  16   0   0  2.3203092484889740e-04 
2016   2  29  16  30   0  2.3274500576366808e-04 
2016   2  29  17   0   0  2.3254409411006707e-04 
2016   2  29  17  30   0  2.3250727526182696e-04 
2016   2  29  18   0   0  2.3280904869586928e-04 
2016   2  29  18  30   0  2.3286280879213726e-04 
2016   2  29  19   0   0  2.3399870200176135e-04 
2016   2  29  19  30   0  2.3489675437607323e-04 
2016   2  29  20   0   0  2.3589178641587839e-04 
2016   2  29  20  30   0  2.3706257484571732e-04 
2016   2  29  21   0   0  2.3848218752063773e-04 
2016   2  29  21  30   0  2.3928386310577144e-04 
2016   2  29  22   0   0  2.3935300622020047e-04 
2016   2  29  22  30   0  2.3853870723979884e-04 
2016   2  29  23   0   0  2.3772303992101358e-04 
2016   2  29  23  30   0  2.3639229746612132e-04 
2016   3   1   0   0   0  2.3639229746612132e-04 
