2017	6	1	0	0	0	4252.414
2017	6	1	0	30	0	3766.1697
2017	6	1	1	0	0	3698.815
2017	6	1	1	30	0	3535.841
2017	6	1	2	0	0	3483.329
2017	6	1	2	30	0	3471.4443
2017	6	1	3	0	0	3361.735
2017	6	1	3	30	0	3203.117
2017	6	1	4	0	0	3108.836
2017	6	1	4	30	0	3072.4849
2017	6	1	5	0	0	2867.154
2017	6	1	5	30	0	2414.327
2017	6	1	6	0	0	2057.1746
2017	6	1	6	30	0	2069.423
2017	6	1	7	0	0	2372.08
2017	6	1	7	30	0	2616.9946
2017	6	1	8	0	0	2835.6453
2017	6	1	8	30	0	3022.878
2017	6	1	9	0	0	3343.4817
2017	6	1	9	30	0	3379.0793
2017	6	1	10	0	0	3481.3127
2017	6	1	10	30	0	3027.8416
2017	6	1	11	0	0	2622.1594
2017	6	1	11	30	0	2892.804
2017	6	1	12	0	0	3228.1
2017	6	1	12	30	0	1795.111
2017	6	1	13	0	0	1710.085
2017	6	1	13	30	0	1619.8031
2017	6	1	14	0	0	1665.202
2017	6	1	14	30	0	1963.281
2017	6	1	15	0	0	2398.3962
2017	6	1	15	30	0	3126.5234
2017	6	1	16	0	0	3651.8833
2017	6	1	16	30	0	3025.867
2017	6	1	17	0	0	2004.9156
2017	6	1	17	30	0	1764.4907
2017	6	1	18	0	0	1764.8159
2017	6	1	18	30	0	1788.4877
2017	6	1	19	0	0	1860.7303
2017	6	1	19	30	0	1973.5717
2017	6	1	20	0	0	2035.682
2017	6	1	20	30	0	1775.4066
2017	6	1	21	0	0	1562.4597
2017	6	1	21	30	0	1577.0054
2017	6	1	22	0	0	1761.444
2017	6	1	22	30	0	1696.3331
2017	6	1	23	0	0	1687.602
2017	6	1	23	30	0	1664.1643
2017	6	2	0	0	0	1691.059
2017	6	2	0	30	0	1816.9573
2017	6	2	1	0	0	1913.2427
2017	6	2	1	30	0	1862.2853
2017	6	2	2	0	0	1746.72
2017	6	2	2	30	0	1664.6136
2017	6	2	3	0	0	1800.0538
2017	6	2	3	30	0	1707.7136
2017	6	2	4	0	0	1661.2323
2017	6	2	4	30	0	1570.6674
2017	6	2	5	0	0	1465.0634
2017	6	2	5	30	0	1270.2383
2017	6	2	6	0	0	896.7863
2017	6	2	6	30	0	607.87866
2017	6	2	7	0	0	604.989
2017	6	2	7	30	0	600.08136
2017	6	2	8	0	0	613.38135
2017	6	2	8	30	0	590.5003
2017	6	2	9	0	0	585.61163
2017	6	2	9	30	0	580.447
2017	6	2	10	0	0	534.09564
2017	6	2	10	30	0	510.02365
2017	6	2	11	0	0	548.85065
2017	6	2	11	30	0	462.83368
2017	6	2	12	0	0	490.54034
2017	6	2	12	30	0	524.55066
2017	6	2	13	0	0	536.381
2017	6	2	13	30	0	558.6513
2017	6	2	14	0	0	575.8743
2017	6	2	14	30	0	590.702
2017	6	2	15	0	0	716.0677
2017	6	2	15	30	0	800.0203
2017	6	2	16	0	0	1386.8834
2017	6	2	16	30	0	2540.814
2017	6	2	17	0	0	2985.5083
2017	6	2	17	30	0	2439.3071
2017	6	2	18	0	0	2217.761
2017	6	2	18	30	0	1285.2687
2017	6	2	19	0	0	902.57434
2017	6	2	19	30	0	1112.2113
2017	6	2	20	0	0	878.54865
2017	6	2	20	30	0	968.84485
2017	6	2	21	0	0	1119.9513
2017	6	2	21	30	0	1102.3473
2017	6	2	22	0	0	1285.536
2017	6	2	22	30	0	1341.7997
2017	6	2	23	0	0	1340.6233
2017	6	2	23	30	0	1398.333
2017	6	3	0	0	0	1579.7677
2017	6	3	0	30	0	1876.7432
2017	6	3	1	0	0	1969.4343
2017	6	3	1	30	0	2040.634
2017	6	3	2	0	0	2109.1003
2017	6	3	2	30	0	2163.5076
2017	6	3	3	0	0	2387.291
2017	6	3	3	30	0	2505.206
2017	6	3	4	0	0	2539.111
2017	6	3	4	30	0	2397.5986
2017	6	3	5	0	0	2319.0427
2017	6	3	5	30	0	2445.9565
2017	6	3	6	0	0	2172.1636
2017	6	3	6	30	0	1414.0004
2017	6	3	7	0	0	1325.2587
2017	6	3	7	30	0	1145.5487
2017	6	3	8	0	0	776.41565
2017	6	3	8	30	0	577.122
2017	6	3	9	0	0	574.79584
2017	6	3	9	30	0	603.602
2017	6	3	10	0	0	823.999
2017	6	3	10	30	0	932.69135
2017	6	3	11	0	0	1054.5283
2017	6	3	11	30	0	1475.0427
2017	6	3	12	0	0	2414.92
2017	6	3	12	30	0	4260.9575
2017	6	3	13	0	0	6763.8936
2017	6	3	13	30	0	9434.247
2017	6	3	14	0	0	10606.793
2017	6	3	14	30	0	10389.661
2017	6	3	15	0	0	10423.392
2017	6	3	15	30	0	9913.28
2017	6	3	16	0	0	9591.2705
2017	6	3	16	30	0	9408.078
2017	6	3	17	0	0	9473.06
2017	6	3	17	30	0	9009.894
2017	6	3	18	0	0	8892.545
2017	6	3	18	30	0	8631.408
2017	6	3	19	0	0	8713.344
2017	6	3	19	30	0	8653.445
2017	6	3	20	0	0	7482.265
2017	6	3	20	30	0	6738.6777
2017	6	3	21	0	0	6119.7935
2017	6	3	21	30	0	5455.693
2017	6	3	22	0	0	4893.1855
2017	6	3	22	30	0	4717.931
2017	6	3	23	0	0	4398.8833
2017	6	3	23	30	0	4395.725
2017	6	4	0	0	0	4281.805
2017	6	4	0	30	0	4186.402
2017	6	4	1	0	0	3898.92
2017	6	4	1	30	0	4014.7463
2017	6	4	2	0	0	3752.4504
2017	6	4	2	30	0	3913.782
2017	6	4	3	0	0	4044.936
2017	6	4	3	30	0	3894.6511
2017	6	4	4	0	0	3651.2114
2017	6	4	4	30	0	3504.158
2017	6	4	5	0	0	3396.846
2017	6	4	5	30	0	4044.5134
2017	6	4	6	0	0	3730.116
2017	6	4	6	30	0	3734.7834
2017	6	4	7	0	0	3801.7998
2017	6	4	7	30	0	3845.4229
2017	6	4	8	0	0	3528.8513
2017	6	4	8	30	0	3187.0903
2017	6	4	9	0	0	2979.8147
2017	6	4	9	30	0	3206.9565
2017	6	4	10	0	0	3511.979
2017	6	4	10	30	0	3620.043
2017	6	4	11	0	0	4118.988
2017	6	4	11	30	0	6636.9897
2017	6	4	12	0	0	7384.746
2017	6	4	12	30	0	5430.847
2017	6	4	13	0	0	3853.2844
2017	6	4	13	30	0	3635.8943
2017	6	4	14	0	0	3882.6086
2017	6	4	14	30	0	4539.735
2017	6	4	15	0	0	4575.6143
2017	6	4	15	30	0	6462.321
2017	6	4	16	0	0	7147.603
2017	6	4	16	30	0	6537.2705
2017	6	4	17	0	0	5678.4067
2017	6	4	17	30	0	5581.306
2017	6	4	18	0	0	5570.7876
2017	6	4	18	30	0	4964.598
2017	6	4	19	0	0	4332.894
2017	6	4	19	30	0	4194.231
2017	6	4	20	0	0	4321.687
2017	6	4	20	30	0	3949.8835
2017	6	4	21	0	0	4184.704
2017	6	4	21	30	0	4822.55
2017	6	4	22	0	0	4552.5923
2017	6	4	22	30	0	4100.5176
2017	6	4	23	0	0	3762.4233
2017	6	4	23	30	0	3561.45
2017	6	5	0	0	0	3478.5166
2017	6	5	0	30	0	3325.5066
2017	6	5	1	0	0	3113.5847
2017	6	5	1	30	0	3049.1106
2017	6	5	2	0	0	2929.89
2017	6	5	2	30	0	2921.471
2017	6	5	3	0	0	3027.805
2017	6	5	3	30	0	3085.0684
2017	6	5	4	0	0	2944.581
2017	6	5	4	30	0	3050.6296
2017	6	5	5	0	0	2835.6506
2017	6	5	5	30	0	2580.7205
2017	6	5	6	0	0	2406.6187
2017	6	5	6	30	0	2547.9417
2017	6	5	7	0	0	2297.0266
2017	6	5	7	30	0	2551.371
2017	6	5	8	0	0	2326.185
2017	6	5	8	30	0	2184.5127
2017	6	5	9	0	0	1826.7787
2017	6	5	9	30	0	1855.8677
2017	6	5	10	0	0	1968.027
2017	6	5	10	30	0	2478.9153
2017	6	5	11	0	0	3654.3013
2017	6	5	11	30	0	3869.5974
2017	6	5	12	0	0	3220.4917
2017	6	5	12	30	0	3131.072
2017	6	5	13	0	0	3526.46
2017	6	5	13	30	0	4183.434
2017	6	5	14	0	0	3832.0842
2017	6	5	14	30	0	2926.01
2017	6	5	15	0	0	3140.709
2017	6	5	15	30	0	3236.0742
2017	6	5	16	0	0	3085.031
2017	6	5	16	30	0	2721.9207
2017	6	5	17	0	0	2417.2908
2017	6	5	17	30	0	2514.3916
2017	6	5	18	0	0	2588.926
2017	6	5	18	30	0	2353.6138
2017	6	5	19	0	0	1844.8517
2017	6	5	19	30	0	1802.5183
2017	6	5	20	0	0	1683.1733
2017	6	5	20	30	0	1667.465
2017	6	5	21	0	0	1478.7147
2017	6	5	21	30	0	1423.6669
2017	6	5	22	0	0	1437.2213
2017	6	5	22	30	0	1498.3867
2017	6	5	23	0	0	1361.281
2017	6	5	23	30	0	1256.4557
2017	6	6	0	0	0	1256.804
2017	6	6	0	30	0	1279.1743
2017	6	6	1	0	0	1330.8513
2017	6	6	1	30	0	1397.92
2017	6	6	2	0	0	1405.2275
2017	6	6	2	30	0	1408.2646
2017	6	6	3	0	0	1462.3496
2017	6	6	3	30	0	1583.5667
2017	6	6	4	0	0	1801.264
2017	6	6	4	30	0	1745.793
2017	6	6	5	0	0	1808.699
2017	6	6	5	30	0	1690.6406
2017	6	6	6	0	0	1920.227
2017	6	6	6	30	0	2599.3
2017	6	6	7	0	0	2097.979
2017	6	6	7	30	0	2102.7466
2017	6	6	8	0	0	1496.8099
2017	6	6	8	30	0	1585.8573
2017	6	6	9	0	0	1585.8417
2017	6	6	9	30	0	1556.8517
2017	6	6	10	0	0	1709.0533
2017	6	6	10	30	0	2064.6797
2017	6	6	11	0	0	1974.561
2017	6	6	11	30	0	2164.1106
2017	6	6	12	0	0	2196.5767
2017	6	6	12	30	0	2728.444
2017	6	6	13	0	0	4457.154
2017	6	6	13	30	0	3550.3386
2017	6	6	14	0	0	3463.8474
2017	6	6	14	30	0	2975.4863
2017	6	6	15	0	0	2217.3438
2017	6	6	15	30	0	2132.6875
2017	6	6	16	0	0	2230.9043
2017	6	6	16	30	0	2607.5608
2017	6	6	17	0	0	3314.7087
2017	6	6	17	30	0	2985.1633
2017	6	6	18	0	0	2783.126
2017	6	6	18	30	0	2596.4116
2017	6	6	19	0	0	2684.6033
2017	6	6	19	30	0	2813.361
2017	6	6	20	0	0	2767.5527
2017	6	6	20	30	0	3004.2375
2017	6	6	21	0	0	2805.1963
2017	6	6	21	30	0	2877.9517
2017	6	6	22	0	0	3044.1533
2017	6	6	22	30	0	3056.164
2017	6	6	23	0	0	2989.7827
2017	6	6	23	30	0	2893.6458
2017	6	7	0	0	0	2732.852
2017	6	7	0	30	0	2709.0745
2017	6	7	1	0	0	2959.142
2017	6	7	1	30	0	2787.6758
2017	6	7	2	0	0	2695.9683
2017	6	7	2	30	0	3919.122
2017	6	7	3	0	0	2686.1904
2017	6	7	3	30	0	2623.8848
2017	6	7	4	0	0	2588.4492
2017	6	7	4	30	0	2635.1387
2017	6	7	5	0	0	2660.296
2017	6	7	5	30	0	2650.35
2017	6	7	6	0	0	2946.5713
2017	6	7	6	30	0	3187.085
2017	6	7	7	0	0	3144.4177
2017	6	7	7	30	0	3026.137
2017	6	7	8	0	0	3233.2217
2017	6	7	8	30	0	3183.842
2017	6	7	9	0	0	3264.7622
2017	6	7	9	30	0	2991.6692
2017	6	7	10	0	0	2592.905
2017	6	7	10	30	0	2097.074
2017	6	7	11	0	0	1995.7937
2017	6	7	11	30	0	1975.8783
2017	6	7	12	0	0	1996.217
2017	6	7	12	30	0	2216.514
2017	6	7	13	0	0	2198.687
2017	6	7	13	30	0	2242.64
2017	6	7	14	0	0	2140.0056
2017	6	7	14	30	0	2171.6458
2017	6	7	15	0	0	2156.2378
2017	6	7	15	30	0	2112.985
2017	6	7	16	0	0	2183.3389
2017	6	7	16	30	0	2257.497
2017	6	7	17	0	0	2278.8933
2017	6	7	17	30	0	2141.6404
2017	6	7	18	0	0	2237.873
2017	6	7	18	30	0	2182.5942
2017	6	7	19	0	0	2334.6033
2017	6	7	19	30	0	2571.0957
2017	6	7	20	0	0	2334.445
2017	6	7	20	30	0	2314.9683
2017	6	7	21	0	0	2231.7937
2017	6	7	21	30	0	2414.7253
2017	6	7	22	0	0	2556.4282
2017	6	7	22	30	0	2890.471
2017	6	7	23	0	0	2553.9631
2017	6	7	23	30	0	2426.6243
2017	6	8	0	0	0	2339.7139
2017	6	8	0	30	0	2404.6982
2017	6	8	1	0	0	2456.8994
2017	6	8	1	30	0	2492.2637
2017	6	8	2	0	0	2517.847
2017	6	8	2	30	0	2592.7512
2017	6	8	3	0	0	2594.7297
2017	6	8	3	30	0	2598.9375
2017	6	8	4	0	0	2639.1594
2017	6	8	4	30	0	2601.1956
2017	6	8	5	0	0	2433.3704
2017	6	8	5	30	0	2311.089
2017	6	8	6	0	0	2461.3333
2017	6	8	6	30	0	2240.476
2017	6	8	7	0	0	1727.3864
2017	6	8	7	30	0	1766.0684
2017	6	8	8	0	0	1371.6859
2017	6	8	8	30	0	1454.9214
2017	6	8	9	0	0	1601.6514
2017	6	8	9	30	0	1674.5023
2017	6	8	10	0	0	1783.3326
2017	6	8	10	30	0	1878.5767
2017	6	8	11	0	0	1906.5563
2017	6	8	11	30	0	1915.5653
2017	6	8	12	0	0	2475.5337
2017	6	8	12	30	0	2894.2065
2017	6	8	13	0	0	3157.5024
2017	6	8	13	30	0	3380.482
2017	6	8	14	0	0	3115.1216
2017	6	8	14	30	0	3076.498
2017	6	8	15	0	0	3257.354
2017	6	8	15	30	0	3463.264
2017	6	8	16	0	0	3699.0796
2017	6	8	16	30	0	3744.5874
2017	6	8	17	0	0	3739.1187
2017	6	8	17	30	0	3657.534
2017	6	8	18	0	0	3637.403
2017	6	8	18	30	0	3587.501
2017	6	8	19	0	0	3252.0427
2017	6	8	19	30	0	3142.9197
2017	6	8	20	0	0	2944.073
2017	6	8	20	30	0	2847.0684
2017	6	8	21	0	0	2868.715
2017	6	8	21	30	0	2688.8894
2017	6	8	22	0	0	2620.5706
2017	6	8	22	30	0	2531.7627
2017	6	8	23	0	0	2100.4656
2017	6	8	23	30	0	2543.847
2017	6	9	0	0	0	3088.46
2017	6	9	0	30	0	2461.7297
2017	6	9	1	0	0	2177.2651
2017	6	9	1	30	0	2948.4346
2017	6	9	2	0	0	2436.5945
2017	6	9	2	30	0	2299.804
2017	6	9	3	0	0	2256.46
2017	6	9	3	30	0	2302.3118
2017	6	9	4	0	0	2290.577
2017	6	9	4	30	0	2072.0208
2017	6	9	5	0	0	2072.5618
2017	6	9	5	30	0	2407.0483
2017	6	9	6	0	0	2249.5396
2017	6	9	6	30	0	2147.827
2017	6	9	7	0	0	2218.4026
2017	6	9	7	30	0	2321.7776
2017	6	9	8	0	0	1994.8303
2017	6	9	8	30	0	1724.4343
2017	6	9	9	0	0	1601.4014
2017	6	9	9	30	0	1588.8896
2017	6	9	10	0	0	2093.5554
2017	6	9	10	30	0	1789.222
2017	6	9	11	0	0	1589.3148
2017	6	9	11	30	0	1620.4913
2017	6	9	12	0	0	1636.7737
2017	6	9	12	30	0	1729.3757
2017	6	9	13	0	0	2346.847
2017	6	9	13	30	0	2563.7246
2017	6	9	14	0	0	2494.868
2017	6	9	14	30	0	2406.5076
2017	6	9	15	0	0	2198.799
2017	6	9	15	30	0	2008.4845
2017	6	9	16	0	0	2031.5343
2017	6	9	16	30	0	2011.9777
2017	6	9	17	0	0	1888.5233
2017	6	9	17	30	0	1840.4863
2017	6	9	18	0	0	1749.0743
2017	6	9	18	30	0	1704.83
2017	6	9	19	0	0	1716.3553
2017	6	9	19	30	0	1727.6876
2017	6	9	20	0	0	1679.8959
2017	6	9	20	30	0	1749.64
2017	6	9	21	0	0	1858.8463
2017	6	9	21	30	0	1900.805
2017	6	9	22	0	0	1978.995
2017	6	9	22	30	0	2140.8838
2017	6	9	23	0	0	2332.8843
2017	6	9	23	30	0	2363.4067
2017	6	10	0	0	0	2326.8257
2017	6	10	0	30	0	2375.8347
2017	6	10	1	0	0	2334.878
2017	6	10	1	30	0	2314.9836
2017	6	10	2	0	0	2354.7554
2017	6	10	2	30	0	2163.8416
2017	6	10	3	0	0	1918.82
2017	6	10	3	30	0	2022.9736
2017	6	10	4	0	0	1886.297
2017	6	10	4	30	0	1819.307
2017	6	10	5	0	0	1823.6448
2017	6	10	5	30	0	1565.3074
2017	6	10	6	0	0	1621.1003
2017	6	10	6	30	0	1703.7877
2017	6	10	7	0	0	1532.3544
2017	6	10	7	30	0	1456.7717
2017	6	10	8	0	0	1507.2286
2017	6	10	8	30	0	1450.456
2017	6	10	9	0	0	1492.1433
2017	6	10	9	30	0	1516.8256
2017	6	10	10	0	0	1598.4064
2017	6	10	10	30	0	1327.2327
2017	6	10	11	0	0	1328.958
2017	6	10	11	30	0	1206.016
2017	6	10	12	0	0	1137.354
2017	6	10	12	30	0	1063.372
2017	6	10	13	0	0	1039.4904
2017	6	10	13	30	0	1343.8113
2017	6	10	14	0	0	989.2631
2017	6	10	14	30	0	955.2
2017	6	10	15	0	0	948.47766
2017	6	10	15	30	0	990.2267
2017	6	10	16	0	0	1018.3857
2017	6	10	16	30	0	1099.5807
2017	6	10	17	0	0	1217.3334
2017	6	10	17	30	0	1191.7354
2017	6	10	18	0	0	1264.296
2017	6	10	18	30	0	1534.2734
2017	6	10	19	0	0	1517.9573
2017	6	10	19	30	0	1552.8573
2017	6	10	20	0	0	1571.9576
2017	6	10	20	30	0	1726.1003
2017	6	10	21	0	0	1697.2007
2017	6	10	21	30	0	1530.164
2017	6	10	22	0	0	2048.1375
2017	6	10	22	30	0	2568.132
2017	6	10	23	0	0	2647.138
2017	6	10	23	30	0	2500.779
2017	6	11	0	0	0	2390.5496
2017	6	11	0	30	0	2287.243
2017	6	11	1	0	0	2196.111
2017	6	11	1	30	0	2110.4226
2017	6	11	2	0	0	2084.899
2017	6	11	2	30	0	2019.3447
2017	6	11	3	0	0	2002.9954
2017	6	11	3	30	0	1984.609
2017	6	11	4	0	0	1994.0056
2017	6	11	4	30	0	1949.493
2017	6	11	5	0	0	1909.5823
2017	6	11	5	30	0	1895.2704
2017	6	11	6	0	0	1822.2537
2017	6	11	6	30	0	1694.9677
2017	6	11	7	0	0	1644.7773
2017	6	11	7	30	0	1638.5934
2017	6	11	8	0	0	1615.1396
2017	6	11	8	30	0	1506.9153
2017	6	11	9	0	0	1500.2223
2017	6	11	9	30	0	1377.741
2017	6	11	10	0	0	1345.9574
2017	6	11	10	30	0	1375.5077
2017	6	11	11	0	0	1398.127
2017	6	11	11	30	0	1539.1267
2017	6	11	12	0	0	1600.8727
2017	6	11	12	30	0	1603.2997
2017	6	11	13	0	0	1683.8683
2017	6	11	13	30	0	1796.5607
2017	6	11	14	0	0	2241.873
2017	6	11	14	30	0	2268.1323
2017	6	11	15	0	0	2048.6133
2017	6	11	15	30	0	2121.7292
2017	6	11	16	0	0	2321.4492
2017	6	11	16	30	0	2694.2903
2017	6	11	17	0	0	3498.6814
2017	6	11	17	30	0	4406.8984
2017	6	11	18	0	0	4677.7144
2017	6	11	18	30	0	4630.158
2017	6	11	19	0	0	5068.8564
2017	6	11	19	30	0	4896.328
2017	6	11	20	0	0	4834.614
2017	6	11	20	30	0	4610.973
2017	6	11	21	0	0	4269.7617
2017	6	11	21	30	0	3841.9597
2017	6	11	22	0	0	3632.2856
2017	6	11	22	30	0	3802.1433
2017	6	11	23	0	0	4773.4277
2017	6	11	23	30	0	4157.1006
2017	6	12	0	0	0	3678.027
2017	6	12	0	30	0	3356.958
2017	6	12	1	0	0	3171.8838
2017	6	12	1	30	0	2916.174
2017	6	12	2	0	0	2657.291
2017	6	12	2	30	0	2524.3333
2017	6	12	3	0	0	2512.619
2017	6	12	3	30	0	2801.8467
2017	6	12	4	0	0	2930.8364
2017	6	12	4	30	0	2894.9363
2017	6	12	5	0	0	2652.9734
2017	6	12	5	30	0	2606.317
2017	6	12	6	0	0	2722.1956
2017	6	12	6	30	0	2821.7856
2017	6	12	7	0	0	2600.8257
2017	6	12	7	30	0	2108.3706
2017	6	12	8	0	0	1996.7146
2017	6	12	8	30	0	1990.6304
2017	6	12	9	0	0	1943.5023
2017	6	12	9	30	0	1975.8417
2017	6	12	10	0	0	1966.3384
2017	6	12	10	30	0	1760.5973
2017	6	12	11	0	0	2030.5145
2017	6	12	11	30	0	1955.3806
2017	6	12	12	0	0	1811.662
2017	6	12	12	30	0	1979.5197
2017	6	12	13	0	0	1735.1847
2017	6	12	13	30	0	1910.5443
2017	6	12	14	0	0	1667.4287
2017	6	12	14	30	0	1380.0004
2017	6	12	15	0	0	1309.884
2017	6	12	15	30	0	1335.61
2017	6	12	16	0	0	1340.344
2017	6	12	16	30	0	1364.0953
2017	6	12	17	0	0	1339.3066
2017	6	12	17	30	0	1349.0687
2017	6	12	18	0	0	1345.243
2017	6	12	18	30	0	1207.11
2017	6	12	19	0	0	1085.6487
2017	6	12	19	30	0	1035.8176
2017	6	12	20	0	0	1046.4772
2017	6	12	20	30	0	1111.385
2017	6	12	21	0	0	1231.0477
2017	6	12	21	30	0	1204.7463
2017	6	12	22	0	0	1161.1583
2017	6	12	22	30	0	1323.7773
2017	6	12	23	0	0	1286.1167
2017	6	12	23	30	0	1125.2227
2017	6	13	0	0	0	1004.4537
2017	6	13	0	30	0	997.71436
2017	6	13	1	0	0	1055.4886
2017	6	13	1	30	0	1066.7764
2017	6	13	2	0	0	1002.12463
2017	6	13	2	30	0	921.7557
2017	6	13	3	0	0	910.8367
2017	6	13	3	30	0	908.68036
2017	6	13	4	0	0	853.17267
2017	6	13	4	30	0	800.704
2017	6	13	5	0	0	815.938
2017	6	13	5	30	0	919.873
2017	6	13	6	0	0	1016.9448
2017	6	13	6	30	0	1019.735
2017	6	13	7	0	0	1057.861
2017	6	13	7	30	0	1136.0283
2017	6	13	8	0	0	1138.5447
2017	6	13	8	30	0	807.96936
2017	6	13	9	0	0	810.42334
2017	6	13	9	30	0	847.82135
2017	6	13	10	0	0	869.85535
2017	6	13	10	30	0	893.02136
2017	6	13	11	0	0	799.8467
2017	6	13	11	30	0	731.0707
2017	6	13	12	0	0	723.539
2017	6	13	12	30	0	740.35565
2017	6	13	13	0	0	739.132
2017	6	13	13	30	0	925.4767
2017	6	13	14	0	0	1094.7533
2017	6	13	14	30	0	1138.788
2017	6	13	15	0	0	1235.6368
2017	6	13	15	30	0	1240.3813
2017	6	13	16	0	0	1252.4127
2017	6	13	16	30	0	1199.2864
2017	6	13	17	0	0	1268.815
2017	6	13	17	30	0	1777.572
2017	6	13	18	0	0	1395.8887
2017	6	13	18	30	0	1381.597
2017	6	13	19	0	0	1761.3494
2017	6	13	19	30	0	2119.7144
2017	6	13	20	0	0	2690.509
2017	6	13	20	30	0	3080.805
2017	6	13	21	0	0	3116.5566
2017	6	13	21	30	0	3107.1213
2017	6	13	22	0	0	3066.7979
2017	6	13	22	30	0	3089.768
2017	6	13	23	0	0	3236.8296
2017	6	13	23	30	0	3400.0208
2017	6	14	0	0	0	3341.154
2017	6	14	0	30	0	3090.8267
2017	6	14	1	0	0	2677.6833
2017	6	14	1	30	0	2560.2537
2017	6	14	2	0	0	2431.2493
2017	6	14	2	30	0	2405.2913
2017	6	14	3	0	0	2387.736
2017	6	14	3	30	0	2352.2644
2017	6	14	4	0	0	2753.6091
2017	6	14	4	30	0	3093.313
2017	6	14	5	0	0	3166.2651
2017	6	14	5	30	0	3070.016
2017	6	14	6	0	0	2955.9
2017	6	14	6	30	0	2835.4446
2017	6	14	7	0	0	2441.7036
2017	6	14	7	30	0	1512.3124
2017	6	14	8	0	0	1521.357
2017	6	14	8	30	0	1892.248
2017	6	14	9	0	0	1722.159
2017	6	14	9	30	0	1870.222
2017	6	14	10	0	0	1733.1428
2017	6	14	10	30	0	1790.792
2017	6	14	11	0	0	1517.493
2017	6	14	11	30	0	1395.6243
2017	6	14	12	0	0	1466.6876
2017	6	14	12	30	0	1256.8263
2017	6	14	13	0	0	1299.2804
2017	6	14	13	30	0	1351.3016
2017	6	14	14	0	0	1653.1797
2017	6	14	14	30	0	2187.9048
2017	6	14	15	0	0	2843.4485
2017	6	14	15	30	0	3312.8936
2017	6	14	16	0	0	3282.159
2017	6	14	16	30	0	3470.9524
2017	6	14	17	0	0	3081.8994
2017	6	14	17	30	0	3132.9573
2017	6	14	18	0	0	3983.206
2017	6	14	18	30	0	4264.2695
2017	6	14	19	0	0	4305.846
2017	6	14	19	30	0	4207.8555
2017	6	14	20	0	0	4233.19
2017	6	14	20	30	0	4458.117
2017	6	14	21	0	0	4517.645
2017	6	14	21	30	0	4386.026
2017	6	14	22	0	0	4204.7734
2017	6	14	22	30	0	4009.7246
2017	6	14	23	0	0	3759.127
2017	6	14	23	30	0	3630.7617
2017	6	15	0	0	0	3614.0847
2017	6	15	0	30	0	3510.8044
2017	6	15	1	0	0	3568.069
2017	6	15	1	30	0	3552.6233
2017	6	15	2	0	0	3528.9736
2017	6	15	2	30	0	3458.5981
2017	6	15	3	0	0	3428.0837
2017	6	15	3	30	0	3325.5828
2017	6	15	4	0	0	3253.9683
2017	6	15	4	30	0	3164.361
2017	6	15	5	0	0	3116.9558
2017	6	15	5	30	0	3214.1953
2017	6	15	6	0	0	3342.1904
2017	6	15	6	30	0	3196.3022
2017	6	15	7	0	0	3174.7466
2017	6	15	7	30	0	3447.629
2017	6	15	8	0	0	3584.243
2017	6	15	8	30	0	3618.0593
2017	6	15	9	0	0	4234.254
2017	6	15	9	30	0	4432.015
2017	6	15	10	0	0	3975.2493
2017	6	15	10	30	0	3676.154
2017	6	15	11	0	0	3573.0576
2017	6	15	11	30	0	3209.2966
2017	6	15	12	0	0	2909.862
2017	6	15	12	30	0	2344.3496
2017	6	15	13	0	0	2400.757
2017	6	15	13	30	0	2534.4504
2017	6	15	14	0	0	2541.714
2017	6	15	14	30	0	2422.255
2017	6	15	15	0	0	2378.1523
2017	6	15	15	30	0	2307.9946
2017	6	15	16	0	0	2203.5186
2017	6	15	16	30	0	2142.7783
2017	6	15	17	0	0	2149.4062
2017	6	15	17	30	0	2486.3657
2017	6	15	18	0	0	2813.2966
2017	6	15	18	30	0	2829.9097
2017	6	15	19	0	0	3182.2769
2017	6	15	19	30	0	3291.1963
2017	6	15	20	0	0	2729.6353
2017	6	15	20	30	0	4031.069
2017	6	15	21	0	0	3436.498
2017	6	15	21	30	0	2583.0894
2017	6	15	22	0	0	2649.0837
2017	6	15	22	30	0	2931.423
2017	6	15	23	0	0	3138.4812
2017	6	15	23	30	0	3089.5923
2017	6	16	0	0	0	3003.0876
2017	6	16	0	30	0	2550.4387
2017	6	16	1	0	0	2323.5398
2017	6	16	1	30	0	2195.4492
2017	6	16	2	0	0	2087.492
2017	6	16	2	30	0	2103.5605
2017	6	16	3	0	0	2015.3223
2017	6	16	3	30	0	2003.09
2017	6	16	4	0	0	2022.3594
2017	6	16	4	30	0	2010.0325
2017	6	16	5	0	0	2134.4814
2017	6	16	5	30	0	2096.1694
2017	6	16	6	0	0	1998.1527
2017	6	16	6	30	0	1992.593
2017	6	16	7	0	0	1888.143
2017	6	16	7	30	0	1976.6776
2017	6	16	8	0	0	2247.117
2017	6	16	8	30	0	1435.3359
2017	6	16	9	0	0	1076.793
2017	6	16	9	30	0	1192.5562
2017	6	16	10	0	0	1338.3704
2017	6	16	10	30	0	1744.9207
2017	6	16	11	0	0	1887.9987
2017	6	16	11	30	0	1825.2423
2017	6	16	12	0	0	1766.1217
2017	6	16	12	30	0	1669.3964
2017	6	16	13	0	0	1489.5603
2017	6	16	13	30	0	1592.688
2017	6	16	14	0	0	1560.3386
2017	6	16	14	30	0	2214.7837
2017	6	16	15	0	0	3088.058
2017	6	16	15	30	0	4189.8735
2017	6	16	16	0	0	5107.0527
2017	6	16	16	30	0	4127.159
2017	6	16	17	0	0	2611.1216
2017	6	16	17	30	0	3341.9583
2017	6	16	18	0	0	4004.0637
2017	6	16	18	30	0	3513.9316
2017	6	16	19	0	0	3153.445
2017	6	16	19	30	0	3348.0845
2017	6	16	20	0	0	3805.4226
2017	6	16	20	30	0	3850.227
2017	6	16	21	0	0	5025.9785
2017	6	16	21	30	0	3904.8264
2017	6	16	22	0	0	3490.545
2017	6	16	22	30	0	3252.7188
2017	6	16	23	0	0	3229.8894
2017	6	16	23	30	0	3212.4124
2017	6	17	0	0	0	3224.7834
2017	6	17	0	30	0	3302.9463
2017	6	17	1	0	0	3307.8577
2017	6	17	1	30	0	3259.042
2017	6	17	2	0	0	3172.238
2017	6	17	2	30	0	3041.031
2017	6	17	3	0	0	2848.7617
2017	6	17	3	30	0	2812.4026
2017	6	17	4	0	0	2590.9316
2017	6	17	4	30	0	2491.7908
2017	6	17	5	0	0	2552.989
2017	6	17	5	30	0	2520.7083
2017	6	17	6	0	0	2237.1863
2017	6	17	6	30	0	2281.3176
2017	6	17	7	0	0	2207.2324
2017	6	17	7	30	0	2010.1797
2017	6	17	8	0	0	1972.4127
2017	6	17	8	30	0	1841.408
2017	6	17	9	0	0	1864.444
2017	6	17	9	30	0	1708.369
2017	6	17	10	0	0	1644.0747
2017	6	17	10	30	0	1602.6614
2017	6	17	11	0	0	1691.64
2017	6	17	11	30	0	1736.4287
2017	6	17	12	0	0	1691.7253
2017	6	17	12	30	0	1509.9366
2017	6	17	13	0	0	1582.285
2017	6	17	13	30	0	1657.5923
2017	6	17	14	0	0	1743.7346
2017	6	17	14	30	0	2021.3842
2017	6	17	15	0	0	3226.677
2017	6	17	15	30	0	4464.761
2017	6	17	16	0	0	3744.8833
2017	6	17	16	30	0	2959.704
2017	6	17	17	0	0	2314.8616
2017	6	17	17	30	0	1742.265
2017	6	17	18	0	0	1463.5973
2017	6	17	18	30	0	1441.9736
2017	6	17	19	0	0	1511.949
2017	6	17	19	30	0	1534.0046
2017	6	17	20	0	0	1542.0907
2017	6	17	20	30	0	1684.306
2017	6	17	21	0	0	1709.968
2017	6	17	21	30	0	2666.89
2017	6	17	22	0	0	2119.016
2017	6	17	22	30	0	1908.6023
2017	6	17	23	0	0	1813.0154
2017	6	17	23	30	0	1857.0844
2017	6	18	0	0	0	1759.5676
2017	6	18	0	30	0	1790.6294
2017	6	18	1	0	0	1865.0114
2017	6	18	1	30	0	1903.2533
2017	6	18	2	0	0	1939.35
2017	6	18	2	30	0	1901.6023
2017	6	18	3	0	0	1853.873
2017	6	18	3	30	0	1794.9894
2017	6	18	4	0	0	1764.1907
2017	6	18	4	30	0	1728.6187
2017	6	18	5	0	0	1708.2324
2017	6	18	5	30	0	1688.6664
2017	6	18	6	0	0	1712.2284
2017	6	18	6	30	0	1738.8303
2017	6	18	7	0	0	1755.8777
2017	6	18	7	30	0	1796.26
2017	6	18	8	0	0	1986.868
2017	6	18	8	30	0	2770.6401
2017	6	18	9	0	0	3009.636
2017	6	18	9	30	0	3114.3188
2017	6	18	10	0	0	2738.5664
2017	6	18	10	30	0	2593.2488
2017	6	18	11	0	0	2586.09
2017	6	18	11	30	0	2694.8623
2017	6	18	12	0	0	3065.4014
2017	6	18	12	30	0	2735.7036
2017	6	18	13	0	0	3001.947
2017	6	18	13	30	0	3420.6667
2017	6	18	14	0	0	2827.234
2017	6	18	14	30	0	2332.5068
2017	6	18	15	0	0	2095.0632
2017	6	18	15	30	0	2139.2124
2017	6	18	16	0	0	2318.5505
2017	6	18	16	30	0	2170.1426
2017	6	18	17	0	0	2359.3552
2017	6	18	17	30	0	2970.8145
2017	6	18	18	0	0	2914.8997
2017	6	18	18	30	0	2777.698
2017	6	18	19	0	0	2800.9907
2017	6	18	19	30	0	2597.4656
2017	6	18	20	0	0	2837.5503
2017	6	18	20	30	0	2752.745
2017	6	18	21	0	0	2756.323
2017	6	18	21	30	0	2734.798
2017	6	18	22	0	0	2723.1362
2017	6	18	22	30	0	2763.6824
2017	6	18	23	0	0	3053.4653
2017	6	18	23	30	0	3248.7083
2017	6	19	0	0	0	3587.909
2017	6	19	0	30	0	3746.079
2017	6	19	1	0	0	3575.746
2017	6	19	1	30	0	3208.7666
2017	6	19	2	0	0	2971.9888
2017	6	19	2	30	0	2781.4924
2017	6	19	3	0	0	2471.2966
2017	6	19	3	30	0	2149.7244
2017	6	19	4	0	0	2012.1637
2017	6	19	4	30	0	1888.8783
2017	6	19	5	0	0	1635.984
2017	6	19	5	30	0	1411.9153
2017	6	19	6	0	0	1278.2003
2017	6	19	6	30	0	1192.2587
2017	6	19	7	0	0	1122.6233
2017	6	19	7	30	0	980.103
2017	6	19	8	0	0	1001.836
2017	6	19	8	30	0	1121.8894
2017	6	19	9	0	0	1229.338
2017	6	19	9	30	0	1539.2769
2017	6	19	10	0	0	2496.45
2017	6	19	10	30	0	3593.3489
2017	6	19	11	0	0	4174.576
2017	6	19	11	30	0	5638.487
2017	6	19	12	0	0	6688.6675
2017	6	19	12	30	0	7889.2383
2017	6	19	13	0	0	6272.7935
2017	6	19	13	30	0	5716.217
2017	6	19	14	0	0	5569.793
2017	6	19	14	30	0	5940.2915
2017	6	19	15	0	0	6788.936
2017	6	19	15	30	0	6175.228
2017	6	19	16	0	0	5465.248
2017	6	19	16	30	0	5065.5293
2017	6	19	17	0	0	4638.5923
2017	6	19	17	30	0	4443.6714
2017	6	19	18	0	0	4257.3804
2017	6	19	18	30	0	4556.265
2017	6	19	19	0	0	4539.9233
2017	6	19	19	30	0	4073.9043
2017	6	19	20	0	0	4211.508
2017	6	19	20	30	0	4154.149
2017	6	19	21	0	0	4227.3237
2017	6	19	21	30	0	4465.545
2017	6	19	22	0	0	4792.672
2017	6	19	22	30	0	4707.8726
2017	6	19	23	0	0	4586.725
2017	6	19	23	30	0	4453.3594
2017	6	20	0	0	0	4288.473
2017	6	20	0	30	0	4176.032
2017	6	20	1	0	0	3938.2969
2017	6	20	1	30	0	3700.4336
2017	6	20	2	0	0	3407.439
2017	6	20	2	30	0	3252.2544
2017	6	20	3	0	0	3072.1963
2017	6	20	3	30	0	2841.7983
2017	6	20	4	0	0	2672.3752
2017	6	20	4	30	0	2610.3547
2017	6	20	5	0	0	2738.1157
2017	6	20	5	30	0	2799.0154
2017	6	20	6	0	0	2766.878
2017	6	20	6	30	0	2924.064
2017	6	20	7	0	0	2941.27
2017	6	20	7	30	0	2936.063
2017	6	20	8	0	0	3138.6143
2017	6	20	8	30	0	3227.7192
2017	6	20	9	0	0	4044.64
2017	6	20	9	30	0	4158.7085
2017	6	20	10	0	0	3095.0903
2017	6	20	10	30	0	2413.942
2017	6	20	11	0	0	2329.3699
2017	6	20	11	30	0	2340.354
2017	6	20	12	0	0	2115.656
2017	6	20	12	30	0	2107.1536
2017	6	20	13	0	0	1960.3237
2017	6	20	13	30	0	2183.392
2017	6	20	14	0	0	2078.657
2017	6	20	14	30	0	1926.4862
2017	6	20	15	0	0	1753.571
2017	6	20	15	30	0	1580.1847
2017	6	20	16	0	0	1687.5029
2017	6	20	16	30	0	1778.936
2017	6	20	17	0	0	1777.8527
2017	6	20	17	30	0	1844.9526
2017	6	20	18	0	0	1706.8843
2017	6	20	18	30	0	1796.8463
2017	6	20	19	0	0	1755.91
2017	6	20	19	30	0	2111.6587
2017	6	20	20	0	0	2393.3333
2017	6	20	20	30	0	2349.4656
2017	6	20	21	0	0	2734.8877
2017	6	20	21	30	0	3055.3867
2017	6	20	22	0	0	3064.7673
2017	6	20	22	30	0	2673.0266
2017	6	20	23	0	0	2465.1316
2017	6	20	23	30	0	2722.2114
2017	6	21	0	0	0	3881.2065
2017	6	21	0	30	0	3965.4067
2017	6	21	1	0	0	3739.0422
2017	6	21	1	30	0	3639.6055
2017	6	21	2	0	0	3651.64
2017	6	21	2	30	0	3865.746
2017	6	21	3	0	0	3879.3596
2017	6	21	3	30	0	3643.937
2017	6	21	4	0	0	3190.5664
2017	6	21	4	30	0	3001.8787
2017	6	21	5	0	0	2854.598
2017	6	21	5	30	0	2564.8896
2017	6	21	6	0	0	2168.1797
2017	6	21	6	30	0	1845.191
2017	6	21	7	0	0	1906.4023
2017	6	21	7	30	0	2088.4626
2017	6	21	8	0	0	2189.0847
2017	6	21	8	30	0	2218.9414
2017	6	21	9	0	0	2423.2124
2017	6	21	9	30	0	2588.8516
2017	6	21	10	0	0	2458.46
2017	6	21	10	30	0	958.811
2017	6	21	11	0	0	1144.7097
2017	6	21	11	30	0	2016.038
2017	6	21	12	0	0	2189.8257
2017	6	21	12	30	0	2345.566
2017	6	21	13	0	0	2224.888
2017	6	21	13	30	0	1962.1693
2017	6	21	14	0	0	3792.7737
2017	6	21	14	30	0	6873.132
2017	6	21	15	0	0	6126.5547
2017	6	21	15	30	0	6137.9316
2017	6	21	16	0	0	6552.1807
2017	6	21	16	30	0	6097.2285
2017	6	21	17	0	0	7127.428
2017	6	21	17	30	0	7889.2065
2017	6	21	18	0	0	6613.803
2017	6	21	18	30	0	6639.9507
2017	6	21	19	0	0	7351.2056
2017	6	21	19	30	0	6894.7256
2017	6	21	20	0	0	5546.1377
2017	6	21	20	30	0	4930.2056
2017	6	21	21	0	0	4441.434
2017	6	21	21	30	0	4440.387
2017	6	21	22	0	0	4452.862
2017	6	21	22	30	0	4298.4385
2017	6	21	23	0	0	4185.2383
2017	6	21	23	30	0	3936.852
2017	6	22	0	0	0	3784.1013
2017	6	22	0	30	0	3004.7893
2017	6	22	1	0	0	2424.873
2017	6	22	1	30	0	2011.1431
2017	6	22	2	0	0	1811.0214
2017	6	22	2	30	0	1867.355
2017	6	22	3	0	0	1914.201
2017	6	22	3	30	0	2001.9197
2017	6	22	4	0	0	2077.1055
2017	6	22	4	30	0	2235.5503
2017	6	22	5	0	0	2225.2166
2017	6	22	5	30	0	2137.931
2017	6	22	6	0	0	1917.1976
2017	6	22	6	30	0	1721.7354
2017	6	22	7	0	0	1630.2223
2017	6	22	7	30	0	1587.444
2017	6	22	8	0	0	1563.4447
2017	6	22	8	30	0	1442.8837
2017	6	22	9	0	0	1461.9586
2017	6	22	9	30	0	1497.5876
2017	6	22	10	0	0	1496.8077
2017	6	22	10	30	0	1405.254
2017	6	22	11	0	0	1475.9006
2017	6	22	11	30	0	1656.502
2017	6	22	12	0	0	1549.905
2017	6	22	12	30	0	1405.9846
2017	6	22	13	0	0	1253.338
2017	6	22	13	30	0	1323.6096
2017	6	22	14	0	0	1350.1057
2017	6	22	14	30	0	1358.5017
2017	6	22	15	0	0	1898.6354
2017	6	22	15	30	0	2466.3064
2017	6	22	16	0	0	2699.301
2017	6	22	16	30	0	3085.2986
2017	6	22	17	0	0	4278.1113
2017	6	22	17	30	0	4734.2334
2017	6	22	18	0	0	6632.2437
2017	6	22	18	30	0	6108.9746
2017	6	22	19	0	0	5586.455
2017	6	22	19	30	0	4488.4443
2017	6	22	20	0	0	3825.566
2017	6	22	20	30	0	3196.9043
2017	6	22	21	0	0	3136.6982
2017	6	22	21	30	0	3190.4265
2017	6	22	22	0	0	3223.1743
2017	6	22	22	30	0	3396.9683
2017	6	22	23	0	0	3350.698
2017	6	22	23	30	0	3387.629
2017	6	23	0	0	0	3409.0532
2017	6	23	0	30	0	3571.5024
2017	6	23	1	0	0	3602.847
2017	6	23	1	30	0	3581.2695
2017	6	23	2	0	0	3368.1003
2017	6	23	2	30	0	3303.0156
2017	6	23	3	0	0	3083.4976
2017	6	23	3	30	0	2861.9421
2017	6	23	4	0	0	2709.672
2017	6	23	4	30	0	2532.7417
2017	6	23	5	0	0	1943.049
2017	6	23	5	30	0	1581.1527
2017	6	23	6	0	0	1706.02
2017	6	23	6	30	0	1839.338
2017	6	23	7	0	0	1716.5763
2017	6	23	7	30	0	1376.688
2017	6	23	8	0	0	1227.0507
2017	6	23	8	30	0	1254.7827
2017	6	23	9	0	0	1218.825
2017	6	23	9	30	0	1209.3176
2017	6	23	10	0	0	1026.3444
2017	6	23	10	30	0	699.153
2017	6	23	11	0	0	804.202
2017	6	23	11	30	0	917.82434
2017	6	23	12	0	0	1156.9363
2017	6	23	12	30	0	1151.761
2017	6	23	13	0	0	1768.8359
2017	6	23	13	30	0	2697.8057
2017	6	23	14	0	0	2887.3228
2017	6	23	14	30	0	2341.2966
2017	6	23	15	0	0	2363.5557
2017	6	23	15	30	0	3236.487
2017	6	23	16	0	0	5148.2905
2017	6	23	16	30	0	5987.629
2017	6	23	17	0	0	5582.27
2017	6	23	17	30	0	4910.492
2017	6	23	18	0	0	4426.434
2017	6	23	18	30	0	4391.477
2017	6	23	19	0	0	4681.9683
2017	6	23	19	30	0	4656.249
2017	6	23	20	0	0	5053.7837
2017	6	23	20	30	0	4738.826
2017	6	23	21	0	0	4324.778
2017	6	23	21	30	0	4100.524
2017	6	23	22	0	0	4305.365
2017	6	23	22	30	0	4826.899
2017	6	23	23	0	0	5021.688
2017	6	23	23	30	0	4972.7144
2017	6	24	0	0	0	5226.3276
2017	6	24	0	30	0	5829.1855
2017	6	24	1	0	0	6065.0684
2017	6	24	1	30	0	7134.651
2017	6	24	2	0	0	7304.0425
2017	6	24	2	30	0	7501.6304
2017	6	24	3	0	0	7038.2007
2017	6	24	3	30	0	6673.143
2017	6	24	4	0	0	6797.5615
2017	6	24	4	30	0	6787.5513
2017	6	24	5	0	0	6750.6343
2017	6	24	5	30	0	6786.0747
2017	6	24	6	0	0	5935.7075
2017	6	24	6	30	0	5031.593
2017	6	24	7	0	0	4303.9736
2017	6	24	7	30	0	3589.4016
2017	6	24	8	0	0	3374.7834
2017	6	24	8	30	0	2858.5757
2017	6	24	9	0	0	3062.302
2017	6	24	9	30	0	3022.2966
2017	6	24	10	0	0	3135.2903
2017	6	24	10	30	0	2553.9358
2017	6	24	11	0	0	2290.1582
2017	6	24	11	30	0	2310.8516
2017	6	24	12	0	0	2285.503
2017	6	24	12	30	0	2203.335
2017	6	24	13	0	0	2107.0742
2017	6	24	13	30	0	2209.9792
2017	6	24	14	0	0	2156.5183
2017	6	24	14	30	0	2239.106
2017	6	24	15	0	0	2517.1113
2017	6	24	15	30	0	2385.741
2017	6	24	16	0	0	2276.7659
2017	6	24	16	30	0	2301.5596
2017	6	24	17	0	0	2275.128
2017	6	24	17	30	0	2321.4167
2017	6	24	18	0	0	2334.413
2017	6	24	18	30	0	1881.291
2017	6	24	19	0	0	1882.1263
2017	6	24	19	30	0	2283.937
2017	6	24	20	0	0	2147.6033
2017	6	24	20	30	0	2408.2646
2017	6	24	21	0	0	2377.9028
2017	6	24	21	30	0	2213.1277
2017	6	24	22	0	0	2212.549
2017	6	24	22	30	0	2456.9053
2017	6	24	23	0	0	2724.9143
2017	6	24	23	30	0	2990.249
2017	6	25	0	0	0	2940.613
2017	6	25	0	30	0	2942.111
2017	6	25	1	0	0	2928.6335
2017	6	25	1	30	0	2974.9048
2017	6	25	2	0	0	2814.3757
2017	6	25	2	30	0	2564.7734
2017	6	25	3	0	0	2329.0056
2017	6	25	3	30	0	2142.8677
2017	6	25	4	0	0	2004.6934
2017	6	25	4	30	0	1797.1857
2017	6	25	5	0	0	1467.5984
2017	6	25	5	30	0	1314.571
2017	6	25	6	0	0	1350.8143
2017	6	25	6	30	0	1362.344
2017	6	25	7	0	0	1354.254
2017	6	25	7	30	0	1346.6389
2017	6	25	8	0	0	1331.2754
2017	6	25	8	30	0	1354.2866
2017	6	25	9	0	0	1356.1747
2017	6	25	9	30	0	1236.6573
2017	6	25	10	0	0	1055.482
2017	6	25	10	30	0	904.87164
2017	6	25	11	0	0	1060.7864
2017	6	25	11	30	0	1137.455
2017	6	25	12	0	0	1250.0847
2017	6	25	12	30	0	1354.8617
2017	6	25	13	0	0	1402.5565
2017	6	25	13	30	0	1593.303
2017	6	25	14	0	0	1720.704
2017	6	25	14	30	0	1871.3806
2017	6	25	15	0	0	1901.5353
2017	6	25	15	30	0	1870.7567
2017	6	25	16	0	0	1725.8197
2017	6	25	16	30	0	1689.2167
2017	6	25	17	0	0	1734.5667
2017	6	25	17	30	0	1912.3756
2017	6	25	18	0	0	1926.7666
2017	6	25	18	30	0	1877.878
2017	6	25	19	0	0	1827.635
2017	6	25	19	30	0	1962.2853
2017	6	25	20	0	0	1849.466
2017	6	25	20	30	0	1634.048
2017	6	25	21	0	0	1566.5653
2017	6	25	21	30	0	1591.3434
2017	6	25	22	0	0	1730.1113
2017	6	25	22	30	0	1921.4493
2017	6	25	23	0	0	1998.4679
2017	6	25	23	30	0	2128.1902
2017	6	26	0	0	0	2109.1057
2017	6	26	0	30	0	2100.8303
2017	6	26	1	0	0	2208.01
2017	6	26	1	30	0	2554.603
2017	6	26	2	0	0	2886.9788
2017	6	26	2	30	0	3159.2327
2017	6	26	3	0	0	3312.085
2017	6	26	3	30	0	3220.3706
2017	6	26	4	0	0	3056.0537
2017	6	26	4	30	0	2862.672
2017	6	26	5	0	0	2741.5774
2017	6	26	5	30	0	2741.8367
2017	6	26	6	0	0	2664.181
2017	6	26	6	30	0	2731.132
2017	6	26	7	0	0	2766.1052
2017	6	26	7	30	0	2912.8464
2017	6	26	8	0	0	3108.7087
2017	6	26	8	30	0	3057.0964
2017	6	26	9	0	0	2980.1697
2017	6	26	9	30	0	2874.5496
2017	6	26	10	0	0	2574.1426
2017	6	26	10	30	0	2556.45
2017	6	26	11	0	0	2058.7712
2017	6	26	11	30	0	1904.7294
2017	6	26	12	0	0	1984.0056
2017	6	26	12	30	0	1881.2966
2017	6	26	13	0	0	2085.1846
2017	6	26	13	30	0	2497.3174
2017	6	26	14	0	0	2964.6023
2017	6	26	14	30	0	2152.561
2017	6	26	15	0	0	1884.2706
2017	6	26	15	30	0	2562.8777
2017	6	26	16	0	0	2468.434
2017	6	26	16	30	0	2271.2598
2017	6	26	17	0	0	3232.6726
2017	6	26	17	30	0	2570.3804
2017	6	26	18	0	0	2473.5146
2017	6	26	18	30	0	2395.603
2017	6	26	19	0	0	2630.6511
2017	6	26	19	30	0	2638.1062
2017	6	26	20	0	0	2088.1582
2017	6	26	20	30	0	2658.7937
2017	6	26	21	0	0	2936.4177
2017	6	26	21	30	0	2549.0537
2017	6	26	22	0	0	2221.6348
2017	6	26	22	30	0	2035.7837
2017	6	26	23	0	0	2067.7783
2017	6	26	23	30	0	1846.1483
2017	6	27	0	0	0	1789.7246
2017	6	27	0	30	0	1736.7538
2017	6	27	1	0	0	1827.355
2017	6	27	1	30	0	1815.8467
2017	6	27	2	0	0	1978.318
2017	6	27	2	30	0	2183.561
2017	6	27	3	0	0	2128.3394
2017	6	27	3	30	0	2315.518
2017	6	27	4	0	0	2277.8513
2017	6	27	4	30	0	2150.8784
2017	6	27	5	0	0	2043.0634
2017	6	27	5	30	0	1926.9738
2017	6	27	6	0	0	1686.8363
2017	6	27	6	30	0	1694.037
2017	6	27	7	0	0	1598.0056
2017	6	27	7	30	0	1414.91
2017	6	27	8	0	0	1324.1537
2017	6	27	8	30	0	1286.932
2017	6	27	9	0	0	1177.91
2017	6	27	9	30	0	1209.9836
2017	6	27	10	0	0	1020.49036
2017	6	27	10	30	0	1039.589
2017	6	27	11	0	0	1180.7317
2017	6	27	11	30	0	1140.3153
2017	6	27	12	0	0	1105.5637
2017	6	27	12	30	0	1002.4273
2017	6	27	13	0	0	1196.53
2017	6	27	13	30	0	1235.2496
2017	6	27	14	0	0	1084.962
2017	6	27	14	30	0	921.6437
2017	6	27	15	0	0	761.81067
2017	6	27	15	30	0	938.6457
2017	6	27	16	0	0	896.2657
2017	6	27	16	30	0	866.158
2017	6	27	17	0	0	1052.9933
2017	6	27	17	30	0	1035.5684
2017	6	27	18	0	0	1064.5366
2017	6	27	18	30	0	1465.8307
2017	6	27	19	0	0	1656.7573
2017	6	27	19	30	0	1825.101
2017	6	27	20	0	0	1874.6572
2017	6	27	20	30	0	1965.937
2017	6	27	21	0	0	1815.455
2017	6	27	21	30	0	1708.9316
2017	6	27	22	0	0	1704.8243
2017	6	27	22	30	0	1672.6237
2017	6	27	23	0	0	2083.6982
2017	6	27	23	30	0	2531.3066
2017	6	28	0	0	0	2708.825
2017	6	28	0	30	0	2659.254
2017	6	28	1	0	0	2881.8118
2017	6	28	1	30	0	3049.132
2017	6	28	2	0	0	3041.4714
2017	6	28	2	30	0	2854.3748
2017	6	28	3	0	0	2766.0366
2017	6	28	3	30	0	2800.2598
2017	6	28	4	0	0	2860.042
2017	6	28	4	30	0	2949.2856
2017	6	28	5	0	0	3094.4553
2017	6	28	5	30	0	3183.603
2017	6	28	6	0	0	3237.471
2017	6	28	6	30	0	3248.6943
2017	6	28	7	0	0	3162.063
2017	6	28	7	30	0	3078.043
2017	6	28	8	0	0	2753.8464
2017	6	28	8	30	0	2892.4072
2017	6	28	9	0	0	2952.8462
2017	6	28	9	30	0	2687.401
2017	6	28	10	0	0	2332.7676
2017	6	28	10	30	0	2181.8662
2017	6	28	11	0	0	2150.3657
2017	6	28	11	30	0	2126.2747
2017	6	28	12	0	0	1888.9164
2017	6	28	12	30	0	1859.3754
2017	6	28	13	0	0	2307.1953
2017	6	28	13	30	0	1790.1057
2017	6	28	14	0	0	1649.3116
2017	6	28	14	30	0	1935.2806
2017	6	28	15	0	0	2169.8943
2017	6	28	15	30	0	2218.4504
2017	6	28	16	0	0	1557.4603
2017	6	28	16	30	0	1128.555
2017	6	28	17	0	0	1501.989
2017	6	28	17	30	0	1896.7883
2017	6	28	18	0	0	2074.2068
2017	6	28	18	30	0	1620.8413
2017	6	28	19	0	0	1242.8733
2017	6	28	19	30	0	1304.5873
2017	6	28	20	0	0	1172.746
2017	6	28	20	30	0	1256.5557
2017	6	28	21	0	0	1408.7683
2017	6	28	21	30	0	1554.6306
2017	6	28	22	0	0	1558.196
2017	6	28	22	30	0	1653.296
2017	6	28	23	0	0	1635.9097
2017	6	28	23	30	0	1597.3497
2017	6	29	0	0	0	1582.4287
2017	6	29	0	30	0	1581.1437
2017	6	29	1	0	0	1620.4703
2017	6	29	1	30	0	1653.1975
2017	6	29	2	0	0	1742.048
2017	6	29	2	30	0	1778.6616
2017	6	29	3	0	0	1771.0374
2017	6	29	3	30	0	2219.2217
2017	6	29	4	0	0	2222.6306
2017	6	29	4	30	0	2528.4434
2017	6	29	5	0	0	2577.8577
2017	6	29	5	30	0	2486.8625
2017	6	29	6	0	0	2241.6184
2017	6	29	6	30	0	2175.2048
2017	6	29	7	0	0	2128.4827
2017	6	29	7	30	0	2162.4382
2017	6	29	8	0	0	2158.174
2017	6	29	8	30	0	2177.5503
2017	6	29	9	0	0	2032.498
2017	6	29	9	30	0	1907.2914
2017	6	29	10	0	0	1843.99
2017	6	29	10	30	0	1635.0264
2017	6	29	11	0	0	1594.7677
2017	6	29	11	30	0	1675.011
2017	6	29	12	0	0	1753.4594
2017	6	29	12	30	0	1952.5347
2017	6	29	13	0	0	2262.5283
2017	6	29	13	30	0	1932.1633
2017	6	29	14	0	0	2175.5286
2017	6	29	14	30	0	2633.0696
2017	6	29	15	0	0	2694.931
2017	6	29	15	30	0	2985.874
2017	6	29	16	0	0	2320.968
2017	6	29	16	30	0	1910.683
2017	6	29	17	0	0	2252.759
2017	6	29	17	30	0	1999.8673
2017	6	29	18	0	0	1577.5193
2017	6	29	18	30	0	1465.8727
2017	6	29	19	0	0	1443.7723
2017	6	29	19	30	0	1720.1046
2017	6	29	20	0	0	2157.211
2017	6	29	20	30	0	2396.561
2017	6	29	21	0	0	2257.3013
2017	6	29	21	30	0	2018.862
2017	6	29	22	0	0	1939.8469
2017	6	29	22	30	0	1690.344
2017	6	29	23	0	0	1712.9794
2017	6	29	23	30	0	1988.5347
2017	6	30	0	0	0	2845.2224
2017	6	30	0	30	0	2041.7404
2017	6	30	1	0	0	1911.4183
2017	6	30	1	30	0	1952.9733
2017	6	30	2	0	0	1702.5986
2017	6	30	2	30	0	1604.37
2017	6	30	3	0	0	1925.3013
2017	6	30	3	30	0	2012.7745
2017	6	30	4	0	0	1895.8997
2017	6	30	4	30	0	1481.249
2017	6	30	5	0	0	1314.5927
2017	6	30	5	30	0	1540.5867
2017	6	30	6	0	0	1546.619
2017	6	30	6	30	0	1636.243
2017	6	30	7	0	0	1627.2914
2017	6	30	7	30	0	1664.693
2017	6	30	8	0	0	1599.0687
2017	6	30	8	30	0	1537.7507
2017	6	30	9	0	0	1621.3444
2017	6	30	9	30	0	1808.551
2017	6	30	10	0	0	1848.683
2017	6	30	10	30	0	1742.0684
2017	6	30	11	0	0	1676.0953
2017	6	30	11	30	0	3707.1377
2017	6	30	12	0	0	1983.366
2017	6	30	12	30	0	2254.4597
2017	6	30	13	0	0	2622.1006
2017	6	30	13	30	0	3101.878
2017	6	30	14	0	0	3551.0374
2017	6	30	14	30	0	3714.4282
2017	6	30	15	0	0	3975.9373
2017	6	30	15	30	0	3934.888
2017	6	30	16	0	0	3607.1323
2017	6	30	16	30	0	3432.8196
2017	6	30	17	0	0	3144.5137
2017	6	30	17	30	0	2955.4187
2017	6	30	18	0	0	3009.6926
2017	6	30	18	30	0	3094.5151
2017	6	30	19	0	0	3154.4233
2017	6	30	19	30	0	3164.027
2017	6	30	20	0	0	2851.0
2017	6	30	20	30	0	2689.45
2017	6	30	21	0	0	2457.3604
2017	6	30	21	30	0	2307.747
2017	6	30	22	0	0	2282.0166
2017	6	30	22	30	0	2328.3542
2017	6	30	23	0	0	2294.979
2017	6	30	23	30	0	2327.1375
