   0   0   0   0   0   0  0.000068 
2016   4   1   0   0   0  6.7801733420466595e-05 
2016   4   1   0  30   0  6.2298968586713038e-05 
2016   4   1   1   0   0  5.5679553501868613e-05 
2016   4   1   1  30   0  4.9820464611806616e-05 
2016   4   1   2   0   0  6.2101916859758587e-05 
2016   4   1   2  30   0  5.2332737441464725e-05 
2016   4   1   3   0   0  6.2261566320273302e-05 
2016   4   1   3  30   0  4.8706876736823140e-05 
2016   4   1   4   0   0  4.1768888397356593e-05 
2016   4   1   4  30   0  4.3853971031207619e-05 
2016   4   1   5   0   0  4.4304733797416047e-05 
2016   4   1   5  30   0  6.2774682503775018e-05 
2016   4   1   6   0   0  1.0689230106818805e-04 
2016   4   1   6  30   0  1.5957040866668455e-04 
2016   4   1   7   0   0  1.7018295224108864e-04 
2016   4   1   7  30   0  1.3783322556371126e-04 
2016   4   1   8   0   0  6.6082833344050011e-05 
2016   4   1   8  30   0  6.4247831469592677e-06 
2016   4   1   9   0   0  3.1107442541473536e-06 
2016   4   1   9  30   0  3.4804211156623613e-06 
2016   4   1  10   0   0  2.8012464746538902e-06 
2016   4   1  10  30   0  1.6544476874638069e-06 
2016   4   1  11   0   0  2.0134338630121513e-06 
2016   4   1  11  30   0  2.0837486843965893e-06 
2016   4   1  12   0   0  1.8114138436337831e-06 
2016   4   1  12  30   0  7.5044467268597884e-07 
2016   4   1  13   0   0  8.5731346051421183e-07 
2016   4   1  13  30   0  1.5320802733538895e-06 
2016   4   1  14   0   0  1.4035416603787257e-06 
2016   4   1  14  30   0  1.5979325489693819e-06 
2016   4   1  15   0   0  1.9732117987538566e-06 
2016   4   1  15  30   0  2.1770474864934392e-06 
2016   4   1  16   0   0  2.1839480814830953e-06 
2016   4   1  16  30   0  2.0355456357893427e-06 
2016   4   1  17   0   0  1.9607855947225597e-06 
2016   4   1  17  30   0  1.7634510880214462e-06 
2016   4   1  18   0   0  1.4074577315557290e-06 
2016   4   1  18  30   0  1.3421537365306421e-06 
2016   4   1  19   0   0  1.3480846581362646e-06 
2016   4   1  19  30   0  1.4595785451063570e-06 
2016   4   1  20   0   0  5.7557327262112044e-06 
2016   4   1  20  30   0  1.6585486851627685e-05 
2016   4   1  21   0   0  2.4632168158837787e-05 
2016   4   1  21  30   0  3.6737194769200162e-05 
2016   4   1  22   0   0  5.2852671332259323e-05 
2016   4   1  22  30   0  5.8412865478079153e-05 
2016   4   1  23   0   0  5.6589187043760447e-05 
2016   4   1  23  30   0  6.2702491025208988e-05 
2016   4   2   0   0   0  6.5083086506036560e-05 
2016   4   2   0  30   0  7.1209013483868755e-05 
2016   4   2   1   0   0  8.9472015118082824e-05 
2016   4   2   1  30   0  9.1675800236354021e-05 
2016   4   2   2   0   0  9.4726926896634330e-05 
2016   4   2   2  30   0  9.8073835883784154e-05 
2016   4   2   3   0   0  1.0646903991281288e-04 
2016   4   2   3  30   0  1.1375782690976213e-04 
2016   4   2   4   0   0  1.2588189643324238e-04 
2016   4   2   4  30   0  1.2992649418755670e-04 
2016   4   2   5   0   0  1.3747254746861919e-04 
2016   4   2   5  30   0  1.4328919548188283e-04 
2016   4   2   6   0   0  1.4471636668478323e-04 
2016   4   2   6  30   0  1.5283982031307546e-04 
2016   4   2   7   0   0  1.5297866414055783e-04 
2016   4   2   7  30   0  1.5115016501799158e-04 
2016   4   2   8   0   0  1.4522598840077523e-04 
2016   4   2   8  30   0  1.4424607534610319e-04 
2016   4   2   9   0   0  1.1719244866143046e-04 
2016   4   2   9  30   0  8.0630134498958336e-05 
2016   4   2  10   0   0  2.4810038728013382e-05 
2016   4   2  10  30   0  1.4294452526146305e-06 
2016   4   2  11   0   0  1.3317590913379728e-06 
2016   4   2  11  30   0  1.4896528756287701e-06 
2016   4   2  12   0   0  1.5967116103323551e-06 
2016   4   2  12  30   0  1.4062163851358986e-06 
2016   4   2  13   0   0  1.1842435830007937e-06 
2016   4   2  13  30   0  1.0369243514748440e-06 
2016   4   2  14   0   0  1.2804202635587561e-06 
2016   4   2  14  30   0  1.3734412479168575e-06 
2016   4   2  15   0   0  1.4878924400223302e-06 
2016   4   2  15  30   0  1.3533337573085912e-06 
2016   4   2  16   0   0  1.0966101375358214e-06 
2016   4   2  16  30   0  1.1055605309080157e-06 
2016   4   2  17   0   0  1.2522640468300134e-06 
2016   4   2  17  30   0  1.3870150230061871e-06 
2016   4   2  18   0   0  1.3663578157194487e-06 
2016   4   2  18  30   0  1.9164905379259197e-06 
2016   4   2  19   0   0  1.7160098732361925e-06 
2016   4   2  19  30   0  1.7115661577552758e-06 
2016   4   2  20   0   0  1.8917666796265826e-06 
2016   4   2  20  30   0  2.2778484713578814e-06 
2016   4   2  21   0   0  2.3707707435410977e-05 
2016   4   2  21  30   0  1.7579131210042721e-05 
2016   4   2  22   0   0  3.0368132992928180e-06 
2016   4   2  22  30   0  3.0830153914773386e-06 
2016   4   2  23   0   0  3.2183763403627598e-06 
2016   4   2  23  30   0  8.6773379195061368e-06 
2016   4   3   0   0   0  2.8844584237331030e-05 
2016   4   3   0  30   0  5.2568042497052619e-05 
2016   4   3   1   0   0  7.6631098003073612e-05 
2016   4   3   1  30   0  1.0777295209199462e-04 
2016   4   3   2   0   0  1.3360190443052208e-04 
2016   4   3   2  30   0  1.4203363508175196e-04 
2016   4   3   3   0   0  1.6356909873186729e-04 
2016   4   3   3  30   0  1.7746033538861312e-04 
2016   4   3   4   0   0  1.7787807512603448e-04 
2016   4   3   4  30   0  1.5770580207651662e-04 
2016   4   3   5   0   0  1.4316731171284047e-04 
2016   4   3   5  30   0  1.5066473360020891e-04 
2016   4   3   6   0   0  2.1909034674455437e-04 
2016   4   3   6  30   0  1.9141352861686321e-04 
2016   4   3   7   0   0  1.1937435302012181e-04 
2016   4   3   7  30   0  1.6990856453275651e-04 
2016   4   3   8   0   0  6.6010265581318547e-05 
2016   4   3   8  30   0  4.9591467269942581e-05 
2016   4   3   9   0   0  1.6289332152898067e-05 
2016   4   3   9  30   0  1.5516994375906146e-06 
2016   4   3  10   0   0  1.4880280765163170e-06 
2016   4   3  10  30   0  4.7863545403105404e-06 
2016   4   3  11   0   0  5.1112742381868373e-06 
2016   4   3  11  30   0  1.6529948190338202e-06 
2016   4   3  12   0   0  2.8466068579254442e-06 
2016   4   3  12  30   0  2.1370473879355781e-06 
2016   4   3  13   0   0  1.7357224602148346e-06 
2016   4   3  13  30   0  1.6241741063694361e-06 
2016   4   3  14   0   0  1.7962651568130037e-06 
2016   4   3  14  30   0  1.7824370116450082e-06 
2016   4   3  15   0   0  1.8629828902218470e-06 
2016   4   3  15  30   0  2.1133176757640195e-06 
2016   4   3  16   0   0  2.2807983008781640e-06 
2016   4   3  16  30   0  2.6297041507140119e-06 
2016   4   3  17   0   0  2.0241449459365111e-06 
2016   4   3  17  30   0  1.9433957494935132e-06 
2016   4   3  18   0   0  2.1351549763614244e-06 
2016   4   3  18  30   0  2.2702915059036220e-06 
2016   4   3  19   0   0  2.2062961733537874e-06 
2016   4   3  19  30   0  2.1262170228796219e-06 
2016   4   3  20   0   0  2.1038107550612975e-06 
2016   4   3  20  30   0  2.1006694000899647e-06 
2016   4   3  21   0   0  2.1592660622017723e-06 
2016   4   3  21  30   0  2.0204631401782408e-06 
2016   4   3  22   0   0  2.0893945447654734e-06 
2016   4   3  22  30   0  2.1582367981628432e-06 
2016   4   3  23   0   0  2.2558386038281907e-06 
2016   4   3  23  30   0  2.3166046577470604e-06 
2016   4   4   0   0   0  1.9811455039102499e-05 
2016   4   4   0  30   0  4.7581930017647519e-05 
2016   4   4   1   0   0  7.2169588698959230e-05 
2016   4   4   1  30   0  1.0233531338671129e-04 
2016   4   4   2   0   0  1.4130770797630718e-04 
2016   4   4   2  30   0  1.4955607642659058e-04 
2016   4   4   3   0   0  2.0542592087199435e-04 
2016   4   4   3  30   0  1.5753037275875490e-04 
2016   4   4   4   0   0  1.8997938185497343e-04 
2016   4   4   4  30   0  2.2684927062244692e-04 
2016   4   4   5   0   0  2.6809562626557975e-04 
2016   4   4   5  30   0  2.8516746868982563e-04 
2016   4   4   6   0   0  3.3285948337217119e-04 
2016   4   4   6  30   0  3.8020676411292605e-04 
2016   4   4   7   0   0  3.4952924257646868e-04 
2016   4   4   7  30   0  3.8644871292202178e-04 
2016   4   4   8   0   0  4.4255856156357864e-04 
2016   4   4   8  30   0  2.9634107588104807e-04 
2016   4   4   9   0   0  1.9737185193533454e-04 
2016   4   4   9  30   0  1.8736704721918201e-04 
2016   4   4  10   0   0  9.6466423816003892e-05 
2016   4   4  10  30   0  2.4521105737115086e-05 
2016   4   4  11   0   0  3.9422791644499191e-06 
2016   4   4  11  30   0  3.5285238404053576e-06 
2016   4   4  12   0   0  3.0451191400715703e-06 
2016   4   4  12  30   0  2.8160389671025586e-06 
2016   4   4  13   0   0  2.9691378833164866e-06 
2016   4   4  13  30   0  3.1503451604839180e-06 
2016   4   4  14   0   0  3.3446166167152781e-06 
2016   4   4  14  30   0  3.3591622260596082e-06 
2016   4   4  15   0   0  3.2753018302451939e-06 
2016   4   4  15  30   0  3.3311179924572760e-06 
2016   4   4  16   0   0  3.4259915401728906e-06 
2016   4   4  16  30   0  3.2395032413330630e-06 
2016   4   4  17   0   0  3.2816036570082756e-06 
2016   4   4  17  30   0  3.2546749353409940e-06 
2016   4   4  18   0   0  3.1680505814632520e-06 
2016   4   4  18  30   0  3.2533890291757241e-06 
2016   4   4  19   0   0  3.4011207085599659e-06 
2016   4   4  19  30   0  3.5151143541958156e-06 
2016   4   4  20   0   0  3.7279551057842778e-06 
2016   4   4  20  30   0  5.9191343360041503e-06 
2016   4   4  21   0   0  5.2329160440512782e-06 
2016   4   4  21  30   0  4.6575578049387869e-06 
2016   4   4  22   0   0  3.5838078399770132e-06 
2016   4   4  22  30   0  3.3371780618485796e-06 
2016   4   4  23   0   0  1.1711163128632627e-05 
2016   4   4  23  30   0  5.3535836108961053e-05 
2016   4   5   0   0   0  1.2307030053007527e-04 
2016   4   5   0  30   0  1.8014650789404185e-04 
2016   4   5   1   0   0  2.2604233315761172e-04 
2016   4   5   1  30   0  2.8521749278623233e-04 
2016   4   5   2   0   0  3.1461166126614570e-04 
2016   4   5   2  30   0  3.2797971711102610e-04 
2016   4   5   3   0   0  3.4188630314078386e-04 
2016   4   5   3  30   0  3.6256792022842704e-04 
2016   4   5   4   0   0  3.9436296205076071e-04 
2016   4   5   4  30   0  4.1776867852351255e-04 
2016   4   5   5   0   0  4.4937486698774207e-04 
2016   4   5   5  30   0  4.5218611074920563e-04 
2016   4   5   6   0   0  4.4841704893304940e-04 
2016   4   5   6  30   0  4.2270590316963635e-04 
2016   4   5   7   0   0  3.9896307580499852e-04 
2016   4   5   7  30   0  3.9873531145594767e-04 
2016   4   5   8   0   0  3.8967144577461949e-04 
2016   4   5   8  30   0  3.5732359650892921e-04 
2016   4   5   9   0   0  2.9473333392521629e-04 
2016   4   5   9  30   0  2.4937312438507163e-04 
2016   4   5  10   0   0  2.0267754179074127e-04 
2016   4   5  10  30   0  1.3211645032768442e-04 
2016   4   5  11   0   0  7.7634424558119898e-05 
2016   4   5  11  30   0  2.5951645405199112e-05 
2016   4   5  12   0   0  6.3326308447829462e-06 
2016   4   5  12  30   0  6.3023753611023155e-06 
2016   4   5  13   0   0  2.9096716370191097e-05 
2016   4   5  13  30   0  6.4378198385488930e-05 
2016   4   5  14   0   0  1.0073999988545597e-04 
2016   4   5  14  30   0  1.1359976487900443e-04 
2016   4   5  15   0   0  7.0750396449666185e-05 
2016   4   5  15  30   0  3.6708963599302430e-05 
2016   4   5  16   0   0  2.5652441572876786e-05 
2016   4   5  16  30   0  1.9282488373605953e-05 
2016   4   5  17   0   0  4.4628368363683422e-05 
2016   4   5  17  30   0  6.3423770687421547e-05 
2016   4   5  18   0   0  9.2150736134838203e-05 
2016   4   5  18  30   0  1.1959399740849188e-04 
2016   4   5  19   0   0  2.8227111852680524e-04 
2016   4   5  19  30   0  4.0061629469764900e-04 
2016   4   5  20   0   0  4.2656539720172172e-04 
2016   4   5  20  30   0  3.8056610473222586e-04 
2016   4   5  21   0   0  3.9863619714321691e-04 
2016   4   5  21  30   0  5.8900216512167126e-04 
2016   4   5  22   0   0  6.4771525110070792e-04 
2016   4   5  22  30   0  6.8039216636101485e-04 
2016   4   5  23   0   0  7.0039932758901515e-04 
2016   4   5  23  30   0  6.7279547597197821e-04 
2016   4   6   0   0   0  8.0305249636727211e-04 
2016   4   6   0  30   0  1.0042442530413867e-03 
2016   4   6   1   0   0  9.9489945819572858e-04 
2016   4   6   1  30   0  1.0563440342767738e-03 
2016   4   6   2   0   0  1.1564790558206150e-03 
2016   4   6   2  30   0  9.5867702469093995e-04 
2016   4   6   3   0   0  8.0174461518570659e-04 
2016   4   6   3  30   0  7.6286537673182439e-04 
2016   4   6   4   0   0  8.4637111061502761e-04 
2016   4   6   4  30   0  9.2433142869577801e-04 
2016   4   6   5   0   0  1.0365713021770349e-03 
2016   4   6   5  30   0  7.7080596984985164e-04 
2016   4   6   6   0   0  7.1377596602107622e-04 
2016   4   6   6  30   0  7.3201804993127989e-04 
2016   4   6   7   0   0  7.3392464230788467e-04 
2016   4   6   7  30   0  7.0402281864404568e-04 
2016   4   6   8   0   0  7.4933162935473868e-04 
2016   4   6   8  30   0  6.5358029488108999e-04 
2016   4   6   9   0   0  5.4672471804710751e-04 
2016   4   6   9  30   0  4.3237445950476911e-04 
2016   4   6  10   0   0  3.9148065069494366e-04 
2016   4   6  10  30   0  3.4314504112591988e-04 
2016   4   6  11   0   0  3.5375605205639163e-04 
2016   4   6  11  30   0  3.9987690538493832e-04 
2016   4   6  12   0   0  5.0720067087703434e-04 
2016   4   6  12  30   0  6.1262156415166336e-04 
2016   4   6  13   0   0  5.5397312103726314e-04 
2016   4   6  13  30   0  5.1339106421700951e-04 
2016   4   6  14   0   0  4.3772194530904146e-04 
2016   4   6  14  30   0  4.3169236894118344e-04 
2016   4   6  15   0   0  5.1677867741718373e-04 
2016   4   6  15  30   0  5.6543731673622049e-04 
2016   4   6  16   0   0  6.0521711101094741e-04 
2016   4   6  16  30   0  6.1387051456139640e-04 
2016   4   6  17   0   0  6.9637577938732123e-04 
2016   4   6  17  30   0  7.2318086020566801e-04 
2016   4   6  18   0   0  6.8410651908029977e-04 
2016   4   6  18  30   0  6.8331533791638312e-04 
2016   4   6  19   0   0  5.6639890488000412e-04 
2016   4   6  19  30   0  3.6262359586613591e-04 
2016   4   6  20   0   0  3.0427597567919061e-04 
2016   4   6  20  30   0  2.0130195866140184e-04 
2016   4   6  21   0   0  1.6115931408417552e-04 
2016   4   6  21  30   0  1.3338633018014114e-04 
2016   4   6  22   0   0  1.1213508637650394e-04 
2016   4   6  22  30   0  1.1049859364881276e-04 
2016   4   6  23   0   0  1.2027588404482965e-04 
2016   4   6  23  30   0  1.3331646166997923e-04 
2016   4   7   0   0   0  1.0531368234754518e-04 
2016   4   7   0  30   0  1.1928204530474157e-04 
2016   4   7   1   0   0  1.2998360408792927e-04 
2016   4   7   1  30   0  1.2749663743749439e-04 
2016   4   7   2   0   0  1.2305760643878887e-04 
2016   4   7   2  30   0  9.0920966830165641e-05 
2016   4   7   3   0   0  6.5846732614396129e-05 
2016   4   7   3  30   0  3.2029617049679765e-05 
2016   4   7   4   0   0  5.1975722213733001e-06 
2016   4   7   4  30   0  1.9734454190129597e-06 
2016   4   7   5   0   0  1.9627366181563580e-06 
2016   4   7   5  30   0  2.0208239951652660e-06 
2016   4   7   6   0   0  1.9704258423182529e-06 
2016   4   7   6  30   0  1.9370878068502894e-06 
2016   4   7   7   0   0  1.8732553858840326e-06 
2016   4   7   7  30   0  1.7943456941005050e-06 
2016   4   7   8   0   0  1.7451233517741330e-06 
2016   4   7   8  30   0  1.7421317973267826e-06 
2016   4   7   9   0   0  1.7496255814837542e-06 
2016   4   7   9  30   0  1.6744024162886829e-06 
2016   4   7  10   0   0  1.6977569010436219e-06 
2016   4   7  10  30   0  1.7626049314507294e-06 
2016   4   7  11   0   0  1.7993831381378564e-06 
2016   4   7  11  30   0  1.8873952304661997e-06 
2016   4   7  12   0   0  2.0503877137816463e-06 
2016   4   7  12  30   0  2.4511000565188419e-06 
2016   4   7  13   0   0  3.3009729032800430e-06 
2016   4   7  13  30   0  3.6807424379907633e-06 
2016   4   7  14   0   0  4.0296595225628238e-06 
2016   4   7  14  30   0  4.2849497670438814e-06 
2016   4   7  15   0   0  4.3181572039225301e-06 
2016   4   7  15  30   0  4.3935334809469928e-06 
2016   4   7  16   0   0  4.7928826369393108e-06 
2016   4   7  16  30   0  5.0882807928158645e-06 
2016   4   7  17   0   0  4.9556511500827321e-06 
2016   4   7  17  30   0  4.9173737997845991e-06 
2016   4   7  18   0   0  4.8223635961142303e-06 
2016   4   7  18  30   0  4.7715427200155692e-06 
2016   4   7  19   0   0  4.3796364381240986e-06 
2016   4   7  19  30   0  4.0186253365484991e-06 
2016   4   7  20   0   0  3.6093819828595019e-06 
2016   4   7  20  30   0  3.1247293737870826e-06 
2016   4   7  21   0   0  2.9109543782106046e-06 
2016   4   7  21  30   0  2.7613504632077174e-06 
2016   4   7  22   0   0  2.6168966601459362e-06 
2016   4   7  22  30   0  2.3826711886491417e-06 
2016   4   7  23   0   0  2.2869460998260631e-06 
2016   4   7  23  30   0  2.3231685635576277e-06 
2016   4   8   0   0   0  2.4036488946606898e-06 
2016   4   8   0  30   0  2.4048292933558564e-06 
2016   4   8   1   0   0  2.0872131417262421e-06 
2016   4   8   1  30   0  1.7101194126796983e-06 
2016   4   8   2   0   0  1.3452008529400636e-06 
2016   4   8   2  30   0  1.1302176439644393e-06 
2016   4   8   3   0   0  9.7275451210505240e-07 
2016   4   8   3  30   0  8.6852962441125580e-07 
2016   4   8   4   0   0  8.2438908768981941e-07 
2016   4   8   4  30   0  9.3289645496184694e-07 
2016   4   8   5   0   0  1.2030676220967115e-06 
2016   4   8   5  30   0  1.7138276729207960e-06 
2016   4   8   6   0   0  1.9609855706803190e-06 
2016   4   8   6  30   0  1.9077576951783785e-06 
2016   4   8   7   0   0  1.7507552957459237e-06 
2016   4   8   7  30   0  2.1568869848887026e-06 
2016   4   8   8   0   0  2.5377842837225584e-06 
2016   4   8   8  30   0  2.5058427265081888e-06 
2016   4   8   9   0   0  2.4978978611620760e-06 
2016   4   8   9  30   0  2.5345692228682518e-06 
2016   4   8  10   0   0  2.4350868468344373e-06 
2016   4   8  10  30   0  2.1237503699168833e-06 
2016   4   8  11   0   0  2.0209618493624829e-06 
2016   4   8  11  30   0  1.9518872143217814e-06 
2016   4   8  12   0   0  1.9747633674696488e-06 
2016   4   8  12  30   0  2.0677340214352015e-06 
2016   4   8  13   0   0  1.9344264624659004e-06 
2016   4   8  13  30   0  1.6804759519078556e-06 
2016   4   8  14   0   0  1.6782078490439528e-06 
2016   4   8  14  30   0  1.8413907496787125e-06 
2016   4   8  15   0   0  1.9248886688051268e-06 
2016   4   8  15  30   0  2.1458909381261863e-06 
2016   4   8  16   0   0  2.4649458818662066e-06 
2016   4   8  16  30   0  2.5707567912986482e-06 
2016   4   8  17   0   0  2.6705621008269194e-06 
2016   4   8  17  30   0  2.4773325370179285e-06 
2016   4   8  18   0   0  2.6021837974154178e-06 
2016   4   8  18  30   0  2.6264793081064327e-06 
2016   4   8  19   0   0  2.5178197243055136e-06 
2016   4   8  19  30   0  2.2522280922178159e-06 
2016   4   8  20   0   0  2.3013166749870784e-06 
2016   4   8  20  30   0  2.4539116135295553e-06 
2016   4   8  21   0   0  2.4620227792367284e-06 
2016   4   8  21  30   0  2.5220016984017881e-06 
2016   4   8  22   0   0  2.4769937877829839e-06 
2016   4   8  22  30   0  2.4780176800127296e-06 
2016   4   8  23   0   0  2.3814159252585350e-06 
2016   4   8  23  30   0  2.4671829947219078e-06 
2016   4   9   0   0   0  2.7936038368627871e-06 
2016   4   9   0  30   0  2.7621821001029686e-06 
2016   4   9   1   0   0  2.6855382698175077e-06 
2016   4   9   1  30   0  2.6842431371670075e-06 
2016   4   9   2   0   0  2.5969909152303689e-06 
2016   4   9   2  30   0  2.2523275850408266e-06 
2016   4   9   3   0   0  2.0626579440986074e-06 
2016   4   9   3  30   0  2.1060846359054510e-06 
2016   4   9   4   0   0  2.1551482520524653e-06 
2016   4   9   4  30   0  4.0223869464178647e-06 
2016   4   9   5   0   0  6.7921955861781486e-06 
2016   4   9   5  30   0  1.8562170589744956e-05 
2016   4   9   6   0   0  2.2860347974927506e-05 
2016   4   9   6  30   0  2.2175787384750160e-06 
2016   4   9   7   0   0  2.0807874022162305e-06 
2016   4   9   7  30   0  2.1283206578503833e-06 
2016   4   9   8   0   0  2.1036434193529876e-06 
2016   4   9   8  30   0  2.0029098739246077e-06 
2016   4   9   9   0   0  2.0395855887203051e-06 
2016   4   9   9  30   0  2.1164006912532589e-06 
2016   4   9  10   0   0  2.1595216933225921e-06 
2016   4   9  10  30   0  2.2199465429989747e-06 
2016   4   9  11   0   0  2.3061061701316424e-06 
2016   4   9  11  30   0  2.4742473485002041e-06 
2016   4   9  12   0   0  2.5752624050056489e-06 
2016   4   9  12  30   0  3.1519739594737414e-06 
2016   4   9  13   0   0  3.5413183492386772e-06 
2016   4   9  13  30   0  3.4555229780684004e-06 
2016   4   9  14   0   0  3.4923240575146889e-06 
2016   4   9  14  30   0  3.4392439691835768e-06 
2016   4   9  15   0   0  2.5163414137330085e-06 
2016   4   9  15  30   0  2.1397501490114139e-06 
2016   4   9  16   0   0  2.5119905978056591e-06 
2016   4   9  16  30   0  2.3354603581109629e-06 
2016   4   9  17   0   0  9.3022041974652821e-07 
2016   4   9  17  30   0  9.2882798241925629e-07 
2016   4   9  18   0   0  9.2781331087680280e-07 
2016   4   9  18  30   0  1.0903651903431372e-06 
2016   4   9  19   0   0  9.9326852204288447e-07 
2016   4   9  19  30   0  9.9435489901722308e-07 
2016   4   9  20   0   0  1.2705194323594445e-06 
2016   4   9  20  30   0  1.4082943747812645e-06 
2016   4   9  21   0   0  1.5068520024942419e-06 
2016   4   9  21  30   0  1.6836108091175978e-06 
2016   4   9  22   0   0  1.8102249476077841e-06 
2016   4   9  22  30   0  1.6520936166175630e-06 
2016   4   9  23   0   0  1.5643119059681742e-06 
2016   4   9  23  30   0  1.6825915286237048e-06 
2016   4  10   0   0   0  2.4605365223949038e-06 
2016   4  10   0  30   0  2.5289034819861406e-06 
2016   4  10   1   0   0  2.6941941958684533e-06 
2016   4  10   1  30   0  2.7089280163918861e-06 
2016   4  10   2   0   0  2.5746275904519190e-06 
2016   4  10   2  30   0  3.2469251060101970e-06 
2016   4  10   3   0   0  2.4590226755612231e-06 
2016   4  10   3  30   0  2.4368338041099346e-06 
2016   4  10   4   0   0  9.9131975588893220e-06 
2016   4  10   4  30   0  1.3769280819319568e-05 
2016   4  10   5   0   0  1.7851946947179587e-05 
2016   4  10   5  30   0  2.1316079787506782e-05 
2016   4  10   6   0   0  2.5066579438789309e-05 
2016   4  10   6  30   0  2.7840234108801316e-05 
2016   4  10   7   0   0  3.8517224534104441e-05 
2016   4  10   7  30   0  6.0404347673431724e-05 
2016   4  10   8   0   0  8.2820756119453856e-05 
2016   4  10   8  30   0  9.2176922147380421e-05 
2016   4  10   9   0   0  1.2010885253110505e-04 
2016   4  10   9  30   0  1.5553483395986661e-04 
2016   4  10  10   0   0  1.7263190531774123e-04 
2016   4  10  10  30   0  1.8704267280435116e-04 
2016   4  10  11   0   0  1.9482687670124735e-04 
2016   4  10  11  30   0  2.0408119255658564e-04 
2016   4  10  12   0   0  1.7793404655589817e-04 
2016   4  10  12  30   0  1.4104440328880413e-04 
2016   4  10  13   0   0  1.4320963355726968e-04 
2016   4  10  13  30   0  1.8551609216870267e-04 
2016   4  10  14   0   0  1.7515260556812010e-04 
2016   4  10  14  30   0  1.7604499581775395e-04 
2016   4  10  15   0   0  1.6532872666838628e-04 
2016   4  10  15  30   0  1.5008289305811265e-04 
2016   4  10  16   0   0  1.5147742610970968e-04 
2016   4  10  16  30   0  1.3652801708256840e-04 
2016   4  10  17   0   0  1.3994357736746665e-04 
2016   4  10  17  30   0  1.5514314350319015e-04 
2016   4  10  18   0   0  1.6485787960058581e-04 
2016   4  10  18  30   0  1.5909632430592688e-04 
2016   4  10  19   0   0  1.5275083687418418e-04 
2016   4  10  19  30   0  1.7238714377876613e-04 
2016   4  10  20   0   0  2.0018239193168351e-04 
2016   4  10  20  30   0  2.2834125556356932e-04 
2016   4  10  21   0   0  2.2417267681755325e-04 
2016   4  10  21  30   0  2.2395985097351033e-04 
2016   4  10  22   0   0  2.3307565242474003e-04 
2016   4  10  22  30   0  2.5965897897778318e-04 
2016   4  10  23   0   0  3.0801275526451329e-04 
2016   4  10  23  30   0  2.9554770100808378e-04 
2016   4  11   0   0   0  2.7490715529301653e-04 
2016   4  11   0  30   0  2.7771971375823215e-04 
2016   4  11   1   0   0  2.7340569680320260e-04 
2016   4  11   1  30   0  3.0329823062337475e-04 
2016   4  11   2   0   0  3.0196812005972297e-04 
2016   4  11   2  30   0  3.1269521100687510e-04 
2016   4  11   3   0   0  3.2317377931298145e-04 
2016   4  11   3  30   0  3.4468868318745480e-04 
2016   4  11   4   0   0  3.7833692741022701e-04 
2016   4  11   4  30   0  3.8309848027595037e-04 
2016   4  11   5   0   0  3.5910577905009134e-04 
2016   4  11   5  30   0  3.4303434299414403e-04 
2016   4  11   6   0   0  3.5241594089658582e-04 
2016   4  11   6  30   0  3.6887651625297816e-04 
2016   4  11   7   0   0  3.6219783221207570e-04 
2016   4  11   7  30   0  6.2587054129488722e-04 
2016   4  11   8   0   0  4.0530720611364946e-04 
2016   4  11   8  30   0  2.7694038011232274e-04 
2016   4  11   9   0   0  2.0122737844052035e-04 
2016   4  11   9  30   0  1.7698051082592957e-04 
2016   4  11  10   0   0  1.7897004545899006e-04 
2016   4  11  10  30   0  1.8269282797893848e-04 
2016   4  11  11   0   0  1.9018379654870532e-04 
2016   4  11  11  30   0  1.2201376353871995e-04 
2016   4  11  12   0   0  1.0755464254879830e-04 
2016   4  11  12  30   0  6.3515127672620825e-05 
2016   4  11  13   0   0  3.5184715396812442e-05 
2016   4  11  13  30   0  2.6490908331392733e-06 
2016   4  11  14   0   0  2.5850438986402875e-06 
2016   4  11  14  30   0  2.5622507023724062e-06 
2016   4  11  15   0   0  2.7905886378952141e-06 
2016   4  11  15  30   0  2.9110911112074803e-06 
2016   4  11  16   0   0  2.5346693048046564e-06 
2016   4  11  16  30   0  2.3010546031891120e-06 
2016   4  11  17   0   0  2.2585076085927881e-06 
2016   4  11  17  30   0  2.2352392700007883e-06 
2016   4  11  18   0   0  2.2413433220740047e-06 
2016   4  11  18  30   0  2.3289034451553095e-05 
2016   4  11  19   0   0  4.6241952428667739e-05 
2016   4  11  19  30   0  7.1350989734304888e-05 
2016   4  11  20   0   0  9.0835040766852303e-05 
2016   4  11  20  30   0  9.5752648927066719e-05 
2016   4  11  21   0   0  1.1720353591089789e-04 
2016   4  11  21  30   0  1.4810115001202132e-04 
2016   4  11  22   0   0  1.9114885855733117e-04 
2016   4  11  22  30   0  2.1469526418779064e-04 
2016   4  11  23   0   0  2.9927322664451567e-04 
2016   4  11  23  30   0  3.1797375361861840e-04 
2016   4  12   0   0   0  3.1328094866835371e-04 
2016   4  12   0  30   0  3.3442274806552849e-04 
2016   4  12   1   0   0  3.6073659953941216e-04 
2016   4  12   1  30   0  3.7617946067589606e-04 
2016   4  12   2   0   0  3.6570043157667197e-04 
2016   4  12   2  30   0  3.5544800799597949e-04 
2016   4  12   3   0   0  3.0981341915959856e-04 
2016   4  12   3  30   0  2.9612001702360716e-04 
2016   4  12   4   0   0  2.8600270727089126e-04 
2016   4  12   4  30   0  3.2133303112201537e-04 
2016   4  12   5   0   0  3.5844674832718793e-04 
2016   4  12   5  30   0  3.7318523047813939e-04 
2016   4  12   6   0   0  3.6062789623654215e-04 
2016   4  12   6  30   0  3.5416857061728804e-04 
2016   4  12   7   0   0  3.3820264397451907e-04 
2016   4  12   7  30   0  3.1306949777871058e-04 
2016   4  12   8   0   0  3.2458515671861276e-04 
2016   4  12   8  30   0  3.2032132269211569e-04 
2016   4  12   9   0   0  3.0915323329684630e-04 
2016   4  12   9  30   0  2.7995282559416723e-04 
2016   4  12  10   0   0  2.6454351471260951e-04 
2016   4  12  10  30   0  2.4997407883615449e-04 
2016   4  12  11   0   0  2.3534832273766515e-04 
2016   4  12  11  30   0  2.3743461299867406e-04 
2016   4  12  12   0   0  2.4941181330081737e-04 
2016   4  12  12  30   0  2.1132441292979792e-04 
2016   4  12  13   0   0  2.0778784584482359e-04 
2016   4  12  13  30   0  2.6516647662810661e-04 
2016   4  12  14   0   0  3.1483128722652220e-04 
2016   4  12  14  30   0  3.1794764014687687e-04 
2016   4  12  15   0   0  3.3426877135895450e-04 
2016   4  12  15  30   0  2.6968107368535927e-04 
2016   4  12  16   0   0  2.5213951159688581e-04 
2016   4  12  16  30   0  2.5631342326876431e-04 
2016   4  12  17   0   0  2.6998032787357471e-04 
2016   4  12  17  30   0  2.7626665424126549e-04 
2016   4  12  18   0   0  2.7554431856136404e-04 
2016   4  12  18  30   0  2.8613234515624997e-04 
2016   4  12  19   0   0  2.7775577877890364e-04 
2016   4  12  19  30   0  2.7902022946078652e-04 
2016   4  12  20   0   0  2.7962603262963515e-04 
2016   4  12  20  30   0  2.7762436267154619e-04 
2016   4  12  21   0   0  2.7056518386870803e-04 
2016   4  12  21  30   0  2.5294446060990071e-04 
2016   4  12  22   0   0  2.2987145478424545e-04 
2016   4  12  22  30   0  2.2583061498731490e-04 
2016   4  12  23   0   0  2.2891040104747540e-04 
2016   4  12  23  30   0  2.3289285470187238e-04 
2016   4  13   0   0   0  2.2556148838720176e-04 
2016   4  13   0  30   0  2.1067618475993172e-04 
2016   4  13   1   0   0  2.0547852966579428e-04 
2016   4  13   1  30   0  2.0593388109093098e-04 
2016   4  13   2   0   0  2.0312977726807331e-04 
2016   4  13   2  30   0  2.0759888367436079e-04 
2016   4  13   3   0   0  2.2676255779657811e-04 
2016   4  13   3  30   0  2.3609705293150274e-04 
2016   4  13   4   0   0  2.4946165157000924e-04 
2016   4  13   4  30   0  2.4140659176273210e-04 
2016   4  13   5   0   0  2.1955691296267983e-04 
2016   4  13   5  30   0  1.9781618881894073e-04 
2016   4  13   6   0   0  2.0190238831036263e-04 
2016   4  13   6  30   0  2.0438309251521309e-04 
2016   4  13   7   0   0  2.0637798798885028e-04 
2016   4  13   7  30   0  2.0395213644903176e-04 
2016   4  13   8   0   0  2.0913750120966836e-04 
2016   4  13   8  30   0  2.1622901418737810e-04 
2016   4  13   9   0   0  2.1494193899885831e-04 
2016   4  13   9  30   0  2.1570068244679879e-04 
2016   4  13  10   0   0  2.1929901252295319e-04 
2016   4  13  10  30   0  2.0739917308689259e-04 
2016   4  13  11   0   0  2.2399325070541698e-04 
2016   4  13  11  30   0  2.3831090848193103e-04 
2016   4  13  12   0   0  2.3074607938179342e-04 
2016   4  13  12  30   0  2.0517317617395030e-04 
2016   4  13  13   0   0  1.9171457045840236e-04 
2016   4  13  13  30   0  2.1312140312641567e-04 
2016   4  13  14   0   0  1.5155285032613958e-04 
2016   4  13  14  30   0  1.1196013840673905e-04 
2016   4  13  15   0   0  6.9043569296284928e-05 
2016   4  13  15  30   0  9.3565600334814645e-05 
2016   4  13  16   0   0  3.3267827322290365e-05 
2016   4  13  16  30   0  2.9916062302404991e-05 
2016   4  13  17   0   0  4.0513519772337377e-05 
2016   4  13  17  30   0  4.1390537597498129e-05 
2016   4  13  18   0   0  5.0563581634007034e-05 
2016   4  13  18  30   0  1.0742986804289652e-04 
2016   4  13  19   0   0  1.2534464179723718e-04 
2016   4  13  19  30   0  2.0755707814527666e-04 
2016   4  13  20   0   0  1.6490897795739227e-04 
2016   4  13  20  30   0  1.8720471928875942e-04 
2016   4  13  21   0   0  1.7607326620821772e-04 
2016   4  13  21  30   0  1.6005703872985257e-04 
2016   4  13  22   0   0  1.3846448310900672e-04 
2016   4  13  22  30   0  1.2043144248126186e-04 
2016   4  13  23   0   0  1.2586098982167153e-04 
2016   4  13  23  30   0  1.3891106468695065e-04 
2016   4  14   0   0   0  1.1155689538820182e-04 
2016   4  14   0  30   0  1.1431606355334890e-04 
2016   4  14   1   0   0  1.1668241851706572e-04 
2016   4  14   1  30   0  1.1585712265547078e-04 
2016   4  14   2   0   0  1.1458058665037637e-04 
2016   4  14   2  30   0  1.1155967606387183e-04 
2016   4  14   3   0   0  1.1122275213029918e-04 
2016   4  14   3  30   0  1.0988239824225241e-04 
2016   4  14   4   0   0  1.0807831046548003e-04 
2016   4  14   4  30   0  1.0220794029174791e-04 
2016   4  14   5   0   0  1.0851261656090935e-04 
2016   4  14   5  30   0  1.2564581741047800e-04 
2016   4  14   6   0   0  9.3758757245798217e-05 
2016   4  14   6  30   0  1.1295019978007388e-04 
2016   4  14   7   0   0  1.1904031083827439e-04 
2016   4  14   7  30   0  9.4464578740636708e-05 
2016   4  14   8   0   0  8.9492555380851107e-05 
2016   4  14   8  30   0  9.3452678215066680e-05 
2016   4  14   9   0   0  1.0089062962326271e-04 
2016   4  14   9  30   0  9.4835172194933506e-05 
2016   4  14  10   0   0  1.1051281452906396e-04 
2016   4  14  10  30   0  8.5512767494200711e-05 
2016   4  14  11   0   0  8.9875576538232427e-05 
2016   4  14  11  30   0  1.0481175056415878e-04 
2016   4  14  12   0   0  8.0992652575143974e-05 
2016   4  14  12  30   0  6.7901478690155019e-05 
2016   4  14  13   0   0  5.8322009858022996e-05 
2016   4  14  13  30   0  4.4342111426000286e-05 
2016   4  14  14   0   0  4.0234513204115335e-05 
2016   4  14  14  30   0  2.7681763353993045e-05 
2016   4  14  15   0   0  2.3297183335510460e-05 
2016   4  14  15  30   0  2.0937877283299669e-06 
2016   4  14  16   0   0  1.8574327117875729e-06 
2016   4  14  16  30   0  2.0076968148591899e-06 
2016   4  14  17   0   0  2.0631478000819055e-06 
2016   4  14  17  30   0  2.1733822037363911e-06 
2016   4  14  18   0   0  2.1896820154687849e-06 
2016   4  14  18  30   0  2.1333662570968367e-06 
2016   4  14  19   0   0  2.1660870252852381e-06 
2016   4  14  19  30   0  2.1498984490774884e-06 
2016   4  14  20   0   0  2.2082084910074902e-06 
2016   4  14  20  30   0  2.1901884825672907e-06 
2016   4  14  21   0   0  2.1838702646940614e-06 
2016   4  14  21  30   0  2.2000623765250378e-06 
2016   4  14  22   0   0  2.9801700132776317e-05 
2016   4  14  22  30   0  4.9251724795778306e-05 
2016   4  14  23   0   0  5.0122565555870092e-05 
2016   4  14  23  30   0  5.3373393497849666e-05 
2016   4  15   0   0   0  7.0810097753373194e-05 
2016   4  15   0  30   0  8.3866342606545754e-05 
2016   4  15   1   0   0  7.8302773541444884e-05 
2016   4  15   1  30   0  8.1507678682647439e-05 
2016   4  15   2   0   0  8.6302734808460323e-05 
2016   4  15   2  30   0  8.8586944840217955e-05 
2016   4  15   3   0   0  1.0445619836730293e-04 
2016   4  15   3  30   0  1.0039767681390404e-04 
2016   4  15   4   0   0  1.2812131116570434e-04 
2016   4  15   4  30   0  1.2780409391461908e-04 
2016   4  15   5   0   0  1.2078085287270281e-04 
2016   4  15   5  30   0  1.1055262103951127e-04 
2016   4  15   6   0   0  1.0257263280720585e-04 
2016   4  15   6  30   0  9.6285327885865340e-05 
2016   4  15   7   0   0  6.3917412904629194e-05 
2016   4  15   7  30   0  3.1260075736152452e-05 
2016   4  15   8   0   0  2.5854496296593433e-06 
2016   4  15   8  30   0  2.2655978116359055e-06 
2016   4  15   9   0   0  2.2693626832538889e-06 
2016   4  15   9  30   0  2.2278664174854409e-06 
2016   4  15  10   0   0  2.3015852444675473e-06 
2016   4  15  10  30   0  2.3318713352970451e-06 
2016   4  15  11   0   0  2.1682878776264232e-06 
2016   4  15  11  30   0  2.2468694808154334e-06 
2016   4  15  12   0   0  2.2601587364662444e-06 
2016   4  15  12  30   0  2.2680791417299154e-06 
2016   4  15  13   0   0  2.3888181793451523e-06 
2016   4  15  13  30   0  2.6913878030223563e-06 
2016   4  15  14   0   0  2.5975296295657692e-06 
2016   4  15  14  30   0  2.4370023750892133e-06 
2016   4  15  15   0   0  2.4712835623040165e-06 
2016   4  15  15  30   0  2.7196126906907090e-06 
2016   4  15  16   0   0  2.6637971176766394e-06 
2016   4  15  16  30   0  2.8040830187922036e-06 
2016   4  15  17   0   0  2.8578204472028260e-06 
2016   4  15  17  30   0  2.9020369803665673e-06 
2016   4  15  18   0   0  2.7181465478451367e-06 
2016   4  15  18  30   0  2.8262365474512041e-06 
2016   4  15  19   0   0  3.8169693143639789e-06 
2016   4  15  19  30   0  4.9381422987890740e-06 
2016   4  15  20   0   0  3.3844869389705251e-06 
2016   4  15  20  30   0  3.3499560458641356e-06 
2016   4  15  21   0   0  3.2467527759951073e-06 
2016   4  15  21  30   0  3.3607603946284482e-06 
2016   4  15  22   0   0  3.4660643113202017e-06 
2016   4  15  22  30   0  1.6716046684398352e-05 
2016   4  15  23   0   0  1.9389366334700239e-05 
2016   4  15  23  30   0  2.1497474744928470e-05 
2016   4  16   0   0   0  5.0249278905752917e-05 
2016   4  16   0  30   0  7.4218993212775154e-05 
2016   4  16   1   0   0  9.3763755042046413e-05 
2016   4  16   1  30   0  1.0980106777581049e-04 
2016   4  16   2   0   0  1.2410014797070763e-04 
2016   4  16   2  30   0  1.5729260522046729e-04 
2016   4  16   3   0   0  1.9618593920176007e-04 
2016   4  16   3  30   0  2.1317715463124856e-04 
2016   4  16   4   0   0  2.3808208283603290e-04 
2016   4  16   4  30   0  2.5911783944211300e-04 
2016   4  16   5   0   0  2.5831347528529862e-04 
2016   4  16   5  30   0  2.6686005895149598e-04 
2016   4  16   6   0   0  2.6322005236569250e-04 
2016   4  16   6  30   0  2.3300490809847682e-04 
2016   4  16   7   0   0  1.9284266286059956e-04 
2016   4  16   7  30   0  1.4700831252019322e-04 
2016   4  16   8   0   0  9.6322459011128752e-05 
2016   4  16   8  30   0  7.0038832740499965e-05 
2016   4  16   9   0   0  3.4571419417949452e-05 
2016   4  16   9  30   0  1.2211691454963435e-05 
2016   4  16  10   0   0  3.4662218855145747e-06 
2016   4  16  10  30   0  3.8534098847177352e-06 
2016   4  16  11   0   0  3.8285733574698999e-06 
2016   4  16  11  30   0  3.7775046672823190e-06 
2016   4  16  12   0   0  3.7196417282034752e-06 
2016   4  16  12  30   0  4.1548410011157271e-06 
2016   4  16  13   0   0  4.8265859813534418e-06 
2016   4  16  13  30   0  4.8796126088049420e-06 
2016   4  16  14   0   0  5.4128390331233218e-06 
2016   4  16  14  30   0  5.7949991553180753e-06 
2016   4  16  15   0   0  5.2577132620833316e-06 
2016   4  16  15  30   0  4.5023811115060201e-06 
2016   4  16  16   0   0  4.3856369207808255e-06 
2016   4  16  16  30   0  3.9986317460232315e-06 
2016   4  16  17   0   0  4.0513795760415354e-06 
2016   4  16  17  30   0  3.3598113768384633e-06 
2016   4  16  18   0   0  3.1564276895820653e-06 
2016   4  16  18  30   0  3.8425780609113980e-06 
2016   4  16  19   0   0  4.4271357764157760e-06 
2016   4  16  19  30   0  4.8324647656012671e-06 
2016   4  16  20   0   0  4.6115215926089974e-06 
2016   4  16  20  30   0  4.4862109064301410e-06 
2016   4  16  21   0   0  4.5211884652292596e-06 
2016   4  16  21  30   0  2.2362647056843829e-05 
2016   4  16  22   0   0  5.8538771851605987e-05 
2016   4  16  22  30   0  9.7940014937719207e-05 
2016   4  16  23   0   0  1.3359173672463452e-04 
2016   4  16  23  30   0  1.7663991553565890e-04 
2016   4  17   0   0   0  2.1803781808254065e-04 
2016   4  17   0  30   0  2.2387922018171893e-04 
2016   4  17   1   0   0  3.7093825153857330e-04 
2016   4  17   1  30   0  2.6850601730822013e-04 
2016   4  17   2   0   0  2.1803714913894680e-04 
2016   4  17   2  30   0  2.1796149210334873e-04 
2016   4  17   3   0   0  2.1147519874433295e-04 
2016   4  17   3  30   0  2.1584451926111550e-04 
2016   4  17   4   0   0  2.1245911166405159e-04 
2016   4  17   4  30   0  2.6855985748446893e-04 
2016   4  17   5   0   0  2.7743412552597748e-04 
2016   4  17   5  30   0  2.5986034719891030e-04 
2016   4  17   6   0   0  2.7291447019876168e-04 
2016   4  17   6  30   0  2.9226420614535071e-04 
2016   4  17   7   0   0  2.9125430617757728e-04 
2016   4  17   7  30   0  3.3152931051952936e-04 
2016   4  17   8   0   0  4.0334675165803818e-04 
2016   4  17   8  30   0  3.8502335877669289e-04 
2016   4  17   9   0   0  3.9120770380863574e-04 
2016   4  17   9  30   0  3.7410957378816885e-04 
2016   4  17  10   0   0  3.6743383515803015e-04 
2016   4  17  10  30   0  2.2718485264252645e-04 
2016   4  17  11   0   0  1.3232927467868601e-04 
2016   4  17  11  30   0  1.0228776483391744e-04 
2016   4  17  12   0   0  4.0605912407821166e-05 
2016   4  17  12  30   0  9.5494477459626270e-06 
2016   4  17  13   0   0  9.8238235620739167e-06 
2016   4  17  13  30   0  1.0412662272099978e-05 
2016   4  17  14   0   0  1.0682695906922452e-05 
2016   4  17  14  30   0  1.0342802575054489e-05 
2016   4  17  15   0   0  9.0261925772076388e-06 
2016   4  17  15  30   0  7.4213183952998043e-06 
2016   4  17  16   0   0  6.1416871728341060e-06 
2016   4  17  16  30   0  5.5473892067807539e-06 
2016   4  17  17   0   0  2.2772009013625351e-05 
2016   4  17  17  30   0  3.2711431549177319e-05 
2016   4  17  18   0   0  4.1822045348857035e-05 
2016   4  17  18  30   0  6.3986710090861376e-05 
2016   4  17  19   0   0  1.0648238322524848e-04 
2016   4  17  19  30   0  1.3762252790804278e-04 
2016   4  17  20   0   0  2.2793085813474373e-04 
2016   4  17  20  30   0  3.1426166534146121e-04 
2016   4  17  21   0   0  4.2281820404016626e-04 
2016   4  17  21  30   0  4.8083288735481608e-04 
2016   4  17  22   0   0  4.6413318237954434e-04 
2016   4  17  22  30   0  5.1932233430884614e-04 
2016   4  17  23   0   0  5.1258149822996663e-04 
2016   4  17  23  30   0  4.1639381356308407e-04 
2016   4  18   0   0   0  3.3754757342582744e-04 
2016   4  18   0  30   0  3.2089131383916447e-04 
2016   4  18   1   0   0  1.3016437431013689e-04 
2016   4  18   1  30   0  1.1570849621311165e-04 
2016   4  18   2   0   0  1.0434522391224399e-04 
2016   4  18   2  30   0  1.0147795522922859e-04 
2016   4  18   3   0   0  1.0082692159336133e-04 
2016   4  18   3  30   0  1.0764608203246825e-04 
2016   4  18   4   0   0  1.1815905171359404e-04 
2016   4  18   4  30   0  1.3253098384524082e-04 
2016   4  18   5   0   0  1.3920428680165895e-04 
2016   4  18   5  30   0  1.6063716364905342e-04 
2016   4  18   6   0   0  1.7455656163546483e-04 
2016   4  18   6  30   0  1.8888655603017216e-04 
2016   4  18   7   0   0  1.8825751189213401e-04 
2016   4  18   7  30   0  1.8792741970174905e-04 
2016   4  18   8   0   0  1.8062479445134710e-04 
2016   4  18   8  30   0  1.6533576209930975e-04 
2016   4  18   9   0   0  1.8581380747858986e-04 
2016   4  18   9  30   0  1.6023271155143998e-04 
2016   4  18  10   0   0  9.9814238400454763e-05 
2016   4  18  10  30   0  5.2025305029267629e-05 
2016   4  18  11   0   0  1.9186173793455703e-05 
2016   4  18  11  30   0  1.8250793960535779e-06 
2016   4  18  12   0   0  1.8262874503942661e-06 
2016   4  18  12  30   0  1.9887208416833775e-06 
2016   4  18  13   0   0  2.1689595114882921e-06 
2016   4  18  13  30   0  2.1942831908231679e-06 
2016   4  18  14   0   0  2.0507007660308457e-06 
2016   4  18  14  30   0  2.0748838880534226e-06 
2016   4  18  15   0   0  2.0290972465633732e-06 
2016   4  18  15  30   0  2.1318649549179694e-06 
2016   4  18  16   0   0  1.9821268843259406e-06 
2016   4  18  16  30   0  2.1259913527794275e-06 
2016   4  18  17   0   0  2.2902384843679146e-06 
2016   4  18  17  30   0  2.2771205172035449e-06 
2016   4  18  18   0   0  2.1682683562067773e-06 
2016   4  18  18  30   0  6.3962432436024811e-06 
2016   4  18  19   0   0  1.9622266065925052e-06 
2016   4  18  19  30   0  1.8877739199661049e-06 
2016   4  18  20   0   0  1.9074784709135348e-06 
2016   4  18  20  30   0  1.8260038726587595e-05 
2016   4  18  21   0   0  2.8861480353778794e-05 
2016   4  18  21  30   0  4.6152942098307238e-05 
2016   4  18  22   0   0  6.6333806274868759e-05 
2016   4  18  22  30   0  9.9003638452773438e-05 
2016   4  18  23   0   0  1.1504550932429001e-04 
2016   4  18  23  30   0  1.3512958244938500e-04 
2016   4  19   0   0   0  1.3248830307237421e-04 
2016   4  19   0  30   0  1.4003641139580846e-04 
2016   4  19   1   0   0  1.5586020359178245e-04 
2016   4  19   1  30   0  1.6858997352931339e-04 
2016   4  19   2   0   0  1.8322416579286740e-04 
2016   4  19   2  30   0  1.9366224656860927e-04 
2016   4  19   3   0   0  1.9866519581172238e-04 
2016   4  19   3  30   0  1.9173762142938778e-04 
2016   4  19   4   0   0  1.7017573668867445e-04 
2016   4  19   4  30   0  1.6300062359898715e-04 
2016   4  19   5   0   0  1.4692623433675136e-04 
2016   4  19   5  30   0  1.3584551510319924e-04 
2016   4  19   6   0   0  1.3425216598235038e-04 
2016   4  19   6  30   0  1.3152395676459551e-04 
2016   4  19   7   0   0  1.1684111186775202e-04 
2016   4  19   7  30   0  1.0813415189402526e-04 
2016   4  19   8   0   0  1.0710217524477264e-04 
2016   4  19   8  30   0  8.7750037540626930e-05 
2016   4  19   9   0   0  7.7023895391636402e-05 
2016   4  19   9  30   0  5.2508570915728924e-05 
2016   4  19  10   0   0  3.5031012291431582e-05 
2016   4  19  10  30   0  2.4764470747095404e-05 
2016   4  19  11   0   0  1.8402771074907010e-05 
2016   4  19  11  30   0  7.4752484445051408e-06 
2016   4  19  12   0   0  2.2485584789223616e-06 
2016   4  19  12  30   0  1.0979148277367558e-06 
2016   4  19  13   0   0  1.2363635854732183e-06 
2016   4  19  13  30   0  1.2762405776705872e-06 
2016   4  19  14   0   0  7.4738342451000324e-07 
2016   4  19  14  30   0  1.2720009531445701e-06 
2016   4  19  15   0   0  8.8426739179207345e-07 
2016   4  19  15  30   0  1.2279791615684511e-06 
2016   4  19  16   0   0  1.2263908531637338e-06 
2016   4  19  16  30   0  1.2394800390400078e-06 
2016   4  19  17   0   0  1.1981345625329328e-06 
2016   4  19  17  30   0  1.2888851108926730e-06 
2016   4  19  18   0   0  7.6109301916910355e-07 
2016   4  19  18  30   0  8.2399411038547102e-07 
2016   4  19  19   0   0  4.0349452813454848e-06 
2016   4  19  19  30   0  1.3449025697330056e-05 
2016   4  19  20   0   0  2.6633002950513851e-05 
2016   4  19  20  30   0  2.2043539064085984e-05 
2016   4  19  21   0   0  2.1288929105438263e-05 
2016   4  19  21  30   0  2.6780069833532590e-05 
2016   4  19  22   0   0  1.7560661984895040e-05 
2016   4  19  22  30   0  7.7777388147329068e-06 
2016   4  19  23   0   0  2.4134431440911114e-06 
2016   4  19  23  30   0  2.8381473788584561e-06 
2016   4  20   0   0   0  4.3475037350102770e-06 
2016   4  20   0  30   0  7.5076005150563711e-06 
2016   4  20   1   0   0  1.1464938683529984e-05 
2016   4  20   1  30   0  1.4865423863782132e-05 
2016   4  20   2   0   0  2.2999285805207698e-05 
2016   4  20   2  30   0  2.4850098263920022e-05 
2016   4  20   3   0   0  2.2110348701553543e-05 
2016   4  20   3  30   0  3.3822616315314277e-05 
2016   4  20   4   0   0  2.6481091524626039e-05 
2016   4  20   4  30   0  1.9344425372458238e-05 
2016   4  20   5   0   0  1.4970758475774225e-05 
2016   4  20   5  30   0  1.7280923151924845e-05 
2016   4  20   6   0   0  1.0521450234323341e-05 
2016   4  20   6  30   0  8.5587979348980536e-06 
2016   4  20   7   0   0  5.8845675713275948e-06 
2016   4  20   7  30   0  5.1957226261046439e-06 
2016   4  20   8   0   0  4.5234787473871288e-06 
2016   4  20   8  30   0  4.0940178633414163e-06 
2016   4  20   9   0   0  3.9016766678078479e-06 
2016   4  20   9  30   0  5.1445138207310184e-06 
2016   4  20  10   0   0  5.2918909180719940e-06 
2016   4  20  10  30   0  3.2836517343013833e-06 
2016   4  20  11   0   0  8.4620214027696905e-07 
2016   4  20  11  30   0  6.6485391118808036e-07 
2016   4  20  12   0   0  5.6626597279176310e-07 
2016   4  20  12  30   0  4.9043698903928870e-07 
2016   4  20  13   0   0  4.5562948376677730e-07 
2016   4  20  13  30   0  4.8844904332479190e-07 
2016   4  20  14   0   0  6.3193056271863021e-07 
2016   4  20  14  30   0  9.0130431220670307e-07 
2016   4  20  15   0   0  6.9102439453084043e-07 
2016   4  20  15  30   0  5.4247664248202524e-07 
2016   4  20  16   0   0  5.6709267696748479e-07 
2016   4  20  16  30   0  5.3425062745322452e-07 
2016   4  20  17   0   0  5.3145748089065254e-07 
2016   4  20  17  30   0  5.1855631045356075e-07 
2016   4  20  18   0   0  6.8755073200140903e-07 
2016   4  20  18  30   0  1.1504086033020090e-06 
2016   4  20  19   0   0  1.1401611685361842e-06 
2016   4  20  19  30   0  1.1525616463075917e-05 
2016   4  20  20   0   0  2.6436682378152121e-05 
2016   4  20  20  30   0  2.6969478010353599e-05 
2016   4  20  21   0   0  4.1447208959363828e-05 
2016   4  20  21  30   0  3.8666353373811894e-05 
2016   4  20  22   0   0  2.8345571595226860e-05 
2016   4  20  22  30   0  1.9160572838644368e-05 
2016   4  20  23   0   0  4.8277293318463897e-05 
2016   4  20  23  30   0  5.8853045270160512e-05 
2016   4  21   0   0   0  4.4766930894308365e-05 
2016   4  21   0  30   0  4.5333098094903858e-05 
2016   4  21   1   0   0  4.6792407325046320e-05 
2016   4  21   1  30   0  4.9124387768641984e-05 
2016   4  21   2   0   0  5.3775293080506674e-05 
2016   4  21   2  30   0  6.2350450791292218e-05 
2016   4  21   3   0   0  7.0708168967355110e-05 
2016   4  21   3  30   0  7.7253110494661124e-05 
2016   4  21   4   0   0  8.6077136863024002e-05 
2016   4  21   4  30   0  1.0280863011261651e-04 
2016   4  21   5   0   0  9.3151614631464515e-05 
2016   4  21   5  30   0  9.2859392750225422e-05 
2016   4  21   6   0   0  9.3362960547627920e-05 
2016   4  21   6  30   0  7.2359233492700072e-05 
2016   4  21   7   0   0  5.1419131802324443e-05 
2016   4  21   7  30   0  3.0964392461193898e-05 
2016   4  21   8   0   0  2.2272099997362385e-06 
2016   4  21   8  30   0  1.7290959474138219e-06 
2016   4  21   9   0   0  1.6879777877784203e-06 
2016   4  21   9  30   0  1.5853945373946507e-06 
2016   4  21  10   0   0  1.4580556689735947e-06 
2016   4  21  10  30   0  1.4388745783700075e-06 
2016   4  21  11   0   0  1.4075155459051570e-06 
2016   4  21  11  30   0  1.4675354667784256e-06 
2016   4  21  12   0   0  1.3885709582642334e-06 
2016   4  21  12  30   0  1.3632343172715204e-06 
2016   4  21  13   0   0  1.3517794119129743e-06 
2016   4  21  13  30   0  1.3381172892281264e-06 
2016   4  21  14   0   0  1.3628380542814437e-06 
2016   4  21  14  30   0  1.4424642622921979e-06 
2016   4  21  15   0   0  1.6054554933719749e-06 
2016   4  21  15  30   0  1.5183488518988635e-06 
2016   4  21  16   0   0  1.5451627966111163e-06 
2016   4  21  16  30   0  1.5847512792268541e-06 
2016   4  21  17   0   0  1.9284545715900020e-06 
2016   4  21  17  30   0  1.5465858188134402e-06 
2016   4  21  18   0   0  1.6655043427470916e-06 
2016   4  21  18  30   0  1.7214425321296264e-06 
2016   4  21  19   0   0  1.9088975748568695e-06 
2016   4  21  19  30   0  2.0579627354648784e-06 
2016   4  21  20   0   0  2.4273515301556605e-06 
2016   4  21  20  30   0  2.4073896623830923e-06 
2016   4  21  21   0   0  2.1707583436127041e-06 
2016   4  21  21  30   0  2.2511142308776825e-06 
2016   4  21  22   0   0  2.2064528123869648e-06 
2016   4  21  22  30   0  2.0806191713150351e-06 
2016   4  21  23   0   0  2.0801116752472937e-06 
2016   4  21  23  30   0  1.9788263946931625e-06 
2016   4  22   0   0   0  2.2548727323455111e-06 
2016   4  22   0  30   0  2.2546809891902285e-06 
2016   4  22   1   0   0  2.4396301281309804e-06 
2016   4  22   1  30   0  2.5397928961660179e-06 
2016   4  22   2   0   0  3.2155601068355511e-06 
2016   4  22   2  30   0  2.8315249024797745e-06 
2016   4  22   3   0   0  2.6315970421834534e-06 
2016   4  22   3  30   0  1.3346032775295601e-05 
2016   4  22   4   0   0  3.5265119129900730e-05 
2016   4  22   4  30   0  7.3106723571440477e-05 
2016   4  22   5   0   0  7.7992939444958073e-05 
2016   4  22   5  30   0  6.7808183029870921e-05 
2016   4  22   6   0   0  3.3420098780385356e-05 
2016   4  22   6  30   0  3.7521956524859815e-06 
2016   4  22   7   0   0  3.1667072210145376e-06 
2016   4  22   7  30   0  2.7270374776223776e-06 
2016   4  22   8   0   0  2.8254063660579804e-06 
2016   4  22   8  30   0  2.4166537923294422e-06 
2016   4  22   9   0   0  2.0477166183804722e-06 
2016   4  22   9  30   0  2.3029762324917653e-06 
2016   4  22  10   0   0  1.9073161802231720e-06 
2016   4  22  10  30   0  1.9440186883248312e-06 
2016   4  22  11   0   0  1.9846573683427004e-06 
2016   4  22  11  30   0  2.1737585510548335e-06 
2016   4  22  12   0   0  2.5247455688251730e-06 
2016   4  22  12  30   0  2.1270334500433631e-06 
2016   4  22  13   0   0  2.1709103370517266e-06 
2016   4  22  13  30   0  2.1822536661286877e-06 
2016   4  22  14   0   0  1.9304754991039773e-06 
2016   4  22  14  30   0  1.8488573642293567e-06 
2016   4  22  15   0   0  1.6507805067445300e-06 
2016   4  22  15  30   0  1.4933739283451387e-06 
2016   4  22  16   0   0  1.5239506066419046e-06 
2016   4  22  16  30   0  1.4517867423381796e-06 
2016   4  22  17   0   0  1.0832772893853625e-06 
2016   4  22  17  30   0  1.2797488531223908e-06 
2016   4  22  18   0   0  1.3099567815017772e-06 
2016   4  22  18  30   0  1.2160208884446995e-06 
2016   4  22  19   0   0  1.1710596850015944e-06 
2016   4  22  19  30   0  1.1092989916766624e-06 
2016   4  22  20   0   0  1.0982767251689137e-06 
2016   4  22  20  30   0  1.1182389718483903e-06 
2016   4  22  21   0   0  1.1981070706595746e-06 
2016   4  22  21  30   0  1.2181870447892611e-06 
2016   4  22  22   0   0  1.3029451875637129e-06 
2016   4  22  22  30   0  1.2929462160878728e-06 
2016   4  22  23   0   0  1.2749403274523214e-06 
2016   4  22  23  30   0  1.3443965664175049e-06 
2016   4  23   0   0   0  1.2617314866091448e-06 
2016   4  23   0  30   0  1.2442713412812711e-06 
2016   4  23   1   0   0  1.0943215905813984e-05 
2016   4  23   1  30   0  2.2239145254076902e-05 
2016   4  23   2   0   0  3.5340007060365940e-05 
2016   4  23   2  30   0  3.8460112831753097e-05 
2016   4  23   3   0   0  3.9348076226235702e-05 
2016   4  23   3  30   0  3.9858894088294127e-05 
2016   4  23   4   0   0  3.9194830183799910e-05 
2016   4  23   4  30   0  3.4604563626180263e-05 
2016   4  23   5   0   0  2.9214521121902905e-05 
2016   4  23   5  30   0  1.2018348570774999e-05 
2016   4  23   6   0   0  2.0238425760318089e-06 
2016   4  23   6  30   0  2.1430830899994949e-06 
2016   4  23   7   0   0  2.0397715060979794e-06 
2016   4  23   7  30   0  2.1395800179903802e-06 
2016   4  23   8   0   0  2.0592077683631767e-06 
2016   4  23   8  30   0  2.0362143821138187e-06 
2016   4  23   9   0   0  1.8261272009401087e-06 
2016   4  23   9  30   0  1.6388648263863984e-06 
2016   4  23  10   0   0  1.6334155139117509e-06 
2016   4  23  10  30   0  1.6668682595258154e-06 
2016   4  23  11   0   0  1.8272832678264194e-06 
2016   4  23  11  30   0  1.8118152105936884e-06 
2016   4  23  12   0   0  1.8377176553705631e-06 
2016   4  23  12  30   0  1.9335748523022610e-06 
2016   4  23  13   0   0  1.9274310753389798e-06 
2016   4  23  13  30   0  1.6818517570363927e-06 
2016   4  23  14   0   0  1.5583996923562171e-06 
2016   4  23  14  30   0  1.4169204171304992e-06 
2016   4  23  15   0   0  1.6150843398212343e-06 
2016   4  23  15  30   0  1.5075811774356638e-06 
2016   4  23  16   0   0  1.5332045779994353e-06 
2016   4  23  16  30   0  1.6116108819251024e-06 
2016   4  23  17   0   0  1.7870514317131142e-06 
2016   4  23  17  30   0  1.8448942796461424e-06 
2016   4  23  18   0   0  1.8038235608317359e-06 
2016   4  23  18  30   0  1.8198003089602781e-06 
2016   4  23  19   0   0  1.7745571673488989e-06 
2016   4  23  19  30   0  3.0368336060778551e-06 
2016   4  23  20   0   0  3.0042565740110898e-06 
2016   4  23  20  30   0  2.3204871818317356e-06 
2016   4  23  21   0   0  2.0859615361094810e-06 
2016   4  23  21  30   0  2.4279536434908255e-06 
2016   4  23  22   0   0  2.1219087731843215e-06 
2016   4  23  22  30   0  1.9386311746172305e-06 
2016   4  23  23   0   0  1.5373032884553094e-06 
2016   4  23  23  30   0  1.6538470044937668e-06 
2016   4  24   0   0   0  1.7499953835234645e-06 
2016   4  24   0  30   0  2.0281902607201607e-06 
2016   4  24   1   0   0  2.3519394270304710e-06 
2016   4  24   1  30   0  2.2450395350660822e-06 
2016   4  24   2   0   0  2.6850430823779723e-06 
2016   4  24   2  30   0  2.8436887798089915e-06 
2016   4  24   3   0   0  9.6441813143267740e-06 
2016   4  24   3  30   0  1.2730886450691532e-05 
2016   4  24   4   0   0  5.4297096413490534e-06 
2016   4  24   4  30   0  3.3578804734536627e-06 
2016   4  24   5   0   0  1.2532545408609643e-05 
2016   4  24   5  30   0  3.2935489222431075e-05 
2016   4  24   6   0   0  4.4104920234676892e-06 
2016   4  24   6  30   0  3.8356752343340047e-06 
2016   4  24   7   0   0  3.9646314627470434e-06 
2016   4  24   7  30   0  4.0556737567717148e-06 
2016   4  24   8   0   0  3.3723818483083517e-06 
2016   4  24   8  30   0  2.4068604079660506e-06 
2016   4  24   9   0   0  1.7954483405259522e-06 
2016   4  24   9  30   0  1.8441229995012925e-06 
2016   4  24  10   0   0  2.1985098898004554e-06 
2016   4  24  10  30   0  1.9049234381392802e-06 
2016   4  24  11   0   0  2.0226387052059040e-06 
2016   4  24  11  30   0  1.9633007027225141e-06 
2016   4  24  12   0   0  1.9709392848533275e-06 
2016   4  24  12  30   0  2.0181415977497205e-06 
2016   4  24  13   0   0  1.9068290073644063e-06 
2016   4  24  13  30   0  1.7488646291612539e-06 
2016   4  24  14   0   0  1.7854689675935929e-06 
2016   4  24  14  30   0  1.6209932641846144e-06 
2016   4  24  15   0   0  1.6356601116473721e-06 
2016   4  24  15  30   0  1.5709399106194418e-06 
2016   4  24  16   0   0  1.6601315078041172e-06 
2016   4  24  16  30   0  1.6628914736333201e-06 
2016   4  24  17   0   0  1.6098021363315723e-06 
2016   4  24  17  30   0  1.6635564571627612e-06 
2016   4  24  18   0   0  1.8489080458494638e-06 
2016   4  24  18  30   0  2.2969510533040374e-06 
2016   4  24  19   0   0  2.4653313715903929e-06 
2016   4  24  19  30   0  2.9172426976118233e-06 
2016   4  24  20   0   0  3.0032125354607090e-06 
2016   4  24  20  30   0  3.2508320476147682e-06 
2016   4  24  21   0   0  3.2388327124749605e-06 
2016   4  24  21  30   0  2.7338706895765957e-06 
2016   4  24  22   0   0  2.6561959241363017e-06 
2016   4  24  22  30   0  2.5105351531564655e-06 
2016   4  24  23   0   0  2.3752446658838402e-06 
2016   4  24  23  30   0  2.2907260327237913e-06 
2016   4  25   0   0   0  2.3467712371151722e-06 
2016   4  25   0  30   0  2.2303791019980845e-06 
2016   4  25   1   0   0  2.2029792401390498e-06 
2016   4  25   1  30   0  2.1548449470490485e-06 
2016   4  25   2   0   0  1.9825645332952699e-05 
2016   4  25   2  30   0  3.3532314342938957e-05 
2016   4  25   3   0   0  4.1651217301202536e-05 
2016   4  25   3  30   0  5.6491180994245943e-05 
2016   4  25   4   0   0  7.5981153687565539e-05 
2016   4  25   4  30   0  9.2024669650881335e-05 
2016   4  25   5   0   0  8.6858260532041241e-05 
2016   4  25   5  30   0  7.0850825878301485e-05 
2016   4  25   6   0   0  2.6530918086834904e-05 
2016   4  25   6  30   0  4.4223286787795482e-06 
2016   4  25   7   0   0  1.6766134331023856e-06 
2016   4  25   7  30   0  1.6658089193620253e-06 
2016   4  25   8   0   0  1.6299583236111802e-06 
2016   4  25   8  30   0  1.5647014855341297e-06 
2016   4  25   9   0   0  1.1692840043950917e-06 
2016   4  25   9  30   0  9.1004926939129192e-07 
2016   4  25  10   0   0  9.1104895678543615e-07 
2016   4  25  10  30   0  8.8933955833603156e-07 
2016   4  25  11   0   0  7.6679274155932406e-07 
2016   4  25  11  30   0  6.2775125951566260e-07 
2016   4  25  12   0   0  6.0253638616615781e-07 
2016   4  25  12  30   0  7.0403669079288611e-07 
2016   4  25  13   0   0  7.4241341048123152e-07 
2016   4  25  13  30   0  8.3730491446869705e-07 
2016   4  25  14   0   0  9.3284269243342248e-07 
2016   4  25  14  30   0  1.3272809890321584e-06 
2016   4  25  15   0   0  1.3811007198315053e-06 
2016   4  25  15  30   0  1.6905275817776514e-06 
2016   4  25  16   0   0  1.6937757334850809e-06 
2016   4  25  16  30   0  1.6667436673785691e-06 
2016   4  25  17   0   0  1.7603084394426132e-06 
2016   4  25  17  30   0  1.8194391149682894e-06 
2016   4  25  18   0   0  1.7633002711337882e-06 
2016   4  25  18  30   0  1.8776070414225844e-06 
2016   4  25  19   0   0  1.8513231009299104e-06 
2016   4  25  19  30   0  1.8045434784326583e-06 
2016   4  25  20   0   0  1.8011529925609181e-06 
2016   4  25  20  30   0  1.8798892962406452e-06 
2016   4  25  21   0   0  1.9818186708168231e-06 
2016   4  25  21  30   0  2.0605820953589046e-06 
2016   4  25  22   0   0  2.1474076110939586e-06 
2016   4  25  22  30   0  2.2178384567552700e-06 
2016   4  25  23   0   0  2.7751468586283602e-06 
2016   4  25  23  30   0  1.0170828784422688e-05 
2016   4  26   0   0   0  3.8372974556946696e-05 
2016   4  26   0  30   0  3.0485635493329259e-05 
2016   4  26   1   0   0  5.5460799678635179e-06 
2016   4  26   1  30   0  3.0300369046215175e-06 
2016   4  26   2   0   0  2.3456448696094648e-06 
2016   4  26   2  30   0  2.2595560754298412e-06 
2016   4  26   3   0   0  2.1802007454755615e-06 
2016   4  26   3  30   0  2.2333779044923684e-06 
2016   4  26   4   0   0  3.9886126206680158e-06 
2016   4  26   4  30   0  1.4618214689352431e-05 
2016   4  26   5   0   0  3.8466706638144308e-05 
2016   4  26   5  30   0  9.2613622887925344e-06 
2016   4  26   6   0   0  6.3855092684269464e-06 
2016   4  26   6  30   0  6.3310132501897468e-06 
2016   4  26   7   0   0  4.2422797839264644e-06 
2016   4  26   7  30   0  3.0951292891195029e-06 
2016   4  26   8   0   0  2.9277657659393049e-06 
2016   4  26   8  30   0  3.4307138681409166e-06 
2016   4  26   9   0   0  3.5405713704304182e-06 
2016   4  26   9  30   0  2.9230721866406061e-06 
2016   4  26  10   0   0  2.3063721598486253e-06 
2016   4  26  10  30   0  2.0985282685245594e-06 
2016   4  26  11   0   0  1.9270345940099847e-06 
2016   4  26  11  30   0  1.5951255017144336e-06 
2016   4  26  12   0   0  1.3197499120577461e-06 
2016   4  26  12  30   0  1.1934379483343918e-06 
2016   4  26  13   0   0  1.1543459345643057e-06 
2016   4  26  13  30   0  1.0149916925612086e-06 
2016   4  26  14   0   0  9.4221113617260394e-07 
2016   4  26  14  30   0  8.6043127773009794e-07 
2016   4  26  15   0   0  7.5053910065544967e-07 
2016   4  26  15  30   0  6.1024337255568516e-07 
2016   4  26  16   0   0  6.7333831001023515e-07 
2016   4  26  16  30   0  6.0244564287967666e-07 
2016   4  26  17   0   0  5.7384966909322496e-07 
2016   4  26  17  30   0  5.5064670556663623e-07 
2016   4  26  18   0   0  4.3488247677657306e-07 
2016   4  26  18  30   0  3.6261177302659563e-07 
2016   4  26  19   0   0  3.4992473709955118e-07 
2016   4  26  19  30   0  3.7031549488836933e-07 
2016   4  26  20   0   0  3.4018627797625394e-07 
2016   4  26  20  30   0  3.4042488371320603e-07 
2016   4  26  21   0   0  3.6385959443823270e-07 
2016   4  26  21  30   0  3.6679330926572975e-07 
2016   4  26  22   0   0  4.4171490393373582e-07 
2016   4  26  22  30   0  5.4679544027376462e-07 
2016   4  26  23   0   0  9.3563557947914715e-07 
2016   4  26  23  30   0  2.9839300145304109e-06 
2016   4  27   0   0   0  4.3135355069236574e-06 
2016   4  27   0  30   0  4.5254272558398783e-06 
2016   4  27   1   0   0  4.5177836926726169e-06 
2016   4  27   1  30   0  4.2838413834045542e-06 
2016   4  27   2   0   0  4.2660779337895990e-06 
2016   4  27   2  30   0  4.1406083106764588e-06 
2016   4  27   3   0   0  3.6821410532714758e-06 
2016   4  27   3  30   0  2.5355465297578961e-06 
2016   4  27   4   0   0  2.7432701227377262e-06 
2016   4  27   4  30   0  1.9133053852216786e-06 
2016   4  27   5   0   0  1.5799426321661603e-06 
2016   4  27   5  30   0  1.4799722506357511e-06 
2016   4  27   6   0   0  2.2019552578843668e-06 
2016   4  27   6  30   0  1.7272645911831458e-06 
2016   4  27   7   0   0  2.4843175590801013e-06 
2016   4  27   7  30   0  3.0198089950693538e-06 
2016   4  27   8   0   0  2.7295589552861993e-06 
2016   4  27   8  30   0  2.1168674939714567e-06 
2016   4  27   9   0   0  2.1985193895812214e-06 
2016   4  27   9  30   0  2.0190355096719500e-06 
2016   4  27  10   0   0  1.9600838887116712e-06 
2016   4  27  10  30   0  1.9550912571263350e-06 
2016   4  27  11   0   0  1.7543178169642876e-06 
2016   4  27  11  30   0  1.5688910379201699e-06 
2016   4  27  12   0   0  1.5494318075919265e-06 
2016   4  27  12  30   0  1.5116367748666549e-06 
2016   4  27  13   0   0  1.3949721744233577e-06 
2016   4  27  13  30   0  1.2032773283332064e-06 
2016   4  27  14   0   0  1.2706011960427530e-06 
2016   4  27  14  30   0  1.2496621644850795e-06 
2016   4  27  15   0   0  1.2321297936729899e-06 
2016   4  27  15  30   0  1.2318891375112470e-06 
2016   4  27  16   0   0  1.3245424710478656e-06 
2016   4  27  16  30   0  1.5384323279231931e-06 
2016   4  27  17   0   0  1.9392047201754842e-06 
2016   4  27  17  30   0  1.7990661823573626e-06 
2016   4  27  18   0   0  1.8592681964044857e-06 
2016   4  27  18  30   0  1.9352446734191927e-06 
2016   4  27  19   0   0  2.1270368302813845e-06 
2016   4  27  19  30   0  2.2262417167483478e-06 
2016   4  27  20   0   0  2.8887288052523808e-06 
2016   4  27  20  30   0  1.9016655110052413e-05 
2016   4  27  21   0   0  3.6443808972077562e-05 
2016   4  27  21  30   0  6.8497956839130354e-05 
2016   4  27  22   0   0  9.1393400530895353e-05 
2016   4  27  22  30   0  9.8470327428518148e-05 
2016   4  27  23   0   0  2.2433912296857070e-04 
2016   4  27  23  30   0  7.3888539376467017e-04 
2016   4  28   0   0   0  1.8491206381125732e-04 
2016   4  28   0  30   0  2.0332705486480424e-04 
2016   4  28   1   0   0  2.3398619045409885e-04 
2016   4  28   1  30   0  2.5470777125285429e-04 
2016   4  28   2   0   0  2.3175911634971464e-04 
2016   4  28   2  30   0  2.1005183444091800e-04 
2016   4  28   3   0   0  2.0221911028506570e-04 
2016   4  28   3  30   0  2.0355170026922306e-04 
2016   4  28   4   0   0  2.2503988073133499e-04 
2016   4  28   4  30   0  2.7713732171286349e-04 
2016   4  28   5   0   0  3.3040012689908050e-04 
2016   4  28   5  30   0  2.8284339042484275e-04 
2016   4  28   6   0   0  2.1972868625739494e-04 
2016   4  28   6  30   0  2.1179944301266964e-04 
2016   4  28   7   0   0  2.0000722771071710e-04 
2016   4  28   7  30   0  1.9697833346286325e-04 
2016   4  28   8   0   0  1.8881107883231309e-04 
2016   4  28   8  30   0  1.8480094157166948e-04 
2016   4  28   9   0   0  1.1577872080752496e-04 
2016   4  28   9  30   0  2.6797769050179477e-05 
2016   4  28  10   0   0  2.6193394172429585e-06 
2016   4  28  10  30   0  2.2202936923681037e-06 
2016   4  28  11   0   0  2.2478561355036898e-06 
2016   4  28  11  30   0  2.4216376883988163e-06 
2016   4  28  12   0   0  2.7258840452084871e-06 
2016   4  28  12  30   0  2.8308525090313087e-06 
2016   4  28  13   0   0  2.6935962249920380e-06 
2016   4  28  13  30   0  2.6433683444107838e-06 
2016   4  28  14   0   0  2.6847847613885660e-06 
2016   4  28  14  30   0  2.6411022196840389e-06 
2016   4  28  15   0   0  2.8618273758351268e-06 
2016   4  28  15  30   0  3.3068224025091646e-06 
2016   4  28  16   0   0  3.4267337037811708e-06 
2016   4  28  16  30   0  3.1542746352415679e-06 
2016   4  28  17   0   0  3.1055626352030368e-06 
2016   4  28  17  30   0  3.6433505338992036e-06 
2016   4  28  18   0   0  4.2230283085960874e-06 
2016   4  28  18  30   0  4.8281834298908598e-06 
2016   4  28  19   0   0  4.9654294548823528e-06 
2016   4  28  19  30   0  5.4215876327348586e-06 
2016   4  28  20   0   0  5.8229466653762799e-06 
2016   4  28  20  30   0  6.2800764771111785e-06 
2016   4  28  21   0   0  7.1004645986722034e-06 
2016   4  28  21  30   0  8.2438774066489233e-06 
2016   4  28  22   0   0  7.4401179007731389e-05 
2016   4  28  22  30   0  9.2739571021582267e-05 
2016   4  28  23   0   0  1.0446718579422635e-04 
2016   4  28  23  30   0  9.1701303964093474e-05 
2016   4  29   0   0   0  9.4083353099869859e-05 
2016   4  29   0  30   0  7.6937143959909991e-05 
2016   4  29   1   0   0  9.5284677674293977e-05 
2016   4  29   1  30   0  1.2559282724527117e-04 
2016   4  29   2   0   0  1.8058991686990724e-04 
2016   4  29   2  30   0  2.4952363279451717e-04 
2016   4  29   3   0   0  1.9341044576874202e-04 
2016   4  29   3  30   0  1.6700377999756896e-04 
2016   4  29   4   0   0  1.2917142705745388e-04 
2016   4  29   4  30   0  1.2116955468836004e-04 
2016   4  29   5   0   0  1.1306234623214876e-04 
2016   4  29   5  30   0  1.1606983919418961e-04 
2016   4  29   6   0   0  1.1654429437241823e-04 
2016   4  29   6  30   0  9.8245077363303350e-05 
2016   4  29   7   0   0  3.8484560347868813e-05 
2016   4  29   7  30   0  1.1516081032538712e-05 
2016   4  29   8   0   0  3.5791916300830417e-06 
2016   4  29   8  30   0  3.4624639526302302e-06 
2016   4  29   9   0   0  3.3112589616907588e-06 
2016   4  29   9  30   0  3.1588478117499482e-06 
2016   4  29  10   0   0  3.2417499294023051e-06 
2016   4  29  10  30   0  3.2853014417429544e-06 
2016   4  29  11   0   0  3.3269819270525434e-06 
2016   4  29  11  30   0  3.4222314856953694e-06 
2016   4  29  12   0   0  3.6556967412998356e-06 
2016   4  29  12  30   0  3.5592619913457311e-06 
2016   4  29  13   0   0  3.8309894132585795e-06 
2016   4  29  13  30   0  4.0125957656656181e-06 
2016   4  29  14   0   0  4.0281497459835983e-06 
2016   4  29  14  30   0  4.2502528597504398e-06 
2016   4  29  15   0   0  4.1967289499910572e-06 
2016   4  29  15  30   0  4.2140966824906418e-06 
2016   4  29  16   0   0  4.1387821687046118e-06 
2016   4  29  16  30   0  4.3039120128374466e-06 
2016   4  29  17   0   0  4.6195212444193016e-06 
2016   4  29  17  30   0  4.9786316835079961e-06 
2016   4  29  18   0   0  4.3567479890501821e-06 
2016   4  29  18  30   0  4.2661155325416375e-06 
2016   4  29  19   0   0  4.2929408288830584e-06 
2016   4  29  19  30   0  4.2618550249426783e-06 
2016   4  29  20   0   0  4.1899909020786834e-06 
2016   4  29  20  30   0  1.4628127216920418e-05 
2016   4  29  21   0   0  4.2905542548704343e-06 
2016   4  29  21  30   0  4.2617342504242031e-06 
2016   4  29  22   0   0  7.3271204389792834e-05 
2016   4  29  22  30   0  2.5168587478307359e-04 
2016   4  29  23   0   0  2.1720306906365569e-04 
2016   4  29  23  30   0  1.6747304382344185e-04 
2016   4  30   0   0   0  1.5191846769876605e-04 
2016   4  30   0  30   0  1.6658168589748609e-04 
2016   4  30   1   0   0  2.7306030034648341e-04 
2016   4  30   1  30   0  4.8442368379060101e-04 
2016   4  30   2   0   0  2.5525855606684775e-04 
2016   4  30   2  30   0  2.9783063297901530e-04 
2016   4  30   3   0   0  2.7128350716913420e-04 
2016   4  30   3  30   0  2.3511420290379527e-04 
2016   4  30   4   0   0  2.1659161426419910e-04 
2016   4  30   4  30   0  2.5009461899513084e-04 
2016   4  30   5   0   0  2.6175864371117796e-04 
2016   4  30   5  30   0  2.2336308237344633e-04 
2016   4  30   6   0   0  2.4475999172194365e-04 
2016   4  30   6  30   0  2.2049313853934299e-04 
2016   4  30   7   0   0  2.4572791515947332e-04 
2016   4  30   7  30   0  1.7921171314848254e-04 
2016   4  30   8   0   0  8.9345901511219048e-05 
2016   4  30   8  30   0  2.5741435016255297e-05 
2016   4  30   9   0   0  2.9155013087442802e-06 
2016   4  30   9  30   0  3.1993762413293293e-06 
2016   4  30  10   0   0  3.6324186823163439e-06 
2016   4  30  10  30   0  3.6989719155008480e-06 
2016   4  30  11   0   0  2.9625782251732469e-06 
2016   4  30  11  30   0  2.9067319762509598e-06 
2016   4  30  12   0   0  2.9581161359716326e-06 
2016   4  30  12  30   0  2.9286839317691435e-06 
2016   4  30  13   0   0  2.6885896764112614e-06 
2016   4  30  13  30   0  2.3532561634997985e-06 
2016   4  30  14   0   0  2.4262506732945460e-06 
2016   4  30  14  30   0  2.7042506386431123e-06 
2016   4  30  15   0   0  2.7637962553015609e-06 
2016   4  30  15  30   0  2.7113190578264447e-06 
2016   4  30  16   0   0  2.9114939961939056e-06 
2016   4  30  16  30   0  3.0775654156749125e-06 
2016   4  30  17   0   0  3.1500755022460897e-06 
2016   4  30  17  30   0  3.2481544801929475e-06 
2016   4  30  18   0   0  3.3621691579141523e-06 
2016   4  30  18  30   0  3.4404481826434890e-06 
2016   4  30  19   0   0  3.4644290142516461e-06 
2016   4  30  19  30   0  3.4828058802394826e-06 
2016   4  30  20   0   0  3.5591437095165859e-06 
2016   4  30  20  30   0  3.7115577749596723e-06 
2016   4  30  21   0   0  3.7969783278791648e-06 
2016   4  30  21  30   0  1.2383399437795460e-05 
2016   4  30  22   0   0  3.0714211796473769e-05 
2016   4  30  22  30   0  3.2740764179314508e-05 
2016   4  30  23   0   0  3.5456714376028405e-05 
2016   4  30  23  30   0  6.3161541040330160e-05 
2016   5   1   0   0   0  6.3161541040330160e-05 
