   0   0   0   0   0   0  0.002588 
2016   4   1   0   0   0  2.5878524206284967e-03 
2016   4   1   0  30   0  2.4551317669640606e-03 
2016   4   1   1   0   0  2.4103702814661731e-03 
2016   4   1   1  30   0  2.3923392370615404e-03 
2016   4   1   2   0   0  2.5091683579700442e-03 
2016   4   1   2  30   0  2.5528164605592555e-03 
2016   4   1   3   0   0  2.5807903137937118e-03 
2016   4   1   3  30   0  2.6798831767165395e-03 
2016   4   1   4   0   0  2.6519929141178766e-03 
2016   4   1   4  30   0  2.6699525741983327e-03 
2016   4   1   5   0   0  2.6770231901761970e-03 
2016   4   1   5  30   0  2.7263705756254072e-03 
2016   4   1   6   0   0  2.9692305852274453e-03 
2016   4   1   6  30   0  3.4224216336018131e-03 
2016   4   1   7   0   0  3.7259540720544848e-03 
2016   4   1   7  30   0  4.0718825868156939e-03 
2016   4   1   8   0   0  4.1109072064727820e-03 
2016   4   1   8  30   0  2.8875429873974172e-03 
2016   4   1   9   0   0  3.1107442541473533e-03 
2016   4   1   9  30   0  3.4804211156623612e-03 
2016   4   1  10   0   0  2.8012464746538898e-03 
2016   4   1  10  30   0  1.6544476874638069e-03 
2016   4   1  11   0   0  2.0134338630121511e-03 
2016   4   1  11  30   0  2.0837486843965892e-03 
2016   4   1  12   0   0  1.8114138436337833e-03 
2016   4   1  12  30   0  7.5044467268597871e-04 
2016   4   1  13   0   0  8.5731346051421179e-04 
2016   4   1  13  30   0  1.5320802733538896e-03 
2016   4   1  14   0   0  1.4035416603787256e-03 
2016   4   1  14  30   0  1.5979325489693819e-03 
2016   4   1  15   0   0  1.9732117987538563e-03 
2016   4   1  15  30   0  2.1770474864934394e-03 
2016   4   1  16   0   0  2.1839480814830957e-03 
2016   4   1  16  30   0  2.0355456357893428e-03 
2016   4   1  17   0   0  1.9607855947225603e-03 
2016   4   1  17  30   0  1.7634510880214461e-03 
2016   4   1  18   0   0  1.4074577315557290e-03 
2016   4   1  18  30   0  1.3421537365306420e-03 
2016   4   1  19   0   0  1.3480846581362645e-03 
2016   4   1  19  30   0  1.4595785451063570e-03 
2016   4   1  20   0   0  1.4949955133016111e-03 
2016   4   1  20  30   0  1.7321657286295234e-03 
2016   4   1  21   0   0  1.6448860206235575e-03 
2016   4   1  21  30   0  1.9183913717597983e-03 
2016   4   1  22   0   0  2.1268680616603336e-03 
2016   4   1  22  30   0  2.1068662029965430e-03 
2016   4   1  23   0   0  1.9581033579155870e-03 
2016   4   1  23  30   0  2.1076467571498822e-03 
2016   4   2   0   0   0  1.9752074812150701e-03 
2016   4   2   0  30   0  1.9482630228144665e-03 
2016   4   2   1   0   0  2.1379215081979166e-03 
2016   4   2   1  30   0  1.9453750713284673e-03 
2016   4   2   2   0   0  1.8278229984878792e-03 
2016   4   2   2  30   0  1.7304602714386269e-03 
2016   4   2   3   0   0  1.7439646177364930e-03 
2016   4   2   3  30   0  1.7740011993725088e-03 
2016   4   2   4   0   0  1.8958116932717233e-03 
2016   4   2   4  30   0  1.8816291699863389e-03 
2016   4   2   5   0   0  1.9688155742014915e-03 
2016   4   2   5  30   0  1.9984546092312806e-03 
2016   4   2   6   0   0  1.9844548054135515e-03 
2016   4   2   6  30   0  2.0110502672773087e-03 
2016   4   2   7   0   0  2.0128771597441820e-03 
2016   4   2   7  30   0  1.9888179607630472e-03 
2016   4   2   8   0   0  1.9108682684312532e-03 
2016   4   2   8  30   0  1.9316514944238796e-03 
2016   4   2   9   0   0  1.9219753778012380e-03 
2016   4   2   9  30   0  1.8471966666428025e-03 
2016   4   2  10   0   0  1.6430489223849920e-03 
2016   4   2  10  30   0  1.4294452526146307e-03 
2016   4   2  11   0   0  1.3317590913379726e-03 
2016   4   2  11  30   0  1.4896528756287702e-03 
2016   4   2  12   0   0  1.5967116103323550e-03 
2016   4   2  12  30   0  1.4062163851358985e-03 
2016   4   2  13   0   0  1.1842435830007937e-03 
2016   4   2  13  30   0  1.0369243514748439e-03 
2016   4   2  14   0   0  1.2804202635587560e-03 
2016   4   2  14  30   0  1.3734412479168574e-03 
2016   4   2  15   0   0  1.4878924400223302e-03 
2016   4   2  15  30   0  1.3533337573085912e-03 
2016   4   2  16   0   0  1.0966101375358213e-03 
2016   4   2  16  30   0  1.1055605309080157e-03 
2016   4   2  17   0   0  1.2522640468300135e-03 
2016   4   2  17  30   0  1.3870150230061874e-03 
2016   4   2  18   0   0  1.3663578157194487e-03 
2016   4   2  18  30   0  1.9164905379259198e-03 
2016   4   2  19   0   0  1.7160098732361927e-03 
2016   4   2  19  30   0  1.7115661577552759e-03 
2016   4   2  20   0   0  1.8917666796265827e-03 
2016   4   2  20  30   0  2.1693794965312995e-03 
2016   4   2  21   0   0  2.6268927906272542e-03 
2016   4   2  21  30   0  2.8239568208903928e-03 
2016   4   2  22   0   0  3.0368132992928181e-03 
2016   4   2  22  30   0  3.0830153914773385e-03 
2016   4   2  23   0   0  3.2183763403627595e-03 
2016   4   2  23  30   0  3.3056525407642468e-03 
2016   4   3   0   0   0  3.2409645210484330e-03 
2016   4   3   0  30   0  3.4871006631544050e-03 
2016   4   3   1   0   0  3.4363721077611503e-03 
2016   4   3   1  30   0  3.6502269971886423e-03 
2016   4   3   2   0   0  3.8117519095726684e-03 
2016   4   3   2  30   0  3.7036149956128279e-03 
2016   4   3   3   0   0  4.0139656130519568e-03 
2016   4   3   3  30   0  3.9991061496025496e-03 
2016   4   3   4   0   0  4.2707821158711745e-03 
2016   4   3   4  30   0  4.5678726162640586e-03 
2016   4   3   5   0   0  4.4187441886679151e-03 
2016   4   3   5  30   0  4.2620858161303799e-03 
2016   4   3   6   0   0  5.7166430983575803e-03 
2016   4   3   6  30   0  4.8245375832857776e-03 
2016   4   3   7   0   0  3.4727084514944544e-03 
2016   4   3   7  30   0  4.7493658849128316e-03 
2016   4   3   8   0   0  1.8995759879516128e-03 
2016   4   3   8  30   0  1.5681096369942317e-03 
2016   4   3   9   0   0  1.4978696232549934e-03 
2016   4   3   9  30   0  1.5516994375906145e-03 
2016   4   3  10   0   0  1.4880280765163171e-03 
2016   4   3  10  30   0  4.7863545403105398e-03 
2016   4   3  11   0   0  5.1112742381868373e-03 
2016   4   3  11  30   0  1.6529948190338202e-03 
2016   4   3  12   0   0  2.8466068579254445e-03 
2016   4   3  12  30   0  2.1370473879355782e-03 
2016   4   3  13   0   0  1.7357224602148346e-03 
2016   4   3  13  30   0  1.6241741063694362e-03 
2016   4   3  14   0   0  1.7962651568130038e-03 
2016   4   3  14  30   0  1.7824370116450081e-03 
2016   4   3  15   0   0  1.8629828902218470e-03 
2016   4   3  15  30   0  2.1133176757640194e-03 
2016   4   3  16   0   0  2.2807983008781641e-03 
2016   4   3  16  30   0  2.6297041507140121e-03 
2016   4   3  17   0   0  2.0241449459365113e-03 
2016   4   3  17  30   0  1.9433957494935131e-03 
2016   4   3  18   0   0  2.1351549763614242e-03 
2016   4   3  18  30   0  2.2702915059036222e-03 
2016   4   3  19   0   0  2.2062961733537874e-03 
2016   4   3  19  30   0  2.1262170228796219e-03 
2016   4   3  20   0   0  2.1038107550612976e-03 
2016   4   3  20  30   0  2.1006694000899645e-03 
2016   4   3  21   0   0  2.1592660622017723e-03 
2016   4   3  21  30   0  2.0204631401782407e-03 
2016   4   3  22   0   0  2.0893945447654732e-03 
2016   4   3  22  30   0  2.1582367981628431e-03 
2016   4   3  23   0   0  2.2558386038281902e-03 
2016   4   3  23  30   0  2.3166046577470603e-03 
2016   4   4   0   0   0  2.5318153404603853e-03 
2016   4   4   0  30   0  2.6508039007045966e-03 
2016   4   4   1   0   0  2.5820961967427270e-03 
2016   4   4   1  30   0  2.6965826979370561e-03 
2016   4   4   2   0   0  3.0339819211230743e-03 
2016   4   4   2  30   0  3.3457735218476630e-03 
2016   4   4   3   0   0  5.9586924110803293e-03 
2016   4   4   3  30   0  5.1734112564451517e-03 
2016   4   4   4   0   0  6.5061432142114184e-03 
2016   4   4   4  30   0  6.8379584211739819e-03 
2016   4   4   5   0   0  6.8698430817573323e-03 
2016   4   4   5  30   0  6.2127988821312789e-03 
2016   4   4   6   0   0  6.3191169126183425e-03 
2016   4   4   6  30   0  6.8259742210579196e-03 
2016   4   4   7   0   0  6.1672561548560875e-03 
2016   4   4   7  30   0  7.2743287138262941e-03 
2016   4   4   8   0   0  9.5636642153123421e-03 
2016   4   4   8  30   0  8.3594097568701845e-03 
2016   4   4   9   0   0  7.4130273027355701e-03 
2016   4   4   9  30   0  1.0252642802691224e-02 
2016   4   4  10   0   0  9.1006060203777193e-03 
2016   4   4  10  30   0  5.3306751602424166e-03 
2016   4   4  11   0   0  3.9422791644499189e-03 
2016   4   4  11  30   0  3.5285238404053573e-03 
2016   4   4  12   0   0  3.0451191400715700e-03 
2016   4   4  12  30   0  2.8160389671025589e-03 
2016   4   4  13   0   0  2.9691378833164870e-03 
2016   4   4  13  30   0  3.1503451604839180e-03 
2016   4   4  14   0   0  3.3446166167152777e-03 
2016   4   4  14  30   0  3.3591622260596083e-03 
2016   4   4  15   0   0  3.2753018302451942e-03 
2016   4   4  15  30   0  3.3311179924572763e-03 
2016   4   4  16   0   0  3.4259915401728906e-03 
2016   4   4  16  30   0  3.2395032413330628e-03 
2016   4   4  17   0   0  3.2816036570082756e-03 
2016   4   4  17  30   0  3.2546749353409943e-03 
2016   4   4  18   0   0  3.1680505814632521e-03 
2016   4   4  18  30   0  3.2533890291757245e-03 
2016   4   4  19   0   0  3.4011207085599660e-03 
2016   4   4  19  30   0  3.5151143541958156e-03 
2016   4   4  20   0   0  3.7279551057842783e-03 
2016   4   4  20  30   0  5.9191343360041502e-03 
2016   4   4  21   0   0  5.2329160440512780e-03 
2016   4   4  21  30   0  4.6575578049387863e-03 
2016   4   4  22   0   0  3.5838078399770133e-03 
2016   4   4  22  30   0  3.3371780618485793e-03 
2016   4   4  23   0   0  3.1439364103711680e-03 
2016   4   4  23  30   0  3.1307506496468466e-03 
2016   4   5   0   0   0  4.3144715347966768e-03 
2016   4   5   0  30   0  4.5955741809704555e-03 
2016   4   5   1   0   0  4.7738613127267506e-03 
2016   4   5   1  30   0  5.1367400771946377e-03 
2016   4   5   2   0   0  5.2964926139081768e-03 
2016   4   5   2  30   0  5.6184962246000180e-03 
2016   4   5   3   0   0  5.7100008875287491e-03 
2016   4   5   3  30   0  5.8408041921615304e-03 
2016   4   5   4   0   0  6.2498092242592816e-03 
2016   4   5   4  30   0  6.4050391494597549e-03 
2016   4   5   5   0   0  6.6475572039606801e-03 
2016   4   5   5  30   0  6.5534218949160235e-03 
2016   4   5   6   0   0  6.5510160545368783e-03 
2016   4   5   6  30   0  6.3043386005911450e-03 
2016   4   5   7   0   0  6.2484428473766410e-03 
2016   4   5   7  30   0  6.4546387932974125e-03 
2016   4   5   8   0   0  6.6214349324489295e-03 
2016   4   5   8  30   0  6.6914531181447448e-03 
2016   4   5   9   0   0  6.7137433695949062e-03 
2016   4   5   9  30   0  6.9560146271986515e-03 
2016   4   5  10   0   0  6.8356675140216318e-03 
2016   4   5  10  30   0  6.5647925628663029e-03 
2016   4   5  11   0   0  6.4028391388140076e-03 
2016   4   5  11  30   0  6.7406871182335328e-03 
2016   4   5  12   0   0  6.3326308447829464e-03 
2016   4   5  12  30   0  6.3023753611023154e-03 
2016   4   5  13   0   0  5.5159651886618165e-03 
2016   4   5  13  30   0  5.2769015070072848e-03 
2016   4   5  14   0   0  5.2881889703651434e-03 
2016   4   5  14  30   0  4.6414612820839390e-03 
2016   4   5  15   0   0  4.7804321925450158e-03 
2016   4   5  15  30   0  4.8460678018881062e-03 
2016   4   5  16   0   0  4.2576666510998843e-03 
2016   4   5  16  30   0  3.6042034343188654e-03 
2016   4   5  17   0   0  4.3328512974449944e-03 
2016   4   5  17  30   0  4.4664627244663047e-03 
2016   4   5  18   0   0  5.3653994838333751e-03 
2016   4   5  18  30   0  5.9425588774405860e-03 
2016   4   5  19   0   0  6.6770223187890051e-03 
2016   4   5  19  30   0  6.9071774947870521e-03 
2016   4   5  20   0   0  7.0828625521248949e-03 
2016   4   5  20  30   0  7.2385374176362526e-03 
2016   4   5  21   0   0  7.7068380308016778e-03 
2016   4   5  21  30   0  8.1607504692992206e-03 
2016   4   5  22   0   0  8.5225690934303665e-03 
2016   4   5  22  30   0  8.9525285047501960e-03 
2016   4   5  23   0   0  9.2921967175988752e-03 
2016   4   5  23  30   0  9.3998669363880988e-03 
2016   4   6   0   0   0  1.0566480215358841e-02 
2016   4   6   0  30   0  1.3213740171597193e-02 
2016   4   6   1   0   0  1.3090782344680637e-02 
2016   4   6   1  30   0  1.3899263608904918e-02 
2016   4   6   2   0   0  1.5216829681850197e-02 
2016   4   6   2  30   0  1.2614171377512369e-02 
2016   4   6   3   0   0  1.0549271252443508e-02 
2016   4   6   3  30   0  1.0037702325418741e-02 
2016   4   6   4   0   0  1.1136461981776679e-02 
2016   4   6   4  30   0  1.2162255640733923e-02 
2016   4   6   5   0   0  1.3639096081276777e-02 
2016   4   6   5  30   0  1.0142183813813838e-02 
2016   4   6   6   0   0  9.3917890265931090e-03 
2016   4   6   6  30   0  9.6318164464642090e-03 
2016   4   6   7   0   0  1.0029718377969040e-02 
2016   4   6   7  30   0  1.1228434109155432e-02 
2016   4   6   8   0   0  1.2705919955146059e-02 
2016   4   6   8  30   0  1.2815299899629215e-02 
2016   4   6   9   0   0  1.2894450897337440e-02 
2016   4   6   9  30   0  1.3586000298657317e-02 
2016   4   6  10   0   0  1.4662196655241334e-02 
2016   4   6  10  30   0  1.5509380389872075e-02 
2016   4   6  11   0   0  1.5314114807635996e-02 
2016   4   6  11  30   0  1.4976663123031397e-02 
2016   4   6  12   0   0  1.5028168025986208e-02 
2016   4   6  12  30   0  1.4397686584057887e-02 
2016   4   6  13   0   0  1.4096008168887113e-02 
2016   4   6  13  30   0  1.4241083612122323e-02 
2016   4   6  14   0   0  1.3174475404335332e-02 
2016   4   6  14  30   0  1.2934602814717104e-02 
2016   4   6  15   0   0  1.2976237976577116e-02 
2016   4   6  15  30   0  1.3927027505818234e-02 
2016   4   6  16   0   0  1.4761392951486521e-02 
2016   4   6  16  30   0  1.5872540777282396e-02 
2016   4   6  17   0   0  1.6453060351738241e-02 
2016   4   6  17  30   0  1.5535571647812420e-02 
2016   4   6  18   0   0  1.2907670171326414e-02 
2016   4   6  18  30   0  1.0565370512816129e-02 
2016   4   6  19   0   0  7.4526171694737388e-03 
2016   4   6  19  30   0  4.7713631035017886e-03 
2016   4   6  20   0   0  4.0036312589367190e-03 
2016   4   6  20  30   0  2.6487099823868667e-03 
2016   4   6  21   0   0  2.1205172905812576e-03 
2016   4   6  21  30   0  1.7550832918439624e-03 
2016   4   6  22   0   0  1.4754616628487361e-03 
2016   4   6  22  30   0  1.4539288638001678e-03 
2016   4   6  23   0   0  1.5825774216424954e-03 
2016   4   6  23  30   0  1.7541639693418323e-03 
2016   4   7   0   0   0  1.3857063466782258e-03 
2016   4   7   0  30   0  1.5695005961150208e-03 
2016   4   7   1   0   0  1.7103105801043325e-03 
2016   4   7   1  30   0  1.6775873347038737e-03 
2016   4   7   2   0   0  1.6191790320893274e-03 
2016   4   7   2  30   0  1.5197821450926140e-03 
2016   4   7   3   0   0  1.5475142800093090e-03 
2016   4   7   3  30   0  1.6638762103729757e-03 
2016   4   7   4   0   0  1.8562757933476091e-03 
2016   4   7   4  30   0  1.9734454190129596e-03 
2016   4   7   5   0   0  1.9627366181563582e-03 
2016   4   7   5  30   0  2.0208239951652659e-03 
2016   4   7   6   0   0  1.9704258423182529e-03 
2016   4   7   6  30   0  1.9370878068502896e-03 
2016   4   7   7   0   0  1.8732553858840325e-03 
2016   4   7   7  30   0  1.7943456941005049e-03 
2016   4   7   8   0   0  1.7451233517741329e-03 
2016   4   7   8  30   0  1.7421317973267826e-03 
2016   4   7   9   0   0  1.7496255814837540e-03 
2016   4   7   9  30   0  1.6744024162886827e-03 
2016   4   7  10   0   0  1.6977569010436218e-03 
2016   4   7  10  30   0  1.7626049314507296e-03 
2016   4   7  11   0   0  1.7993831381378565e-03 
2016   4   7  11  30   0  1.8873952304661998e-03 
2016   4   7  12   0   0  2.0503877137816465e-03 
2016   4   7  12  30   0  2.4511000565188420e-03 
2016   4   7  13   0   0  3.3009729032800429e-03 
2016   4   7  13  30   0  3.6807424379907629e-03 
2016   4   7  14   0   0  4.0296595225628234e-03 
2016   4   7  14  30   0  4.2849497670438821e-03 
2016   4   7  15   0   0  4.3181572039225303e-03 
2016   4   7  15  30   0  4.3935334809469930e-03 
2016   4   7  16   0   0  4.7928826369393104e-03 
2016   4   7  16  30   0  5.0882807928158639e-03 
2016   4   7  17   0   0  4.9556511500827320e-03 
2016   4   7  17  30   0  4.9173737997845988e-03 
2016   4   7  18   0   0  4.8223635961142305e-03 
2016   4   7  18  30   0  4.7715427200155690e-03 
2016   4   7  19   0   0  4.3796364381240988e-03 
2016   4   7  19  30   0  4.0186253365484988e-03 
2016   4   7  20   0   0  3.6093819828595017e-03 
2016   4   7  20  30   0  3.1247293737870826e-03 
2016   4   7  21   0   0  2.9109543782106042e-03 
2016   4   7  21  30   0  2.7613504632077179e-03 
2016   4   7  22   0   0  2.6168966601459362e-03 
2016   4   7  22  30   0  2.3826711886491417e-03 
2016   4   7  23   0   0  2.2869460998260630e-03 
2016   4   7  23  30   0  2.3231685635576277e-03 
2016   4   8   0   0   0  2.4036488946606901e-03 
2016   4   8   0  30   0  2.4048292933558559e-03 
2016   4   8   1   0   0  2.0872131417262419e-03 
2016   4   8   1  30   0  1.7101194126796983e-03 
2016   4   8   2   0   0  1.3452008529400636e-03 
2016   4   8   2  30   0  1.1302176439644393e-03 
2016   4   8   3   0   0  9.7275451210505242e-04 
2016   4   8   3  30   0  8.6852962441125582e-04 
2016   4   8   4   0   0  8.2438908768981941e-04 
2016   4   8   4  30   0  9.3289645496184696e-04 
2016   4   8   5   0   0  1.2030676220967115e-03 
2016   4   8   5  30   0  1.7138276729207959e-03 
2016   4   8   6   0   0  1.9609855706803191e-03 
2016   4   8   6  30   0  1.9077576951783786e-03 
2016   4   8   7   0   0  1.7507552957459237e-03 
2016   4   8   7  30   0  2.1568869848887021e-03 
2016   4   8   8   0   0  2.5377842837225584e-03 
2016   4   8   8  30   0  2.5058427265081890e-03 
2016   4   8   9   0   0  2.4978978611620759e-03 
2016   4   8   9  30   0  2.5345692228682516e-03 
2016   4   8  10   0   0  2.4350868468344371e-03 
2016   4   8  10  30   0  2.1237503699168829e-03 
2016   4   8  11   0   0  2.0209618493624831e-03 
2016   4   8  11  30   0  1.9518872143217815e-03 
2016   4   8  12   0   0  1.9747633674696489e-03 
2016   4   8  12  30   0  2.0677340214352016e-03 
2016   4   8  13   0   0  1.9344264624659006e-03 
2016   4   8  13  30   0  1.6804759519078556e-03 
2016   4   8  14   0   0  1.6782078490439529e-03 
2016   4   8  14  30   0  1.8413907496787126e-03 
2016   4   8  15   0   0  1.9248886688051268e-03 
2016   4   8  15  30   0  2.1458909381261867e-03 
2016   4   8  16   0   0  2.4649458818662069e-03 
2016   4   8  16  30   0  2.5707567912986486e-03 
2016   4   8  17   0   0  2.6705621008269193e-03 
2016   4   8  17  30   0  2.4773325370179280e-03 
2016   4   8  18   0   0  2.6021837974154177e-03 
2016   4   8  18  30   0  2.6264793081064324e-03 
2016   4   8  19   0   0  2.5178197243055137e-03 
2016   4   8  19  30   0  2.2522280922178161e-03 
2016   4   8  20   0   0  2.3013166749870782e-03 
2016   4   8  20  30   0  2.4539116135295553e-03 
2016   4   8  21   0   0  2.4620227792367284e-03 
2016   4   8  21  30   0  2.5220016984017885e-03 
2016   4   8  22   0   0  2.4769937877829841e-03 
2016   4   8  22  30   0  2.4780176800127296e-03 
2016   4   8  23   0   0  2.3814159252585352e-03 
2016   4   8  23  30   0  2.4671829947219078e-03 
2016   4   9   0   0   0  2.7936038368627874e-03 
2016   4   9   0  30   0  2.7621821001029686e-03 
2016   4   9   1   0   0  2.6855382698175076e-03 
2016   4   9   1  30   0  2.6842431371670076e-03 
2016   4   9   2   0   0  2.5969909152303685e-03 
2016   4   9   2  30   0  2.2523275850408263e-03 
2016   4   9   3   0   0  2.0626579440986077e-03 
2016   4   9   3  30   0  2.1060846359054509e-03 
2016   4   9   4   0   0  2.1551482520524652e-03 
2016   4   9   4  30   0  2.1742632142799164e-03 
2016   4   9   5   0   0  2.2088440930660672e-03 
2016   4   9   5  30   0  2.2032249958154255e-03 
2016   4   9   6   0   0  2.0924803638377584e-03 
2016   4   9   6  30   0  2.2175787384750159e-03 
2016   4   9   7   0   0  2.0807874022162305e-03 
2016   4   9   7  30   0  2.1283206578503831e-03 
2016   4   9   8   0   0  2.1036434193529878e-03 
2016   4   9   8  30   0  2.0029098739246078e-03 
2016   4   9   9   0   0  2.0395855887203052e-03 
2016   4   9   9  30   0  2.1164006912532587e-03 
2016   4   9  10   0   0  2.1595216933225922e-03 
2016   4   9  10  30   0  2.2199465429989748e-03 
2016   4   9  11   0   0  2.3061061701316428e-03 
2016   4   9  11  30   0  2.4742473485002041e-03 
2016   4   9  12   0   0  2.5752624050056488e-03 
2016   4   9  12  30   0  3.1519739594737415e-03 
2016   4   9  13   0   0  3.5413183492386774e-03 
2016   4   9  13  30   0  3.4555229780684005e-03 
2016   4   9  14   0   0  3.4923240575146894e-03 
2016   4   9  14  30   0  3.4392439691835770e-03 
2016   4   9  15   0   0  2.5163414137330084e-03 
2016   4   9  15  30   0  2.1397501490114140e-03 
2016   4   9  16   0   0  2.5119905978056591e-03 
2016   4   9  16  30   0  2.3354603581109629e-03 
2016   4   9  17   0   0  9.3022041974652817e-04 
2016   4   9  17  30   0  9.2882798241925621e-04 
2016   4   9  18   0   0  9.2781331087680280e-04 
2016   4   9  18  30   0  1.0903651903431371e-03 
2016   4   9  19   0   0  9.9326852204288446e-04 
2016   4   9  19  30   0  9.9435489901722311e-04 
2016   4   9  20   0   0  1.2705194323594446e-03 
2016   4   9  20  30   0  1.4082943747812647e-03 
2016   4   9  21   0   0  1.5068520024942419e-03 
2016   4   9  21  30   0  1.6836108091175979e-03 
2016   4   9  22   0   0  1.8102249476077842e-03 
2016   4   9  22  30   0  1.6520936166175629e-03 
2016   4   9  23   0   0  1.5643119059681743e-03 
2016   4   9  23  30   0  1.6825915286237047e-03 
2016   4  10   0   0   0  2.4605365223949040e-03 
2016   4  10   0  30   0  2.5289034819861405e-03 
2016   4  10   1   0   0  2.6941941958684534e-03 
2016   4  10   1  30   0  2.7089280163918863e-03 
2016   4  10   2   0   0  2.5746275904519195e-03 
2016   4  10   2  30   0  2.5466079262825105e-03 
2016   4  10   3   0   0  2.4590226755612232e-03 
2016   4  10   3  30   0  2.4368338041099351e-03 
2016   4  10   4   0   0  2.4031994082155932e-03 
2016   4  10   4  30   0  2.4051145535929370e-03 
2016   4  10   5   0   0  2.2741333690674617e-03 
2016   4  10   5  30   0  2.3296262062848959e-03 
2016   4  10   6   0   0  2.2787799489808460e-03 
2016   4  10   6  30   0  2.2726721721470461e-03 
2016   4  10   7   0   0  2.3133468188651302e-03 
2016   4  10   7  30   0  2.4283154843590649e-03 
2016   4  10   8   0   0  2.4759568346622973e-03 
2016   4  10   8  30   0  2.3726363487099203e-03 
2016   4  10   9   0   0  2.1997958339030226e-03 
2016   4  10   9  30   0  2.0465109731561395e-03 
2016   4  10  10   0   0  2.2714724383913316e-03 
2016   4  10  10  30   0  2.4610878000572525e-03 
2016   4  10  11   0   0  2.5635115355427279e-03 
2016   4  10  11  30   0  2.6852788494287584e-03 
2016   4  10  12   0   0  2.3412374546828707e-03 
2016   4  10  12  30   0  1.8558474116947914e-03 
2016   4  10  13   0   0  1.8843372836482857e-03 
2016   4  10  13  30   0  2.4410012127460880e-03 
2016   4  10  14   0   0  2.3046395469489491e-03 
2016   4  10  14  30   0  2.3163815239178156e-03 
2016   4  10  15   0   0  2.1753779824787668e-03 
2016   4  10  15  30   0  1.9747749086593768e-03 
2016   4  10  16   0   0  1.9931240277593380e-03 
2016   4  10  16  30   0  1.7964212774022157e-03 
2016   4  10  17   0   0  1.8413628600982455e-03 
2016   4  10  17  30   0  2.0413571513577655e-03 
2016   4  10  18   0   0  2.1691826263234974e-03 
2016   4  10  18  30   0  2.0933726882358798e-03 
2016   4  10  19   0   0  2.0098794325550551e-03 
2016   4  10  19  30   0  2.2682518918258703e-03 
2016   4  10  20   0   0  2.6339788412063619e-03 
2016   4  10  20  30   0  3.0044902047838070e-03 
2016   4  10  21   0   0  2.9496404844414903e-03 
2016   4  10  21  30   0  2.9468401443882939e-03 
2016   4  10  22   0   0  3.0667849003255267e-03 
2016   4  10  22  30   0  3.4165655128655685e-03 
2016   4  10  23   0   0  4.0527994113751745e-03 
2016   4  10  23  30   0  3.8887855395800495e-03 
2016   4  11   0   0   0  3.6171994117502175e-03 
2016   4  11   0  30   0  3.6542067599767388e-03 
2016   4  11   1   0   0  3.5974433789895074e-03 
2016   4  11   1  30   0  3.9907661924128259e-03 
2016   4  11   2   0   0  3.9732647376279342e-03 
2016   4  11   2  30   0  4.1144106711430931e-03 
2016   4  11   3   0   0  4.2522865699076507e-03 
2016   4  11   3  30   0  4.5353774103612469e-03 
2016   4  11   4   0   0  4.9781174659240396e-03 
2016   4  11   4  30   0  5.0407694773151350e-03 
2016   4  11   5   0   0  4.7250760401327807e-03 
2016   4  11   5  30   0  4.5136097762387365e-03 
2016   4  11   6   0   0  4.6370518539024450e-03 
2016   4  11   6  30   0  4.8536383717497130e-03 
2016   4  11   7   0   0  4.7657609501588916e-03 
2016   4  11   7  30   0  8.2351387012485153e-03 
2016   4  11   8   0   0  5.3329895541269672e-03 
2016   4  11   8  30   0  3.6439523698989832e-03 
2016   4  11   9   0   0  2.6477286636910572e-03 
2016   4  11   9  30   0  2.3286909319201262e-03 
2016   4  11  10   0   0  2.3548690191972374e-03 
2016   4  11  10  30   0  2.4038529997228750e-03 
2016   4  11  11   0   0  2.7663097679811689e-03 
2016   4  11  11  30   0  2.3900835169190985e-03 
2016   4  11  12   0   0  2.6622436274455013e-03 
2016   4  11  12  30   0  2.2806149972215742e-03 
2016   4  11  13   0   0  2.5966579628643885e-03 
2016   4  11  13  30   0  2.6490908331392735e-03 
2016   4  11  14   0   0  2.5850438986402876e-03 
2016   4  11  14  30   0  2.5622507023724062e-03 
2016   4  11  15   0   0  2.7905886378952142e-03 
2016   4  11  15  30   0  2.9110911112074805e-03 
2016   4  11  16   0   0  2.5346693048046562e-03 
2016   4  11  16  30   0  2.3010546031891122e-03 
2016   4  11  17   0   0  2.2585076085927880e-03 
2016   4  11  17  30   0  2.2352392700007882e-03 
2016   4  11  18   0   0  2.2413433220740044e-03 
2016   4  11  18  30   0  2.3058449952032762e-03 
2016   4  11  19   0   0  2.4369935403777470e-03 
2016   4  11  19  30   0  2.6064288487417319e-03 
2016   4  11  20   0   0  2.7778299928700994e-03 
2016   4  11  20  30   0  2.7956977788924590e-03 
2016   4  11  21   0   0  3.0207096884252022e-03 
2016   4  11  21  30   0  3.2838392463862818e-03 
2016   4  11  22   0   0  3.8001761144598645e-03 
2016   4  11  22  30   0  3.8338440033534042e-03 
2016   4  11  23   0   0  3.9378056137436271e-03 
2016   4  11  23  30   0  4.1838651791923477e-03 
2016   4  12   0   0   0  4.1221177456362322e-03 
2016   4  12   0  30   0  4.4002993166516900e-03 
2016   4  12   1   0   0  4.7465342044659504e-03 
2016   4  12   1  30   0  4.9497297457354750e-03 
2016   4  12   2   0   0  4.8118477839035794e-03 
2016   4  12   2  30   0  4.6769474736313094e-03 
2016   4  12   3   0   0  4.0764923573631392e-03 
2016   4  12   3  30   0  3.8963160134685153e-03 
2016   4  12   4   0   0  3.7631935167222537e-03 
2016   4  12   4  30   0  4.2280661989738877e-03 
2016   4  12   5   0   0  4.7164045832524728e-03 
2016   4  12   5  30   0  4.9103319799755196e-03 
2016   4  12   6   0   0  4.7451038978492390e-03 
2016   4  12   6  30   0  4.6601127712801059e-03 
2016   4  12   7   0   0  4.4500347891384077e-03 
2016   4  12   7  30   0  4.1193354970882968e-03 
2016   4  12   8   0   0  4.2708573252449051e-03 
2016   4  12   8  30   0  4.2147542459488908e-03 
2016   4  12   9   0   0  4.0678057012742937e-03 
2016   4  12   9  30   0  3.6835898104495687e-03 
2016   4  12  10   0   0  3.4808357199027570e-03 
2016   4  12  10  30   0  3.2891326162651910e-03 
2016   4  12  11   0   0  3.0966884570745416e-03 
2016   4  12  11  30   0  3.1241396447193952e-03 
2016   4  12  12   0   0  3.2817343855370707e-03 
2016   4  12  12  30   0  2.7805843806552361e-03 
2016   4  12  13   0   0  2.7340506032213631e-03 
2016   4  12  13  30   0  3.4890325872119288e-03 
2016   4  12  14   0   0  4.1425169371910823e-03 
2016   4  12  14  30   0  4.1835215808799587e-03 
2016   4  12  15   0   0  4.3982733073546637e-03 
2016   4  12  15  30   0  3.5484351800705162e-03 
2016   4  12  16   0   0  3.3176251525906027e-03 
2016   4  12  16  30   0  3.3725450430100567e-03 
2016   4  12  17   0   0  3.5523727351786149e-03 
2016   4  12  17  30   0  3.6350875558061246e-03 
2016   4  12  18   0   0  3.6255831389653166e-03 
2016   4  12  18  30   0  3.7648992783717102e-03 
2016   4  12  19   0   0  3.6546812997224165e-03 
2016   4  12  19  30   0  3.6713188086945599e-03 
2016   4  12  20   0   0  3.6792899030215149e-03 
2016   4  12  20  30   0  3.6529521404150820e-03 
2016   4  12  21   0   0  3.5600682087987903e-03 
2016   4  12  21  30   0  3.3282165869723775e-03 
2016   4  12  22   0   0  3.0246244050558613e-03 
2016   4  12  22  30   0  2.9714554603594064e-03 
2016   4  12  23   0   0  3.0119789611509919e-03 
2016   4  12  23  30   0  3.0643796671298998e-03 
2016   4  13   0   0   0  2.9679143208842336e-03 
2016   4  13   0  30   0  2.7720550626306800e-03 
2016   4  13   1   0   0  2.7036648640236089e-03 
2016   4  13   1  30   0  2.7096563301438285e-03 
2016   4  13   2   0   0  2.6727602272114907e-03 
2016   4  13   2  30   0  2.7315642588731687e-03 
2016   4  13   3   0   0  2.9837178657444495e-03 
2016   4  13   3  30   0  3.1065401701513523e-03 
2016   4  13   4   0   0  3.2823901522369631e-03 
2016   4  13   4  30   0  3.1764025231938433e-03 
2016   4  13   5   0   0  2.8889067495089450e-03 
2016   4  13   5  30   0  2.6028445897229042e-03 
2016   4  13   6   0   0  2.6566103725047720e-03 
2016   4  13   6  30   0  2.6892512173054355e-03 
2016   4  13   7   0   0  2.7154998419585564e-03 
2016   4  13   7  30   0  2.6835807427504181e-03 
2016   4  13   8   0   0  2.7518092264430050e-03 
2016   4  13   8  30   0  2.8451186077286588e-03 
2016   4  13   9   0   0  2.8281834078797150e-03 
2016   4  13   9  30   0  2.8381668742999840e-03 
2016   4  13  10   0   0  2.8855133226704370e-03 
2016   4  13  10  30   0  2.7289364879854289e-03 
2016   4  13  11   0   0  2.9472796145449606e-03 
2016   4  13  11  30   0  3.1356698484464609e-03 
2016   4  13  12   0   0  3.0361326234446505e-03 
2016   4  13  12  30   0  2.6996470549203989e-03 
2016   4  13  13   0   0  2.5225601376105576e-03 
2016   4  13  13  30   0  2.8042289885054691e-03 
2016   4  13  14   0   0  2.6040008647103025e-03 
2016   4  13  14  30   0  2.7290710153988788e-03 
2016   4  13  15   0   0  2.3384782149461457e-03 
2016   4  13  15  30   0  2.3672511153653300e-03 
2016   4  13  16   0   0  2.0347294998342728e-03 
2016   4  13  16  30   0  2.2880353577365204e-03 
2016   4  13  17   0   0  2.5046998313655285e-03 
2016   4  13  17  30   0  2.1698840155962309e-03 
2016   4  13  18   0   0  2.0894041997523566e-03 
2016   4  13  18  30   0  1.6681656528400081e-03 
2016   4  13  19   0   0  1.6492716025952260e-03 
2016   4  13  19  30   0  2.7310141861220613e-03 
2016   4  13  20   0   0  2.1698549731235823e-03 
2016   4  13  20  30   0  2.4632199906415714e-03 
2016   4  13  21   0   0  2.3167535027397070e-03 
2016   4  13  21  30   0  2.1060136674980602e-03 
2016   4  13  22   0   0  1.8219010935395625e-03 
2016   4  13  22  30   0  1.5846242431744983e-03 
2016   4  13  23   0   0  1.6560656555483100e-03 
2016   4  13  23  30   0  1.8277771669335612e-03 
2016   4  14   0   0   0  1.4678538866868659e-03 
2016   4  14   0  30   0  1.5041587309651170e-03 
2016   4  14   1   0   0  1.5352949804877068e-03 
2016   4  14   1  30   0  1.5244358244140893e-03 
2016   4  14   2   0   0  1.5076392980312679e-03 
2016   4  14   2  30   0  1.4678904745246293e-03 
2016   4  14   3   0   0  1.4634572648723576e-03 
2016   4  14   3  30   0  1.4458210295033211e-03 
2016   4  14   4   0   0  1.4220830324405268e-03 
2016   4  14   4  30   0  1.3448413196282621e-03 
2016   4  14   5   0   0  1.4277975863277548e-03 
2016   4  14   5  30   0  1.6532344396115531e-03 
2016   4  14   6   0   0  1.2336678584973448e-03 
2016   4  14   6  30   0  1.4861868392114981e-03 
2016   4  14   7   0   0  1.5663198794509787e-03 
2016   4  14   7  30   0  1.2429549834294302e-03 
2016   4  14   8   0   0  1.1775336234322515e-03 
2016   4  14   8  30   0  1.2296405028298248e-03 
2016   4  14   9   0   0  1.3275082845166145e-03 
2016   4  14   9  30   0  1.2478312130912302e-03 
2016   4  14  10   0   0  1.4541159806455786e-03 
2016   4  14  10  30   0  1.3509125986445609e-03 
2016   4  14  11   0   0  1.5207373356722919e-03 
2016   4  14  11  30   0  1.7133101849474263e-03 
2016   4  14  12   0   0  1.6182348166861929e-03 
2016   4  14  12  30   0  1.7833612262680247e-03 
2016   4  14  13   0   0  1.9106309535797863e-03 
2016   4  14  13  30   0  1.9279178880869693e-03 
2016   4  14  14   0   0  1.9771259559761846e-03 
2016   4  14  14  30   0  1.7575722764440012e-03 
2016   4  14  15   0   0  1.9373957035767548e-03 
2016   4  14  15  30   0  1.8611446474044266e-03 
2016   4  14  16   0   0  1.8574327117875729e-03 
2016   4  14  16  30   0  2.0076968148591899e-03 
2016   4  14  17   0   0  2.0631478000819057e-03 
2016   4  14  17  30   0  2.1733822037363912e-03 
2016   4  14  18   0   0  2.1896820154687848e-03 
2016   4  14  18  30   0  2.1333662570968367e-03 
2016   4  14  19   0   0  2.1660870252852384e-03 
2016   4  14  19  30   0  2.1498984490774882e-03 
2016   4  14  20   0   0  2.2082084910074900e-03 
2016   4  14  20  30   0  2.1901884825672908e-03 
2016   4  14  21   0   0  2.1838702646940615e-03 
2016   4  14  21  30   0  2.2000623765250377e-03 
2016   4  14  22   0   0  2.2198659316779389e-03 
2016   4  14  22  30   0  2.2540835146809286e-03 
2016   4  14  23   0   0  2.3504133906621393e-03 
2016   4  14  23  30   0  2.2425795587331784e-03 
2016   4  15   0   0   0  2.2750232209919103e-03 
2016   4  15   0  30   0  2.5147329117405030e-03 
2016   4  15   1   0   0  2.3496706238993197e-03 
2016   4  15   1  30   0  2.4495170152561219e-03 
2016   4  15   2   0   0  2.7907109073067203e-03 
2016   4  15   2  30   0  2.9602989086121305e-03 
2016   4  15   3   0   0  3.4360591568191740e-03 
2016   4  15   3  30   0  3.3605916925156173e-03 
2016   4  15   4   0   0  3.7298780543145362e-03 
2016   4  15   4  30   0  3.5600026160061038e-03 
2016   4  15   5   0   0  3.5008942861652977e-03 
2016   4  15   5  30   0  3.3298982240816660e-03 
2016   4  15   6   0   0  3.6437880215703681e-03 
2016   4  15   6  30   0  3.9021409477554355e-03 
2016   4  15   7   0   0  3.4272071262535756e-03 
2016   4  15   7  30   0  3.1655772897369603e-03 
2016   4  15   8   0   0  2.5854496296593434e-03 
2016   4  15   8  30   0  2.2655978116359059e-03 
2016   4  15   9   0   0  2.2693626832538893e-03 
2016   4  15   9  30   0  2.2278664174854410e-03 
2016   4  15  10   0   0  2.3015852444675474e-03 
2016   4  15  10  30   0  2.3318713352970450e-03 
2016   4  15  11   0   0  2.1682878776264234e-03 
2016   4  15  11  30   0  2.2468694808154333e-03 
2016   4  15  12   0   0  2.2601587364662443e-03 
2016   4  15  12  30   0  2.2680791417299152e-03 
2016   4  15  13   0   0  2.3888181793451520e-03 
2016   4  15  13  30   0  2.6913878030223565e-03 
2016   4  15  14   0   0  2.5975296295657692e-03 
2016   4  15  14  30   0  2.4370023750892133e-03 
2016   4  15  15   0   0  2.4712835623040166e-03 
2016   4  15  15  30   0  2.7196126906907092e-03 
2016   4  15  16   0   0  2.6637971176766391e-03 
2016   4  15  16  30   0  2.8040830187922032e-03 
2016   4  15  17   0   0  2.8578204472028261e-03 
2016   4  15  17  30   0  2.9020369803665676e-03 
2016   4  15  18   0   0  2.7181465478451367e-03 
2016   4  15  18  30   0  2.8262365474512039e-03 
2016   4  15  19   0   0  3.8169693143639788e-03 
2016   4  15  19  30   0  4.9381422987890737e-03 
2016   4  15  20   0   0  3.3844869389705249e-03 
2016   4  15  20  30   0  3.3499560458641353e-03 
2016   4  15  21   0   0  3.2467527759951075e-03 
2016   4  15  21  30   0  3.3607603946284484e-03 
2016   4  15  22   0   0  3.4660643113202019e-03 
2016   4  15  22  30   0  3.4466075637934763e-03 
2016   4  15  23   0   0  3.4317462539292464e-03 
2016   4  15  23  30   0  3.5533016107319737e-03 
2016   4  16   0   0   0  4.1187933529305640e-03 
2016   4  16   0  30   0  4.4243811155156559e-03 
2016   4  16   1   0   0  4.5850246964325870e-03 
2016   4  16   1  30   0  4.5607920156099874e-03 
2016   4  16   2   0   0  4.6874465711315453e-03 
2016   4  16   2  30   0  4.7736754239899029e-03 
2016   4  16   3   0   0  4.8114270803619897e-03 
2016   4  16   3  30   0  4.7346397475013565e-03 
2016   4  16   4   0   0  4.8170375889940885e-03 
2016   4  16   4  30   0  4.8798086523938406e-03 
2016   4  16   5   0   0  4.8623712994879768e-03 
2016   4  16   5  30   0  4.8719317015334714e-03 
2016   4  16   6   0   0  4.9570631330638883e-03 
2016   4  16   6  30   0  4.7968071662064186e-03 
2016   4  16   7   0   0  4.4154015537630140e-03 
2016   4  16   7  30   0  3.7864343211897818e-03 
2016   4  16   8   0   0  3.1222839225649524e-03 
2016   4  16   8  30   0  2.9552250101476780e-03 
2016   4  16   9   0   0  3.0127598621306727e-03 
2016   4  16   9  30   0  3.2783064308626597e-03 
2016   4  16  10   0   0  3.4662218855145747e-03 
2016   4  16  10  30   0  3.8534098847177352e-03 
2016   4  16  11   0   0  3.8285733574699001e-03 
2016   4  16  11  30   0  3.7775046672823189e-03 
2016   4  16  12   0   0  3.7196417282034750e-03 
2016   4  16  12  30   0  4.1548410011157276e-03 
2016   4  16  13   0   0  4.8265859813534416e-03 
2016   4  16  13  30   0  4.8796126088049415e-03 
2016   4  16  14   0   0  5.4128390331233218e-03 
2016   4  16  14  30   0  5.7949991553180756e-03 
2016   4  16  15   0   0  5.2577132620833323e-03 
2016   4  16  15  30   0  4.5023811115060203e-03 
2016   4  16  16   0   0  4.3856369207808258e-03 
2016   4  16  16  30   0  3.9986317460232318e-03 
2016   4  16  17   0   0  4.0513795760415356e-03 
2016   4  16  17  30   0  3.3598113768384635e-03 
2016   4  16  18   0   0  3.1564276895820653e-03 
2016   4  16  18  30   0  3.8425780609113976e-03 
2016   4  16  19   0   0  4.4271357764157750e-03 
2016   4  16  19  30   0  4.8324647656012671e-03 
2016   4  16  20   0   0  4.6115215926089978e-03 
2016   4  16  20  30   0  4.4862109064301402e-03 
2016   4  16  21   0   0  4.5211884652292594e-03 
2016   4  16  21  30   0  4.4502780212624547e-03 
2016   4  16  22   0   0  4.3849267304573803e-03 
2016   4  16  22  30   0  4.4166861302240915e-03 
2016   4  16  23   0   0  4.3764696715686974e-03 
2016   4  16  23  30   0  4.3940277496432537e-03 
2016   4  17   0   0   0  5.4003174757285615e-03 
2016   4  17   0  30   0  5.8037386955727514e-03 
2016   4  17   1   0   0  1.0659145159154410e-02 
2016   4  17   1  30   0  8.6614844292974228e-03 
2016   4  17   2   0   0  6.3153410322649341e-03 
2016   4  17   2  30   0  5.9390052344236695e-03 
2016   4  17   3   0   0  5.9403145714700262e-03 
2016   4  17   3  30   0  6.0081981701076001e-03 
2016   4  17   4   0   0  6.2259080341114017e-03 
2016   4  17   4  30   0  7.5438162214738445e-03 
2016   4  17   5   0   0  7.1967347736959161e-03 
2016   4  17   5  30   0  6.4481475731739532e-03 
2016   4  17   6   0   0  6.6362181203346313e-03 
2016   4  17   6  30   0  7.0087339603201616e-03 
2016   4  17   7   0   0  7.2677306594529601e-03 
2016   4  17   7  30   0  7.5605315967965632e-03 
2016   4  17   8   0   0  8.0993323626112092e-03 
2016   4  17   8  30   0  8.6814737040967933e-03 
2016   4  17   9   0   0  8.9881149640123059e-03 
2016   4  17   9  30   0  9.0255626969401367e-03 
2016   4  17  10   0   0  9.7982356042141429e-03 
2016   4  17  10  30   0  9.3878038282035701e-03 
2016   4  17  11   0   0  9.5200917035025961e-03 
2016   4  17  11  30   0  1.0152631745301972e-02 
2016   4  17  12   0   0  9.8438575534111911e-03 
2016   4  17  12  30   0  9.5494477459626276e-03 
2016   4  17  13   0   0  9.8238235620739175e-03 
2016   4  17  13  30   0  1.0412662272099979e-02 
2016   4  17  14   0   0  1.0682695906922455e-02 
2016   4  17  14  30   0  1.0342802575054490e-02 
2016   4  17  15   0   0  9.0261925772076399e-03 
2016   4  17  15  30   0  7.4213183952998047e-03 
2016   4  17  16   0   0  6.1416871728341062e-03 
2016   4  17  16  30   0  5.5473892067807538e-03 
2016   4  17  17   0   0  5.8389766701603596e-03 
2016   4  17  17  30   0  5.8413270623530848e-03 
2016   4  17  18   0   0  5.9112431588490520e-03 
2016   4  17  18  30   0  6.1378139175886168e-03 
2016   4  17  19   0   0  6.4632706054779067e-03 
2016   4  17  19  30   0  6.8725357257449580e-03 
2016   4  17  20   0   0  6.7137218890940690e-03 
2016   4  17  20  30   0  6.5710750724821991e-03 
2016   4  17  21   0   0  6.8141531674482878e-03 
2016   4  17  21  30   0  6.3728679569889464e-03 
2016   4  17  22   0   0  6.1070155576255832e-03 
2016   4  17  22  30   0  6.8331886093269218e-03 
2016   4  17  23   0   0  6.7444933977627176e-03 
2016   4  17  23  30   0  5.4788659679353164e-03 
2016   4  18   0   0   0  4.4414154398135196e-03 
2016   4  18   0  30   0  4.2222541294626905e-03 
2016   4  18   1   0   0  1.7126891356596960e-03 
2016   4  18   1  30   0  1.5224802133304164e-03 
2016   4  18   2   0   0  1.3729634725295260e-03 
2016   4  18   2  30   0  1.3352362530161658e-03 
2016   4  18   3   0   0  1.3266700209652806e-03 
2016   4  18   3  30   0  1.4163958162166878e-03 
2016   4  18   4   0   0  1.5547243646525531e-03 
2016   4  18   4  30   0  1.7438287348058004e-03 
2016   4  18   5   0   0  1.8316353526534074e-03 
2016   4  18   5  30   0  2.1136468901191236e-03 
2016   4  18   6   0   0  2.2967968636245372e-03 
2016   4  18   6  30   0  2.4853494214496339e-03 
2016   4  18   7   0   0  2.4770725248964998e-03 
2016   4  18   7  30   0  2.4727292066019611e-03 
2016   4  18   8   0   0  2.3766420322545666e-03 
2016   4  18   8  30   0  2.1754705539382864e-03 
2016   4  18   9   0   0  2.4449185194551294e-03 
2016   4  18   9  30   0  2.5709219663287599e-03 
2016   4  18  10   0   0  2.5016099849738032e-03 
2016   4  18  10  30   0  2.6012652514633837e-03 
2016   4  18  11   0   0  2.4363395293277084e-03 
2016   4  18  11  30   0  1.8250793960535780e-03 
2016   4  18  12   0   0  1.8262874503942659e-03 
2016   4  18  12  30   0  1.9887208416833778e-03 
2016   4  18  13   0   0  2.1689595114882921e-03 
2016   4  18  13  30   0  2.1942831908231680e-03 
2016   4  18  14   0   0  2.0507007660308459e-03 
2016   4  18  14  30   0  2.0748838880534229e-03 
2016   4  18  15   0   0  2.0290972465633731e-03 
2016   4  18  15  30   0  2.1318649549179696e-03 
2016   4  18  16   0   0  1.9821268843259409e-03 
2016   4  18  16  30   0  2.1259913527794275e-03 
2016   4  18  17   0   0  2.2902384843679147e-03 
2016   4  18  17  30   0  2.2771205172035448e-03 
2016   4  18  18   0   0  2.1682683562067773e-03 
2016   4  18  18  30   0  2.0800791036105662e-03 
2016   4  18  19   0   0  1.9622266065925050e-03 
2016   4  18  19  30   0  1.8877739199661050e-03 
2016   4  18  20   0   0  1.9074784709135347e-03 
2016   4  18  20  30   0  1.8971468806844238e-03 
2016   4  18  21   0   0  1.9435340305574921e-03 
2016   4  18  21  30   0  1.9514986088079167e-03 
2016   4  18  22   0   0  2.1312066273050205e-03 
2016   4  18  22  30   0  2.5272147658653085e-03 
2016   4  18  23   0   0  2.9329639088410443e-03 
2016   4  18  23  30   0  3.0957521752436423e-03 
2016   4  19   0   0   0  2.6792376758821897e-03 
2016   4  19   0  30   0  2.7165162249429384e-03 
2016   4  19   1   0   0  2.7331907688168781e-03 
2016   4  19   1  30   0  2.6963610320561915e-03 
2016   4  19   2   0   0  2.6934827753453492e-03 
2016   4  19   2  30   0  2.6860228372900040e-03 
2016   4  19   3   0   0  2.6140157343647686e-03 
2016   4  19   3  30   0  2.5228634398603653e-03 
2016   4  19   4   0   0  2.3051234228062918e-03 
2016   4  19   4  30   0  2.1893972276559731e-03 
2016   4  19   5   0   0  1.9942481755921464e-03 
2016   4  19   5  30   0  1.8615349791462718e-03 
2016   4  19   6   0   0  1.8453905976955377e-03 
2016   4  19   6  30   0  1.8755644458409342e-03 
2016   4  19   7   0   0  1.8860550745399842e-03 
2016   4  19   7  30   0  1.9020958996310508e-03 
2016   4  19   8   0   0  1.9579922348221686e-03 
2016   4  19   8  30   0  1.7471386269910789e-03 
2016   4  19   9   0   0  1.7798704885415694e-03 
2016   4  19   9  30   0  1.6434607485361174e-03 
2016   4  19  10   0   0  1.6087720914549518e-03 
2016   4  19  10  30   0  1.4070722015395113e-03 
2016   4  19  11   0   0  1.5115212381853812e-03 
2016   4  19  11  30   0  1.3408517389246898e-03 
2016   4  19  12   0   0  1.1103992488505536e-03 
2016   4  19  12  30   0  1.0979148277367558e-03 
2016   4  19  13   0   0  1.2363635854732182e-03 
2016   4  19  13  30   0  1.2762405776705870e-03 
2016   4  19  14   0   0  7.4738342451000333e-04 
2016   4  19  14  30   0  1.2720009531445701e-03 
2016   4  19  15   0   0  8.8426739179207339e-04 
2016   4  19  15  30   0  1.2279791615684508e-03 
2016   4  19  16   0   0  1.2263908531637338e-03 
2016   4  19  16  30   0  1.2394800390400078e-03 
2016   4  19  17   0   0  1.1981345625329328e-03 
2016   4  19  17  30   0  1.2888851108926731e-03 
2016   4  19  18   0   0  7.6109301916910349e-04 
2016   4  19  18  30   0  8.2399411038547093e-04 
2016   4  19  19   0   0  8.1514046087787656e-04 
2016   4  19  19  30   0  1.0345404382561588e-03 
2016   4  19  20   0   0  1.2503757253762365e-03 
2016   4  19  20  30   0  1.2212487016114131e-03 
2016   4  19  21   0   0  1.0604696939197145e-03 
2016   4  19  21  30   0  1.4714324084358576e-03 
2016   4  19  22   0   0  1.6110699068711044e-03 
2016   4  19  22  30   0  2.0467733722981368e-03 
2016   4  19  23   0   0  2.4134431440911114e-03 
2016   4  19  23  30   0  2.8381473788584564e-03 
2016   4  20   0   0   0  3.0508798140422904e-03 
2016   4  20   0  30   0  3.0030402060225439e-03 
2016   4  20   1   0   0  2.9586938538141926e-03 
2016   4  20   1  30   0  2.8180898319966120e-03 
2016   4  20   2   0   0  2.6743355587450822e-03 
2016   4  20   2  30   0  2.4788127944059875e-03 
2016   4  20   3   0   0  2.2853073593337003e-03 
2016   4  20   3  30   0  2.0623546533728230e-03 
2016   4  20   4   0   0  1.8847751974822810e-03 
2016   4  20   4  30   0  1.6894694648435119e-03 
2016   4  20   5   0   0  1.4090125624258089e-03 
2016   4  20   5  30   0  1.2545134774537095e-03 
2016   4  20   6   0   0  1.1193032164173767e-03 
2016   4  20   6  30   0  9.0809527160722113e-04 
2016   4  20   7   0   0  6.9434425620384552e-04 
2016   4  20   7  30   0  5.8875043921865599e-04 
2016   4  20   8   0   0  5.9519457202462207e-04 
2016   4  20   8  30   0  5.9549350739511475e-04 
2016   4  20   9   0   0  6.0491111128803854e-04 
2016   4  20   9  30   0  7.1451580843486450e-04 
2016   4  20  10   0   0  7.8398383971437034e-04 
2016   4  20  10  30   0  8.6984151902023434e-04 
2016   4  20  11   0   0  8.4620214027696908e-04 
2016   4  20  11  30   0  6.6485391118808047e-04 
2016   4  20  12   0   0  5.6626597279176309e-04 
2016   4  20  12  30   0  4.9043698903928864e-04 
2016   4  20  13   0   0  4.5562948376677733e-04 
2016   4  20  13  30   0  4.8844904332479185e-04 
2016   4  20  14   0   0  6.3193056271863021e-04 
2016   4  20  14  30   0  9.0130431220670300e-04 
2016   4  20  15   0   0  6.9102439453084044e-04 
2016   4  20  15  30   0  5.4247664248202522e-04 
2016   4  20  16   0   0  5.6709267696748473e-04 
2016   4  20  16  30   0  5.3425062745322458e-04 
2016   4  20  17   0   0  5.3145748089065254e-04 
2016   4  20  17  30   0  5.1855631045356074e-04 
2016   4  20  18   0   0  6.8755073200140913e-04 
2016   4  20  18  30   0  1.1504086033020089e-03 
2016   4  20  19   0   0  1.1401611685361841e-03 
2016   4  20  19  30   0  1.4543364622177798e-03 
2016   4  20  20   0   0  1.6471453195110366e-03 
2016   4  20  20  30   0  1.7772308408799732e-03 
2016   4  20  21   0   0  1.9550570263850869e-03 
2016   4  20  21  30   0  2.0086417337045149e-03 
2016   4  20  22   0   0  2.0577547437551262e-03 
2016   4  20  22  30   0  2.1113578885558551e-03 
2016   4  20  23   0   0  2.1267530096239591e-03 
2016   4  20  23  30   0  2.0851388935397880e-03 
2016   4  21   0   0   0  1.8384776547970575e-03 
2016   4  21   0  30   0  1.7486248059750769e-03 
2016   4  21   1   0   0  1.7155786370319451e-03 
2016   4  21   1  30   0  1.7146383165320062e-03 
2016   4  21   2   0   0  1.6394906426983741e-03 
2016   4  21   2  30   0  1.6038701168178057e-03 
2016   4  21   3   0   0  1.5765478030625437e-03 
2016   4  21   3  30   0  1.6195620648775911e-03 
2016   4  21   4   0   0  1.6489872962265136e-03 
2016   4  21   4  30   0  1.6615536179816813e-03 
2016   4  21   5   0   0  1.7346669391334175e-03 
2016   4  21   5  30   0  1.8234539568036414e-03 
2016   4  21   6   0   0  1.9521789973367045e-03 
2016   4  21   6  30   0  1.9308668043415626e-03 
2016   4  21   7   0   0  1.8921483643909638e-03 
2016   4  21   7  30   0  1.8625198472898587e-03 
2016   4  21   8   0   0  1.7817679997889858e-03 
2016   4  21   8  30   0  1.7290959474138218e-03 
2016   4  21   9   0   0  1.6879777877784202e-03 
2016   4  21   9  30   0  1.5853945373946509e-03 
2016   4  21  10   0   0  1.4580556689735946e-03 
2016   4  21  10  30   0  1.4388745783700074e-03 
2016   4  21  11   0   0  1.4075155459051570e-03 
2016   4  21  11  30   0  1.4675354667784257e-03 
2016   4  21  12   0   0  1.3885709582642334e-03 
2016   4  21  12  30   0  1.3632343172715205e-03 
2016   4  21  13   0   0  1.3517794119129742e-03 
2016   4  21  13  30   0  1.3381172892281263e-03 
2016   4  21  14   0   0  1.3628380542814438e-03 
2016   4  21  14  30   0  1.4424642622921978e-03 
2016   4  21  15   0   0  1.6054554933719748e-03 
2016   4  21  15  30   0  1.5183488518988636e-03 
2016   4  21  16   0   0  1.5451627966111161e-03 
2016   4  21  16  30   0  1.5847512792268540e-03 
2016   4  21  17   0   0  1.9284545715900019e-03 
2016   4  21  17  30   0  1.5465858188134403e-03 
2016   4  21  18   0   0  1.6655043427470915e-03 
2016   4  21  18  30   0  1.7214425321296265e-03 
2016   4  21  19   0   0  1.9088975748568695e-03 
2016   4  21  19  30   0  2.0579627354648782e-03 
2016   4  21  20   0   0  2.4273515301556610e-03 
2016   4  21  20  30   0  2.4073896623830922e-03 
2016   4  21  21   0   0  2.1707583436127039e-03 
2016   4  21  21  30   0  2.2511142308776827e-03 
2016   4  21  22   0   0  2.2064528123869652e-03 
2016   4  21  22  30   0  2.0806191713150352e-03 
2016   4  21  23   0   0  2.0801116752472933e-03 
2016   4  21  23  30   0  1.9788263946931626e-03 
2016   4  22   0   0   0  2.2548727323455113e-03 
2016   4  22   0  30   0  2.2546809891902287e-03 
2016   4  22   1   0   0  2.4396301281309806e-03 
2016   4  22   1  30   0  2.5397928961660180e-03 
2016   4  22   2   0   0  3.2155601068355514e-03 
2016   4  22   2  30   0  2.8315249024797747e-03 
2016   4  22   3   0   0  2.6315970421834532e-03 
2016   4  22   3  30   0  2.7949806859257830e-03 
2016   4  22   4   0   0  3.1208070026460784e-03 
2016   4  22   4  30   0  4.1420239983818987e-03 
2016   4  22   5   0   0  3.9640629959317962e-03 
2016   4  22   5  30   0  3.8309707926480704e-03 
2016   4  22   6   0   0  4.0632338942717750e-03 
2016   4  22   6  30   0  3.7521956524859817e-03 
2016   4  22   7   0   0  3.1667072210145378e-03 
2016   4  22   7  30   0  2.7270374776223777e-03 
2016   4  22   8   0   0  2.8254063660579807e-03 
2016   4  22   8  30   0  2.4166537923294425e-03 
2016   4  22   9   0   0  2.0477166183804725e-03 
2016   4  22   9  30   0  2.3029762324917650e-03 
2016   4  22  10   0   0  1.9073161802231719e-03 
2016   4  22  10  30   0  1.9440186883248316e-03 
2016   4  22  11   0   0  1.9846573683427004e-03 
2016   4  22  11  30   0  2.1737585510548337e-03 
2016   4  22  12   0   0  2.5247455688251733e-03 
2016   4  22  12  30   0  2.1270334500433632e-03 
2016   4  22  13   0   0  2.1709103370517262e-03 
2016   4  22  13  30   0  2.1822536661286877e-03 
2016   4  22  14   0   0  1.9304754991039770e-03 
2016   4  22  14  30   0  1.8488573642293569e-03 
2016   4  22  15   0   0  1.6507805067445299e-03 
2016   4  22  15  30   0  1.4933739283451387e-03 
2016   4  22  16   0   0  1.5239506066419045e-03 
2016   4  22  16  30   0  1.4517867423381797e-03 
2016   4  22  17   0   0  1.0832772893853626e-03 
2016   4  22  17  30   0  1.2797488531223909e-03 
2016   4  22  18   0   0  1.3099567815017773e-03 
2016   4  22  18  30   0  1.2160208884446995e-03 
2016   4  22  19   0   0  1.1710596850015944e-03 
2016   4  22  19  30   0  1.1092989916766623e-03 
2016   4  22  20   0   0  1.0982767251689139e-03 
2016   4  22  20  30   0  1.1182389718483903e-03 
2016   4  22  21   0   0  1.1981070706595747e-03 
2016   4  22  21  30   0  1.2181870447892610e-03 
2016   4  22  22   0   0  1.3029451875637131e-03 
2016   4  22  22  30   0  1.2929462160878730e-03 
2016   4  22  23   0   0  1.2749403274523213e-03 
2016   4  22  23  30   0  1.3443965664175050e-03 
2016   4  23   0   0   0  1.2617314866091448e-03 
2016   4  23   0  30   0  1.2442713412812712e-03 
2016   4  23   1   0   0  1.2091951277142527e-03 
2016   4  23   1  30   0  1.2021159596798327e-03 
2016   4  23   2   0   0  1.2249569171703964e-03 
2016   4  23   2  30   0  1.2841440010602039e-03 
2016   4  23   3   0   0  1.3440845850123207e-03 
2016   4  23   3  30   0  1.4209944416504153e-03 
2016   4  23   4   0   0  1.5060453480806874e-03 
2016   4  23   4  30   0  1.6057802146719382e-03 
2016   4  23   5   0   0  1.7415511846141814e-03 
2016   4  23   5  30   0  1.8561156093861017e-03 
2016   4  23   6   0   0  2.0238425760318091e-03 
2016   4  23   6  30   0  2.1430830899994949e-03 
2016   4  23   7   0   0  2.0397715060979792e-03 
2016   4  23   7  30   0  2.1395800179903799e-03 
2016   4  23   8   0   0  2.0592077683631769e-03 
2016   4  23   8  30   0  2.0362143821138186e-03 
2016   4  23   9   0   0  1.8261272009401086e-03 
2016   4  23   9  30   0  1.6388648263863982e-03 
2016   4  23  10   0   0  1.6334155139117507e-03 
2016   4  23  10  30   0  1.6668682595258155e-03 
2016   4  23  11   0   0  1.8272832678264193e-03 
2016   4  23  11  30   0  1.8118152105936886e-03 
2016   4  23  12   0   0  1.8377176553705629e-03 
2016   4  23  12  30   0  1.9335748523022611e-03 
2016   4  23  13   0   0  1.9274310753389797e-03 
2016   4  23  13  30   0  1.6818517570363928e-03 
2016   4  23  14   0   0  1.5583996923562173e-03 
2016   4  23  14  30   0  1.4169204171304991e-03 
2016   4  23  15   0   0  1.6150843398212342e-03 
2016   4  23  15  30   0  1.5075811774356638e-03 
2016   4  23  16   0   0  1.5332045779994352e-03 
2016   4  23  16  30   0  1.6116108819251025e-03 
2016   4  23  17   0   0  1.7870514317131143e-03 
2016   4  23  17  30   0  1.8448942796461423e-03 
2016   4  23  18   0   0  1.8038235608317356e-03 
2016   4  23  18  30   0  1.8198003089602783e-03 
2016   4  23  19   0   0  1.7745571673488990e-03 
2016   4  23  19  30   0  3.0368336060778546e-03 
2016   4  23  20   0   0  3.0042565740110898e-03 
2016   4  23  20  30   0  2.3204871818317354e-03 
2016   4  23  21   0   0  2.0859615361094814e-03 
2016   4  23  21  30   0  2.4279536434908254e-03 
2016   4  23  22   0   0  2.1219087731843217e-03 
2016   4  23  22  30   0  1.9386311746172305e-03 
2016   4  23  23   0   0  1.5373032884553096e-03 
2016   4  23  23  30   0  1.6538470044937666e-03 
2016   4  24   0   0   0  1.7499953835234644e-03 
2016   4  24   0  30   0  2.0281902607201608e-03 
2016   4  24   1   0   0  2.3519394270304708e-03 
2016   4  24   1  30   0  2.2450395350660820e-03 
2016   4  24   2   0   0  2.6850430823779719e-03 
2016   4  24   2  30   0  2.8436887798089917e-03 
2016   4  24   3   0   0  9.6441813143267729e-03 
2016   4  24   3  30   0  1.2730886450691531e-02 
2016   4  24   4   0   0  5.4297096413490533e-03 
2016   4  24   4  30   0  3.3578804734536627e-03 
2016   4  24   5   0   0  3.1331363521524057e-03 
2016   4  24   5  30   0  4.9341556887537137e-03 
2016   4  24   6   0   0  3.3286732252586168e-03 
2016   4  24   6  30   0  3.8356752343340047e-03 
2016   4  24   7   0   0  3.9646314627470435e-03 
2016   4  24   7  30   0  4.0556737567717148e-03 
2016   4  24   8   0   0  3.3723818483083518e-03 
2016   4  24   8  30   0  2.4068604079660505e-03 
2016   4  24   9   0   0  1.7954483405259521e-03 
2016   4  24   9  30   0  1.8441229995012924e-03 
2016   4  24  10   0   0  2.1985098898004555e-03 
2016   4  24  10  30   0  1.9049234381392803e-03 
2016   4  24  11   0   0  2.0226387052059039e-03 
2016   4  24  11  30   0  1.9633007027225137e-03 
2016   4  24  12   0   0  1.9709392848533277e-03 
2016   4  24  12  30   0  2.0181415977497202e-03 
2016   4  24  13   0   0  1.9068290073644060e-03 
2016   4  24  13  30   0  1.7488646291612541e-03 
2016   4  24  14   0   0  1.7854689675935930e-03 
2016   4  24  14  30   0  1.6209932641846143e-03 
2016   4  24  15   0   0  1.6356601116473721e-03 
2016   4  24  15  30   0  1.5709399106194418e-03 
2016   4  24  16   0   0  1.6601315078041171e-03 
2016   4  24  16  30   0  1.6628914736333202e-03 
2016   4  24  17   0   0  1.6098021363315724e-03 
2016   4  24  17  30   0  1.6635564571627611e-03 
2016   4  24  18   0   0  1.8489080458494638e-03 
2016   4  24  18  30   0  2.2969510533040372e-03 
2016   4  24  19   0   0  2.4653313715903929e-03 
2016   4  24  19  30   0  2.9172426976118234e-03 
2016   4  24  20   0   0  3.0032125354607095e-03 
2016   4  24  20  30   0  3.2508320476147680e-03 
2016   4  24  21   0   0  3.2388327124749606e-03 
2016   4  24  21  30   0  2.7338706895765957e-03 
2016   4  24  22   0   0  2.6561959241363019e-03 
2016   4  24  22  30   0  2.5105351531564653e-03 
2016   4  24  23   0   0  2.3752446658838401e-03 
2016   4  24  23  30   0  2.2907260327237910e-03 
2016   4  25   0   0   0  2.3467712371151722e-03 
2016   4  25   0  30   0  2.2303791019980847e-03 
2016   4  25   1   0   0  2.2029792401390496e-03 
2016   4  25   1  30   0  2.1548449470490485e-03 
2016   4  25   2   0   0  2.1375358849544676e-03 
2016   4  25   2  30   0  2.0892407690304661e-03 
2016   4  25   3   0   0  2.0194529600583064e-03 
2016   4  25   3  30   0  1.9165795078624577e-03 
2016   4  25   4   0   0  1.8726100723984115e-03 
2016   4  25   4  30   0  1.7877546313915759e-03 
2016   4  25   5   0   0  1.8266721457842526e-03 
2016   4  25   5  30   0  1.9667127238945582e-03 
2016   4  25   6   0   0  1.8078990178422424e-03 
2016   4  25   6  30   0  1.7008956456844408e-03 
2016   4  25   7   0   0  1.6766134331023855e-03 
2016   4  25   7  30   0  1.6658089193620253e-03 
2016   4  25   8   0   0  1.6299583236111803e-03 
2016   4  25   8  30   0  1.5647014855341296e-03 
2016   4  25   9   0   0  1.1692840043950917e-03 
2016   4  25   9  30   0  9.1004926939129184e-04 
2016   4  25  10   0   0  9.1104895678543617e-04 
2016   4  25  10  30   0  8.8933955833603166e-04 
2016   4  25  11   0   0  7.6679274155932412e-04 
2016   4  25  11  30   0  6.2775125951566261e-04 
2016   4  25  12   0   0  6.0253638616615784e-04 
2016   4  25  12  30   0  7.0403669079288612e-04 
2016   4  25  13   0   0  7.4241341048123151e-04 
2016   4  25  13  30   0  8.3730491446869703e-04 
2016   4  25  14   0   0  9.3284269243342247e-04 
2016   4  25  14  30   0  1.3272809890321584e-03 
2016   4  25  15   0   0  1.3811007198315055e-03 
2016   4  25  15  30   0  1.6905275817776513e-03 
2016   4  25  16   0   0  1.6937757334850808e-03 
2016   4  25  16  30   0  1.6667436673785691e-03 
2016   4  25  17   0   0  1.7603084394426131e-03 
2016   4  25  17  30   0  1.8194391149682894e-03 
2016   4  25  18   0   0  1.7633002711337884e-03 
2016   4  25  18  30   0  1.8776070414225844e-03 
2016   4  25  19   0   0  1.8513231009299105e-03 
2016   4  25  19  30   0  1.8045434784326583e-03 
2016   4  25  20   0   0  1.8011529925609181e-03 
2016   4  25  20  30   0  1.8798892962406451e-03 
2016   4  25  21   0   0  1.9818186708168233e-03 
2016   4  25  21  30   0  2.0605820953589048e-03 
2016   4  25  22   0   0  2.1474076110939589e-03 
2016   4  25  22  30   0  2.2178384567552696e-03 
2016   4  25  23   0   0  2.7751468586283603e-03 
2016   4  25  23  30   0  1.0170828784422688e-02 
2016   4  26   0   0   0  3.8372974556946694e-02 
2016   4  26   0  30   0  3.0485635493329260e-02 
2016   4  26   1   0   0  5.5460799678635183e-03 
2016   4  26   1  30   0  3.0300369046215177e-03 
2016   4  26   2   0   0  2.3456448696094648e-03 
2016   4  26   2  30   0  2.2595560754298410e-03 
2016   4  26   3   0   0  2.1802007454755612e-03 
2016   4  26   3  30   0  2.2333779044923685e-03 
2016   4  26   4   0   0  3.9886126206680160e-03 
2016   4  26   4  30   0  3.9508688349601207e-03 
2016   4  26   5   0   0  5.1807012307265058e-03 
2016   4  26   5  30   0  9.2613622887925337e-03 
2016   4  26   6   0   0  6.3855092684269458e-03 
2016   4  26   6  30   0  6.3310132501897464e-03 
2016   4  26   7   0   0  4.2422797839264644e-03 
2016   4  26   7  30   0  3.0951292891195029e-03 
2016   4  26   8   0   0  2.9277657659393052e-03 
2016   4  26   8  30   0  3.4307138681409170e-03 
2016   4  26   9   0   0  3.5405713704304183e-03 
2016   4  26   9  30   0  2.9230721866406063e-03 
2016   4  26  10   0   0  2.3063721598486253e-03 
2016   4  26  10  30   0  2.0985282685245595e-03 
2016   4  26  11   0   0  1.9270345940099849e-03 
2016   4  26  11  30   0  1.5951255017144334e-03 
2016   4  26  12   0   0  1.3197499120577462e-03 
2016   4  26  12  30   0  1.1934379483343918e-03 
2016   4  26  13   0   0  1.1543459345643057e-03 
2016   4  26  13  30   0  1.0149916925612085e-03 
2016   4  26  14   0   0  9.4221113617260388e-04 
2016   4  26  14  30   0  8.6043127773009797e-04 
2016   4  26  15   0   0  7.5053910065544962e-04 
2016   4  26  15  30   0  6.1024337255568509e-04 
2016   4  26  16   0   0  6.7333831001023514e-04 
2016   4  26  16  30   0  6.0244564287967664e-04 
2016   4  26  17   0   0  5.7384966909322503e-04 
2016   4  26  17  30   0  5.5064670556663627e-04 
2016   4  26  18   0   0  4.3488247677657307e-04 
2016   4  26  18  30   0  3.6261177302659563e-04 
2016   4  26  19   0   0  3.4992473709955120e-04 
2016   4  26  19  30   0  3.7031549488836935e-04 
2016   4  26  20   0   0  3.4018627797625397e-04 
2016   4  26  20  30   0  3.4042488371320605e-04 
2016   4  26  21   0   0  3.6385959443823265e-04 
2016   4  26  21  30   0  3.6679330926572975e-04 
2016   4  26  22   0   0  4.4171490393373581e-04 
2016   4  26  22  30   0  5.4679544027376459e-04 
2016   4  26  23   0   0  9.3563557947914716e-04 
2016   4  26  23  30   0  2.9839300145304108e-03 
2016   4  27   0   0   0  4.3135355069236579e-03 
2016   4  27   0  30   0  4.5254272558398782e-03 
2016   4  27   1   0   0  4.5177836926726172e-03 
2016   4  27   1  30   0  4.2838413834045547e-03 
2016   4  27   2   0   0  4.2660779337895995e-03 
2016   4  27   2  30   0  4.1406083106764590e-03 
2016   4  27   3   0   0  3.6821410532714757e-03 
2016   4  27   3  30   0  2.5355465297578960e-03 
2016   4  27   4   0   0  2.1946160981901747e-03 
2016   4  27   4  30   0  1.9133053852216787e-03 
2016   4  27   5   0   0  1.5799426321661603e-03 
2016   4  27   5  30   0  1.4799722506357511e-03 
2016   4  27   6   0   0  2.2019552578843669e-03 
2016   4  27   6  30   0  1.7272645911831459e-03 
2016   4  27   7   0   0  2.4843175590801014e-03 
2016   4  27   7  30   0  3.0198089950693539e-03 
2016   4  27   8   0   0  2.7295589552861991e-03 
2016   4  27   8  30   0  2.1168674939714563e-03 
2016   4  27   9   0   0  2.1985193895812218e-03 
2016   4  27   9  30   0  2.0190355096719502e-03 
2016   4  27  10   0   0  1.9600838887116707e-03 
2016   4  27  10  30   0  1.9550912571263349e-03 
2016   4  27  11   0   0  1.7543178169642877e-03 
2016   4  27  11  30   0  1.5688910379201700e-03 
2016   4  27  12   0   0  1.5494318075919265e-03 
2016   4  27  12  30   0  1.5116367748666550e-03 
2016   4  27  13   0   0  1.3949721744233579e-03 
2016   4  27  13  30   0  1.2032773283332065e-03 
2016   4  27  14   0   0  1.2706011960427529e-03 
2016   4  27  14  30   0  1.2496621644850795e-03 
2016   4  27  15   0   0  1.2321297936729900e-03 
2016   4  27  15  30   0  1.2318891375112469e-03 
2016   4  27  16   0   0  1.3245424710478654e-03 
2016   4  27  16  30   0  1.5384323279231931e-03 
2016   4  27  17   0   0  1.9392047201754845e-03 
2016   4  27  17  30   0  1.7990661823573625e-03 
2016   4  27  18   0   0  1.8592681964044858e-03 
2016   4  27  18  30   0  1.9352446734191926e-03 
2016   4  27  19   0   0  2.1270368302813846e-03 
2016   4  27  19  30   0  2.2262417167483476e-03 
2016   4  27  20   0   0  2.8887288052523810e-03 
2016   4  27  20  30   0  2.7560369724713646e-03 
2016   4  27  21   0   0  2.3175713177791767e-03 
2016   4  27  21  30   0  2.2700234246604920e-03 
2016   4  27  22   0   0  2.3585393685392362e-03 
2016   4  27  22  30   0  2.6849441698300800e-03 
2016   4  27  23   0   0  7.2837377587198267e-03 
2016   4  27  23  30   0  1.8232828963964717e-02 
2016   4  28   0   0   0  3.5766356636606827e-03 
2016   4  28   0  30   0  3.2441492599091220e-03 
2016   4  28   1   0   0  3.4923312008074449e-03 
2016   4  28   1  30   0  3.5710868735065447e-03 
2016   4  28   2   0   0  3.5450725254258454e-03 
2016   4  28   2  30   0  3.4030268844215134e-03 
2016   4  28   3   0   0  3.2238997255490754e-03 
2016   4  28   3  30   0  3.2830919398261780e-03 
2016   4  28   4   0   0  3.5217508721648674e-03 
2016   4  28   4  30   0  4.5026372333527775e-03 
2016   4  28   5   0   0  4.7335261733392631e-03 
2016   4  28   5  30   0  3.7216235582216155e-03 
2016   4  28   6   0   0  2.8911669244394071e-03 
2016   4  28   6  30   0  2.7868347764824952e-03 
2016   4  28   7   0   0  2.6316740488252248e-03 
2016   4  28   7  30   0  2.5918201771429374e-03 
2016   4  28   8   0   0  2.4843563004251722e-03 
2016   4  28   8  30   0  2.6714989746536976e-03 
2016   4  28   9   0   0  2.5628936537360255e-03 
2016   4  28   9  30   0  2.6466932395238997e-03 
2016   4  28  10   0   0  2.6193394172429581e-03 
2016   4  28  10  30   0  2.2202936923681037e-03 
2016   4  28  11   0   0  2.2478561355036898e-03 
2016   4  28  11  30   0  2.4216376883988162e-03 
2016   4  28  12   0   0  2.7258840452084867e-03 
2016   4  28  12  30   0  2.8308525090313089e-03 
2016   4  28  13   0   0  2.6935962249920384e-03 
2016   4  28  13  30   0  2.6433683444107839e-03 
2016   4  28  14   0   0  2.6847847613885659e-03 
2016   4  28  14  30   0  2.6411022196840390e-03 
2016   4  28  15   0   0  2.8618273758351269e-03 
2016   4  28  15  30   0  3.3068224025091645e-03 
2016   4  28  16   0   0  3.4267337037811709e-03 
2016   4  28  16  30   0  3.1542746352415680e-03 
2016   4  28  17   0   0  3.1055626352030365e-03 
2016   4  28  17  30   0  3.6433505338992036e-03 
2016   4  28  18   0   0  4.2230283085960873e-03 
2016   4  28  18  30   0  4.8281834298908597e-03 
2016   4  28  19   0   0  4.9654294548823526e-03 
2016   4  28  19  30   0  5.4215876327348587e-03 
2016   4  28  20   0   0  5.8229466653762800e-03 
2016   4  28  20  30   0  6.2800764771111786e-03 
2016   4  28  21   0   0  7.1004645986722029e-03 
2016   4  28  21  30   0  8.2438774066489230e-03 
2016   4  28  22   0   0  7.5919570416052374e-03 
2016   4  28  22  30   0  7.3167314415449498e-03 
2016   4  28  23   0   0  5.7637068024400792e-03 
2016   4  28  23  30   0  3.7932287058570226e-03 
2016   4  29   0   0   0  2.5758618234050625e-03 
2016   4  29   0  30   0  1.8007523454630779e-03 
2016   4  29   1   0   0  1.8394725419747877e-03 
2016   4  29   1  30   0  2.0631265255896701e-03 
2016   4  29   2   0   0  2.6498887288320941e-03 
2016   4  29   2  30   0  3.2832056946646999e-03 
2016   4  29   3   0   0  2.5865656405047407e-03 
2016   4  29   3  30   0  2.1974181578627494e-03 
2016   4  29   4   0   0  1.6996240402296563e-03 
2016   4  29   4  30   0  1.5943362458994742e-03 
2016   4  29   5   0   0  1.6209655373784768e-03 
2016   4  29   5  30   0  1.8321995137204358e-03 
2016   4  29   6   0   0  2.1403910812198028e-03 
2016   4  29   6  30   0  2.9174484740401904e-03 
2016   4  29   7   0   0  3.4749038688820584e-03 
2016   4  29   7  30   0  3.6851459304123842e-03 
2016   4  29   8   0   0  3.5791916300830415e-03 
2016   4  29   8  30   0  3.4624639526302302e-03 
2016   4  29   9   0   0  3.3112589616907588e-03 
2016   4  29   9  30   0  3.1588478117499483e-03 
2016   4  29  10   0   0  3.2417499294023050e-03 
2016   4  29  10  30   0  3.2853014417429543e-03 
2016   4  29  11   0   0  3.3269819270525429e-03 
2016   4  29  11  30   0  3.4222314856953693e-03 
2016   4  29  12   0   0  3.6556967412998353e-03 
2016   4  29  12  30   0  3.5592619913457310e-03 
2016   4  29  13   0   0  3.8309894132585801e-03 
2016   4  29  13  30   0  4.0125957656656185e-03 
2016   4  29  14   0   0  4.0281497459835986e-03 
2016   4  29  14  30   0  4.2502528597504405e-03 
2016   4  29  15   0   0  4.1967289499910574e-03 
2016   4  29  15  30   0  4.2140966824906418e-03 
2016   4  29  16   0   0  4.1387821687046125e-03 
2016   4  29  16  30   0  4.3039120128374464e-03 
2016   4  29  17   0   0  4.6195212444193022e-03 
2016   4  29  17  30   0  4.9786316835079957e-03 
2016   4  29  18   0   0  4.3567479890501823e-03 
2016   4  29  18  30   0  4.2661155325416375e-03 
2016   4  29  19   0   0  4.2929408288830580e-03 
2016   4  29  19  30   0  4.2618550249426783e-03 
2016   4  29  20   0   0  4.1899909020786828e-03 
2016   4  29  20  30   0  4.2709860487358921e-03 
2016   4  29  21   0   0  4.2905542548704349e-03 
2016   4  29  21  30   0  4.2617342504242036e-03 
2016   4  29  22   0   0  4.1929158449094586e-03 
2016   4  29  22  30   0  9.6616458649932315e-03 
2016   4  29  23   0   0  8.4268891974260216e-03 
2016   4  29  23  30   0  4.9806109687268963e-03 
2016   4  30   0   0   0  3.8363249418880314e-03 
2016   4  30   0  30   0  4.0679288375454472e-03 
2016   4  30   1   0   0  6.0883010110698620e-03 
2016   4  30   1  30   0  9.9368960777559204e-03 
2016   4  30   2   0   0  4.6263444688146391e-03 
2016   4  30   2  30   0  5.6837907057063989e-03 
2016   4  30   3   0   0  4.7282528482637774e-03 
2016   4  30   3  30   0  3.8686006236741313e-03 
2016   4  30   4   0   0  3.3935231377077817e-03 
2016   4  30   4  30   0  3.8879847492441647e-03 
2016   4  30   5   0   0  4.3608270505818888e-03 
2016   4  30   5  30   0  4.2565618365592436e-03 
2016   4  30   6   0   0  5.0155736008594999e-03 
2016   4  30   6  30   0  4.8142606667978816e-03 
2016   4  30   7   0   0  5.8716347708356815e-03 
2016   4  30   7  30   0  5.1130303323390159e-03 
2016   4  30   8   0   0  4.0843840690843024e-03 
2016   4  30   8  30   0  3.1584582842031049e-03 
2016   4  30   9   0   0  2.9155013087442802e-03 
2016   4  30   9  30   0  3.1993762413293288e-03 
2016   4  30  10   0   0  3.6324186823163437e-03 
2016   4  30  10  30   0  3.6989719155008480e-03 
2016   4  30  11   0   0  2.9625782251732468e-03 
2016   4  30  11  30   0  2.9067319762509599e-03 
2016   4  30  12   0   0  2.9581161359716326e-03 
2016   4  30  12  30   0  2.9286839317691437e-03 
2016   4  30  13   0   0  2.6885896764112611e-03 
2016   4  30  13  30   0  2.3532561634997985e-03 
2016   4  30  14   0   0  2.4262506732945460e-03 
2016   4  30  14  30   0  2.7042506386431120e-03 
2016   4  30  15   0   0  2.7637962553015609e-03 
2016   4  30  15  30   0  2.7113190578264448e-03 
2016   4  30  16   0   0  2.9114939961939054e-03 
2016   4  30  16  30   0  3.0775654156749124e-03 
2016   4  30  17   0   0  3.1500755022460898e-03 
2016   4  30  17  30   0  3.2481544801929475e-03 
2016   4  30  18   0   0  3.3621691579141522e-03 
2016   4  30  18  30   0  3.4404481826434893e-03 
2016   4  30  19   0   0  3.4644290142516461e-03 
2016   4  30  19  30   0  3.4828058802394823e-03 
2016   4  30  20   0   0  3.5591437095165860e-03 
2016   4  30  20  30   0  3.7115577749596723e-03 
2016   4  30  21   0   0  3.7969783278791647e-03 
2016   4  30  21  30   0  3.7811906680291587e-03 
2016   4  30  22   0   0  3.9759497471163483e-03 
2016   4  30  22  30   0  4.2382866251539850e-03 
2016   4  30  23   0   0  4.3239895580522410e-03 
2016   4  30  23  30   0  4.4246263425800434e-03 
2016   5   1   0   0   0  4.4246263425800434e-03 
