   0   0   0   0   0   0  0.004892 
2016   5   1   0   0   0  4.8919581220243733e-03 
2016   5   1   0  30   0  4.8772008269593438e-03 
2016   5   1   1   0   0  4.6283000051250307e-03 
2016   5   1   1  30   0  4.6276548745734954e-03 
2016   5   1   2   0   0  4.6758975801361631e-03 
2016   5   1   2  30   0  4.6550288968358906e-03 
2016   5   1   3   0   0  4.7093975778195159e-03 
2016   5   1   3  30   0  4.5468861556048103e-03 
2016   5   1   4   0   0  4.7351000920438204e-03 
2016   5   1   4  30   0  4.9060189313159756e-03 
2016   5   1   5   0   0  4.9637183398426469e-03 
2016   5   1   5  30   0  5.0767047042421061e-03 
2016   5   1   6   0   0  4.8386796954674209e-03 
2016   5   1   6  30   0  5.0561127432163502e-03 
2016   5   1   7   0   0  5.2740756920650863e-03 
2016   5   1   7  30   0  5.3533170227929817e-03 
2016   5   1   8   0   0  5.3171404380831927e-03 
2016   5   1   8  30   0  5.3720805766299101e-03 
2016   5   1   9   0   0  4.9061971059164780e-03 
2016   5   1   9  30   0  4.9914351126613696e-03 
2016   5   1  10   0   0  4.6783422730199324e-03 
2016   5   1  10  30   0  4.0278396954707037e-03 
2016   5   1  11   0   0  4.4680007878624972e-03 
2016   5   1  11  30   0  4.3746147695482296e-03 
2016   5   1  12   0   0  4.6306352672997953e-03 
2016   5   1  12  30   0  4.9636118932230907e-03 
2016   5   1  13   0   0  5.2619525259859417e-03 
2016   5   1  13  30   0  5.0868430660237695e-03 
2016   5   1  14   0   0  4.9658309804753737e-03 
2016   5   1  14  30   0  5.0074548367248541e-03 
2016   5   1  15   0   0  4.9998420235738365e-03 
2016   5   1  15  30   0  5.0360988992802979e-03 
2016   5   1  16   0   0  4.8541295882853289e-03 
2016   5   1  16  30   0  4.8604973534077467e-03 
2016   5   1  17   0   0  4.8451234134891290e-03 
2016   5   1  17  30   0  4.8470988826934654e-03 
2016   5   1  18   0   0  4.6921278006407446e-03 
2016   5   1  18  30   0  4.7105851556945673e-03 
2016   5   1  19   0   0  4.5307536973514641e-03 
2016   5   1  19  30   0  4.5146180128160943e-03 
2016   5   1  20   0   0  4.4118100421705487e-03 
2016   5   1  20  30   0  4.4788014426512621e-03 
2016   5   1  21   0   0  4.9617921654657466e-03 
2016   5   1  21  30   0  4.5550092325757794e-03 
2016   5   1  22   0   0  4.1736137699457171e-03 
2016   5   1  22  30   0  4.2448665977273588e-03 
2016   5   1  23   0   0  4.2780609865396141e-03 
2016   5   1  23  30   0  4.3892690011503874e-03 
2016   5   2   0   0   0  5.3100963096868259e-03 
2016   5   2   0  30   0  5.3325415956849012e-03 
2016   5   2   1   0   0  5.5470204770000841e-03 
2016   5   2   1  30   0  5.7876005493802032e-03 
2016   5   2   2   0   0  5.6324542582917641e-03 
2016   5   2   2  30   0  5.5199237340389819e-03 
2016   5   2   3   0   0  5.8339560437276885e-03 
2016   5   2   3  30   0  5.9667365711130009e-03 
2016   5   2   4   0   0  5.7919636425862349e-03 
2016   5   2   4  30   0  5.4964039199340104e-03 
2016   5   2   5   0   0  5.5559375053458289e-03 
2016   5   2   5  30   0  6.0263104462564068e-03 
2016   5   2   6   0   0  5.8507624710322061e-03 
2016   5   2   6  30   0  6.0015109463139827e-03 
2016   5   2   7   0   0  5.7679001527871357e-03 
2016   5   2   7  30   0  5.7705643802740906e-03 
2016   5   2   8   0   0  5.8784045368613482e-03 
2016   5   2   8  30   0  6.4767165708490013e-03 
2016   5   2   9   0   0  6.6139870985540469e-03 
2016   5   2   9  30   0  6.7611542890146448e-03 
2016   5   2  10   0   0  6.7128300745843087e-03 
2016   5   2  10  30   0  6.1904080291959101e-03 
2016   5   2  11   0   0  5.5481844912330614e-03 
2016   5   2  11  30   0  5.4474057327914289e-03 
2016   5   2  12   0   0  5.9323773127212317e-03 
2016   5   2  12  30   0  6.4144129395563940e-03 
2016   5   2  13   0   0  6.7368503419912478e-03 
2016   5   2  13  30   0  7.1690774365196870e-03 
2016   5   2  14   0   0  7.1331452830052438e-03 
2016   5   2  14  30   0  7.1137041638017276e-03 
2016   5   2  15   0   0  7.4003474108200167e-03 
2016   5   2  15  30   0  7.2901706933504087e-03 
2016   5   2  16   0   0  7.5204723933662834e-03 
2016   5   2  16  30   0  7.6211357188143945e-03 
2016   5   2  17   0   0  7.4814863046013154e-03 
2016   5   2  17  30   0  7.5429284064572793e-03 
2016   5   2  18   0   0  7.5025862383004769e-03 
2016   5   2  18  30   0  7.3472153884538713e-03 
2016   5   2  19   0   0  7.3798901395515076e-03 
2016   5   2  19  30   0  7.2719161469469518e-03 
2016   5   2  20   0   0  7.1518923037024382e-03 
2016   5   2  20  30   0  7.1546119279510007e-03 
2016   5   2  21   0   0  8.5891284435066408e-03 
2016   5   2  21  30   0  7.5108227353818720e-03 
2016   5   2  22   0   0  7.1763999815119628e-03 
2016   5   2  22  30   0  7.2163313905554503e-03 
2016   5   2  23   0   0  7.3455676883880478e-03 
2016   5   2  23  30   0  7.3860553795645619e-03 
2016   5   3   0   0   0  7.4736730189126710e-03 
2016   5   3   0  30   0  7.6456279743688481e-03 
2016   5   3   1   0   0  7.6775356091720558e-03 
2016   5   3   1  30   0  7.7935725309603923e-03 
2016   5   3   2   0   0  7.8682357212358188e-03 
2016   5   3   2  30   0  7.8471044112665006e-03 
2016   5   3   3   0   0  7.8688143182246064e-03 
2016   5   3   3  30   0  7.7982737948308865e-03 
2016   5   3   4   0   0  7.7541626605333097e-03 
2016   5   3   4  30   0  7.7870835222615909e-03 
2016   5   3   5   0   0  7.6144855080651479e-03 
2016   5   3   5  30   0  7.4815159111430310e-03 
2016   5   3   6   0   0  7.4437433489395249e-03 
2016   5   3   6  30   0  7.4609138490881709e-03 
2016   5   3   7   0   0  7.2555817851409953e-03 
2016   5   3   7  30   0  6.8354557824884905e-03 
2016   5   3   8   0   0  6.7027500575516106e-03 
2016   5   3   8  30   0  6.5234931330412568e-03 
2016   5   3   9   0   0  6.0749054768966457e-03 
2016   5   3   9  30   0  5.7967445549608303e-03 
2016   5   3  10   0   0  5.2923553638250425e-03 
2016   5   3  10  30   0  5.0132060570591240e-03 
2016   5   3  11   0   0  4.9561559313726026e-03 
2016   5   3  11  30   0  4.7729418512384263e-03 
2016   5   3  12   0   0  4.7231143108435398e-03 
2016   5   3  12  30   0  4.4444759539501912e-03 
2016   5   3  13   0   0  4.7566382136426475e-03 
2016   5   3  13  30   0  4.8379679793129236e-03 
2016   5   3  14   0   0  5.0531073687225076e-03 
2016   5   3  14  30   0  4.8475040264944211e-03 
2016   5   3  15   0   0  4.5730028141819012e-03 
2016   5   3  15  30   0  4.8843916274177793e-03 
2016   5   3  16   0   0  4.8219738334276856e-03 
2016   5   3  16  30   0  4.9567642822704377e-03 
2016   5   3  17   0   0  5.0211634698720418e-03 
2016   5   3  17  30   0  5.1904199064879419e-03 
2016   5   3  18   0   0  5.0296229856355837e-03 
2016   5   3  18  30   0  5.0485975924784684e-03 
2016   5   3  19   0   0  5.2168570511410134e-03 
2016   5   3  19  30   0  5.3554011709236139e-03 
2016   5   3  20   0   0  6.0651185634222641e-03 
2016   5   3  20  30   0  5.9958379557962212e-03 
2016   5   3  21   0   0  5.7329961114335453e-03 
2016   5   3  21  30   0  6.1883559981647041e-03 
2016   5   3  22   0   0  6.0871513145996639e-03 
2016   5   3  22  30   0  6.1580564710475068e-03 
2016   5   3  23   0   0  6.2611425094690172e-03 
2016   5   3  23  30   0  8.4688513787101703e-03 
2016   5   4   0   0   0  7.0631858288784490e-03 
2016   5   4   0  30   0  5.9960319125249269e-03 
2016   5   4   1   0   0  5.1883207841423307e-03 
2016   5   4   1  30   0  5.3364207926439051e-03 
2016   5   4   2   0   0  5.1092966073501634e-03 
2016   5   4   2  30   0  5.0688567325597803e-03 
2016   5   4   3   0   0  5.2155917799201340e-03 
2016   5   4   3  30   0  5.6593527635795966e-03 
2016   5   4   4   0   0  5.6999207962857412e-03 
2016   5   4   4  30   0  5.8112080121922212e-03 
2016   5   4   5   0   0  5.7233297681582290e-03 
2016   5   4   5  30   0  5.6986353736587650e-03 
2016   5   4   6   0   0  5.6112420891842414e-03 
2016   5   4   6  30   0  5.4076689271252924e-03 
2016   5   4   7   0   0  5.3183469782491118e-03 
2016   5   4   7  30   0  5.0558170221368312e-03 
2016   5   4   8   0   0  4.8667292428440463e-03 
2016   5   4   8  30   0  4.8789111382079552e-03 
2016   5   4   9   0   0  4.6131972721979164e-03 
2016   5   4   9  30   0  4.4456741624973569e-03 
2016   5   4  10   0   0  4.2637922555276049e-03 
2016   5   4  10  30   0  4.4448636772205568e-03 
2016   5   4  11   0   0  4.8803645992350798e-03 
2016   5   4  11  30   0  4.6999322420389301e-03 
2016   5   4  12   0   0  4.8432478913173994e-03 
2016   5   4  12  30   0  4.9073927514215838e-03 
2016   5   4  13   0   0  4.8042095366153184e-03 
2016   5   4  13  30   0  4.7052589858862983e-03 
2016   5   4  14   0   0  4.6890311674182327e-03 
2016   5   4  14  30   0  4.5048154238352079e-03 
2016   5   4  15   0   0  4.4659132766255733e-03 
2016   5   4  15  30   0  5.3015614137495864e-03 
2016   5   4  16   0   0  5.3152496604458336e-03 
2016   5   4  16  30   0  5.3240521218090664e-03 
2016   5   4  17   0   0  5.3347445007656050e-03 
2016   5   4  17  30   0  5.3427370191953269e-03 
2016   5   4  18   0   0  5.3511583994111647e-03 
2016   5   4  18  30   0  5.3509981443605808e-03 
2016   5   4  19   0   0  5.3577358921047657e-03 
2016   5   4  19  30   0  5.3654000409291414e-03 
2016   5   4  20   0   0  5.3722687287089529e-03 
2016   5   4  20  30   0  5.3772346542581744e-03 
2016   5   4  21   0   0  5.3613990433726798e-03 
2016   5   4  21  30   0  5.3481787377400950e-03 
2016   5   4  22   0   0  5.3397083613574339e-03 
2016   5   4  22  30   0  5.3217869630880488e-03 
2016   5   4  23   0   0  5.3064713345212190e-03 
2016   5   4  23  30   0  5.2912188176171193e-03 
2016   5   5   0   0   0  3.3292888177743297e-03 
2016   5   5   0  30   0  3.3302744839212649e-03 
2016   5   5   1   0   0  3.3298973950530680e-03 
2016   5   5   1  30   0  3.3302491171957054e-03 
2016   5   5   2   0   0  3.3312562232115320e-03 
2016   5   5   2  30   0  3.3310264057937844e-03 
2016   5   5   3   0   0  3.3290886748186740e-03 
2016   5   5   3  30   0  3.3300267182700136e-03 
2016   5   5   4   0   0  3.3281795056386140e-03 
2016   5   5   4  30   0  3.3310092443106631e-03 
2016   5   5   5   0   0  3.3327182783366746e-03 
2016   5   5   5  30   0  3.3356792020028773e-03 
2016   5   5   6   0   0  3.3398412739252246e-03 
2016   5   5   6  30   0  3.3397644856732489e-03 
2016   5   5   7   0   0  3.3477889049401749e-03 
2016   5   5   7  30   0  3.3519405479709922e-03 
2016   5   5   8   0   0  3.3531378639397608e-03 
2016   5   5   8  30   0  3.3531251246169732e-03 
2016   5   5   9   0   0  3.3507208214393776e-03 
2016   5   5   9  30   0  3.3459958908109862e-03 
2016   5   5  10   0   0  3.3469508743140192e-03 
2016   5   5  10  30   0  3.3387668773816994e-03 
2016   5   5  11   0   0  3.3361334281574772e-03 
2016   5   5  11  30   0  3.3318714566109658e-03 
2016   5   5  12   0   0  3.3297009053915336e-03 
2016   5   5  12  30   0  3.3280408049421498e-03 
2016   5   5  13   0   0  3.3245401255376644e-03 
2016   5   5  13  30   0  3.3205120257298664e-03 
2016   5   5  14   0   0  3.3206509587901528e-03 
2016   5   5  14  30   0  3.3201272807092544e-03 
2016   5   5  15   0   0  3.3193928146142341e-03 
2016   5   5  15  30   0  3.3187391295427270e-03 
2016   5   5  16   0   0  3.3221430131682105e-03 
2016   5   5  16  30   0  3.3237151501768120e-03 
2016   5   5  17   0   0  3.3244290722694099e-03 
2016   5   5  17  30   0  3.3251434148473991e-03 
2016   5   5  18   0   0  3.3285683122949951e-03 
2016   5   5  18  30   0  3.3369193433243310e-03 
2016   5   5  19   0   0  3.3332393826076305e-03 
2016   5   5  19  30   0  3.3323768080533813e-03 
2016   5   5  20   0   0  3.3276446742174070e-03 
2016   5   5  20  30   0  3.3258880216722494e-03 
2016   5   5  21   0   0  3.3257156324880219e-03 
2016   5   5  21  30   0  3.3279096089897523e-03 
2016   5   5  22   0   0  3.3284910822704377e-03 
2016   5   5  22  30   0  3.3273923704825021e-03 
2016   5   5  23   0   0  3.3260545124002327e-03 
2016   5   5  23  30   0  3.3277199926385953e-03 
2016   5   6   0   0   0  3.3685258007209321e-03 
2016   5   6   0  30   0  3.3289100511289232e-03 
2016   5   6   1   0   0  3.3292613829650590e-03 
2016   5   6   1  30   0  3.3292578271807210e-03 
2016   5   6   2   0   0  3.3261568743145212e-03 
2016   5   6   2  30   0  3.3279309893151049e-03 
2016   5   6   3   0   0  3.3294041991110764e-03 
2016   5   6   3  30   0  3.3287141606972836e-03 
2016   5   6   4   0   0  3.3259082819370139e-03 
2016   5   6   4  30   0  3.3223462864629769e-03 
2016   5   6   5   0   0  3.3216675194598674e-03 
2016   5   6   5  30   0  3.3198313044673976e-03 
2016   5   6   6   0   0  3.3207831529426884e-03 
2016   5   6   6  30   0  3.3222313051217349e-03 
2016   5   6   7   0   0  3.3222740650296107e-03 
2016   5   6   7  30   0  3.3238836843921473e-03 
2016   5   6   8   0   0  3.3278423313312117e-03 
2016   5   6   8  30   0  3.3267213985458130e-03 
2016   5   6   9   0   0  3.3307734495586932e-03 
2016   5   6   9  30   0  3.3321520019597923e-03 
2016   5   6  10   0   0  3.3384504894444105e-03 
2016   5   6  10  30   0  3.3371440654644492e-03 
2016   5   6  11   0   0  3.3405154284590179e-03 
2016   5   6  11  30   0  3.5705783893227594e-03 
2016   5   6  12   0   0  3.6443158708538721e-03 
2016   5   6  12  30   0  3.5366522739048167e-03 
2016   5   6  13   0   0  3.6225449125649742e-03 
2016   5   6  13  30   0  3.9992756412402571e-03 
2016   5   6  14   0   0  4.1035890328290541e-03 
2016   5   6  14  30   0  4.4046521846049383e-03 
2016   5   6  15   0   0  4.2737163473599788e-03 
2016   5   6  15  30   0  4.7151125354731637e-03 
2016   5   6  16   0   0  5.0618764121619511e-03 
2016   5   6  16  30   0  4.9642242121518887e-03 
2016   5   6  17   0   0  4.9060834222970414e-03 
2016   5   6  17  30   0  4.9356092589014546e-03 
2016   5   6  18   0   0  4.6406380795176606e-03 
2016   5   6  18  30   0  4.5778703872716535e-03 
2016   5   6  19   0   0  4.5583419408544140e-03 
2016   5   6  19  30   0  4.5687943839533502e-03 
2016   5   6  20   0   0  5.9621123217929815e-03 
2016   5   6  20  30   0  5.3503867970082523e-03 
2016   5   6  21   0   0  4.8367066106783834e-03 
2016   5   6  21  30   0  4.8101169155805512e-03 
2016   5   6  22   0   0  4.5837282969108046e-03 
2016   5   6  22  30   0  4.4124205312109990e-03 
2016   5   6  23   0   0  4.3489349285764766e-03 
2016   5   6  23  30   0  4.4186063779138767e-03 
2016   5   7   0   0   0  5.9324171847307998e-03 
2016   5   7   0  30   0  5.9269884555023331e-03 
2016   5   7   1   0   0  6.0143242515067977e-03 
2016   5   7   1  30   0  6.4645866721341795e-03 
2016   5   7   2   0   0  6.1542636599676084e-03 
2016   5   7   2  30   0  6.0899893589685854e-03 
2016   5   7   3   0   0  5.7162714598302591e-03 
2016   5   7   3  30   0  6.1460454184017396e-03 
2016   5   7   4   0   0  6.3322030926247818e-03 
2016   5   7   4  30   0  6.2515087171228865e-03 
2016   5   7   5   0   0  6.3667606989058654e-03 
2016   5   7   5  30   0  6.3682913397548058e-03 
2016   5   7   6   0   0  6.7151155249913861e-03 
2016   5   7   6  30   0  5.7410800600530970e-03 
2016   5   7   7   0   0  5.7419236910702777e-03 
2016   5   7   7  30   0  5.9078232178526270e-03 
2016   5   7   8   0   0  5.7874509542269088e-03 
2016   5   7   8  30   0  6.0097187694251354e-03 
2016   5   7   9   0   0  5.5302717523283409e-03 
2016   5   7   9  30   0  5.0892652374842518e-03 
2016   5   7  10   0   0  5.2187918663236131e-03 
2016   5   7  10  30   0  4.9162166699479671e-03 
2016   5   7  11   0   0  4.6653617058889435e-03 
2016   5   7  11  30   0  4.4971011840954566e-03 
2016   5   7  12   0   0  4.1625288327265678e-03 
2016   5   7  12  30   0  4.2109661492899589e-03 
2016   5   7  13   0   0  4.8517075801375962e-03 
2016   5   7  13  30   0  6.0271616328801724e-03 
2016   5   7  14   0   0  5.4962474290440487e-03 
2016   5   7  14  30   0  5.5623064641729279e-03 
2016   5   7  15   0   0  4.8846835336845192e-03 
2016   5   7  15  30   0  4.9088959977572257e-03 
2016   5   7  16   0   0  5.5508880893371552e-03 
2016   5   7  16  30   0  6.2027700475342038e-03 
2016   5   7  17   0   0  6.2415785680932541e-03 
2016   5   7  17  30   0  6.7294390290503943e-03 
2016   5   7  18   0   0  6.6840342161813195e-03 
2016   5   7  18  30   0  6.9718747037771332e-03 
2016   5   7  19   0   0  7.6474681777739780e-03 
2016   5   7  19  30   0  6.9368284823947829e-03 
2016   5   7  20   0   0  6.4108749460728698e-03 
2016   5   7  20  30   0  6.0339568815385471e-03 
2016   5   7  21   0   0  5.8705473598137181e-03 
2016   5   7  21  30   0  6.0423543642231297e-03 
2016   5   7  22   0   0  6.1329088211604420e-03 
2016   5   7  22  30   0  6.1414271029729094e-03 
2016   5   7  23   0   0  6.5177859577695433e-03 
2016   5   7  23  30   0  6.5510984659093328e-03 
2016   5   8   0   0   0  6.6967839608319075e-03 
2016   5   8   0  30   0  6.8686281883900734e-03 
2016   5   8   1   0   0  7.0650267464979271e-03 
2016   5   8   1  30   0  6.8819557423877888e-03 
2016   5   8   2   0   0  7.3983878361253454e-03 
2016   5   8   2  30   0  7.6134863366148307e-03 
2016   5   8   3   0   0  7.8335593537101015e-03 
2016   5   8   3  30   0  7.7717773729334347e-03 
2016   5   8   4   0   0  7.8146100524012756e-03 
2016   5   8   4  30   0  8.1126262061582844e-03 
2016   5   8   5   0   0  8.4324392975722480e-03 
2016   5   8   5  30   0  8.8593947871813353e-03 
2016   5   8   6   0   0  8.3973600571548117e-03 
2016   5   8   6  30   0  7.7060623733805336e-03 
2016   5   8   7   0   0  7.7441261961536086e-03 
2016   5   8   7  30   0  7.7357641493111234e-03 
2016   5   8   8   0   0  7.8616838221000629e-03 
2016   5   8   8  30   0  7.8904080005740024e-03 
2016   5   8   9   0   0  7.9152267046470014e-03 
2016   5   8   9  30   0  8.0136130339487910e-03 
2016   5   8  10   0   0  8.2454571982259767e-03 
2016   5   8  10  30   0  8.4928202081066967e-03 
2016   5   8  11   0   0  8.8929146043050210e-03 
2016   5   8  11  30   0  8.2649974280924032e-03 
2016   5   8  12   0   0  7.9531316821806509e-03 
2016   5   8  12  30   0  7.6166547947532576e-03 
2016   5   8  13   0   0  7.8716955500228065e-03 
2016   5   8  13  30   0  7.8843554475604306e-03 
2016   5   8  14   0   0  7.3770849050010410e-03 
2016   5   8  14  30   0  7.3855393822155613e-03 
2016   5   8  15   0   0  7.1451650755637612e-03 
2016   5   8  15  30   0  7.0130802345418882e-03 
2016   5   8  16   0   0  7.0593850053000456e-03 
2016   5   8  16  30   0  7.0029067434229670e-03 
2016   5   8  17   0   0  7.1447295839118727e-03 
2016   5   8  17  30   0  7.3117586888764722e-03 
2016   5   8  18   0   0  7.6393945009811904e-03 
2016   5   8  18  30   0  1.0550302912808724e-02 
2016   5   8  19   0   0  1.0386640306176300e-02 
2016   5   8  19  30   0  8.3335590723607588e-03 
2016   5   8  20   0   0  7.9903735908053823e-03 
2016   5   8  20  30   0  7.9284631653148644e-03 
2016   5   8  21   0   0  8.5529394328087965e-03 
2016   5   8  21  30   0  7.9828239281620004e-03 
2016   5   8  22   0   0  7.6155125647264007e-03 
2016   5   8  22  30   0  7.5597938338364768e-03 
2016   5   8  23   0   0  7.5482377463292928e-03 
2016   5   8  23  30   0  7.4951359838740048e-03 
2016   5   9   0   0   0  6.1402132379871615e-03 
2016   5   9   0  30   0  6.0828043044185839e-03 
2016   5   9   1   0   0  6.2518873589214258e-03 
2016   5   9   1  30   0  6.4253154848540137e-03 
2016   5   9   2   0   0  6.4594698302922783e-03 
2016   5   9   2  30   0  6.2277434926915134e-03 
2016   5   9   3   0   0  6.4009511928428851e-03 
2016   5   9   3  30   0  6.2478458189296317e-03 
2016   5   9   4   0   0  6.1668930266919617e-03 
2016   5   9   4  30   0  5.9805688697754569e-03 
2016   5   9   5   0   0  5.8015880389539658e-03 
2016   5   9   5  30   0  5.7556502729033633e-03 
2016   5   9   6   0   0  5.8013681837947194e-03 
2016   5   9   6  30   0  5.8313588241846893e-03 
2016   5   9   7   0   0  5.8053958409969427e-03 
2016   5   9   7  30   0  6.3092553641794580e-03 
2016   5   9   8   0   0  6.8459994061760990e-03 
2016   5   9   8  30   0  6.6449794075011158e-03 
2016   5   9   9   0   0  6.9102438017389000e-03 
2016   5   9   9  30   0  6.9184317156992768e-03 
2016   5   9  10   0   0  7.1633758200626545e-03 
2016   5   9  10  30   0  7.4090231690204719e-03 
2016   5   9  11   0   0  7.5763393740970585e-03 
2016   5   9  11  30   0  7.8243653515867977e-03 
2016   5   9  12   0   0  7.9741237133413058e-03 
2016   5   9  12  30   0  8.0567717602529135e-03 
2016   5   9  13   0   0  8.3547168227573951e-03 
2016   5   9  13  30   0  8.3440912683106893e-03 
2016   5   9  14   0   0  7.9763453734071933e-03 
2016   5   9  14  30   0  7.5708821255899578e-03 
2016   5   9  15   0   0  7.5626128449862370e-03 
2016   5   9  15  30   0  7.7139618980835659e-03 
2016   5   9  16   0   0  7.4975566258286769e-03 
2016   5   9  16  30   0  7.5577238474702994e-03 
2016   5   9  17   0   0  7.8121344404208821e-03 
2016   5   9  17  30   0  8.0534638542065131e-03 
2016   5   9  18   0   0  7.8752479116056574e-03 
2016   5   9  18  30   0  7.7812888487568347e-03 
2016   5   9  19   0   0  7.3604748898941953e-03 
2016   5   9  19  30   0  6.9871124754684773e-03 
2016   5   9  20   0   0  6.9138005044742283e-03 
2016   5   9  20  30   0  6.9439511052808208e-03 
2016   5   9  21   0   0  6.9199216538250244e-03 
2016   5   9  21  30   0  6.9853526019674414e-03 
2016   5   9  22   0   0  6.9408680332390697e-03 
2016   5   9  22  30   0  6.8945944640178740e-03 
2016   5   9  23   0   0  6.8081783554732531e-03 
2016   5   9  23  30   0  6.5672396191862620e-03 
2016   5  10   0   0   0  7.6530591420200991e-03 
2016   5  10   0  30   0  7.4631653551675029e-03 
2016   5  10   1   0   0  7.0023330346713989e-03 
2016   5  10   1  30   0  6.7635685266275742e-03 
2016   5  10   2   0   0  6.6553583269892119e-03 
2016   5  10   2  30   0  7.2483137151984709e-03 
2016   5  10   3   0   0  7.0513820721511784e-03 
2016   5  10   3  30   0  7.3390394830930043e-03 
2016   5  10   4   0   0  9.3804508710603283e-03 
2016   5  10   4  30   0  9.0715351649235994e-03 
2016   5  10   5   0   0  9.8145530434614759e-03 
2016   5  10   5  30   0  8.4078291355422097e-03 
2016   5  10   6   0   0  7.6677522935558106e-03 
2016   5  10   6  30   0  7.8726192098754963e-03 
2016   5  10   7   0   0  8.0606496328596653e-03 
2016   5  10   7  30   0  6.9498873355249707e-03 
2016   5  10   8   0   0  7.8473675860344701e-03 
2016   5  10   8  30   0  8.0487830715441373e-03 
2016   5  10   9   0   0  8.2166617655116802e-03 
2016   5  10   9  30   0  8.3846248845449861e-03 
2016   5  10  10   0   0  8.2524725949690778e-03 
2016   5  10  10  30   0  8.8238757889266307e-03 
2016   5  10  11   0   0  9.3116714516204568e-03 
2016   5  10  11  30   0  9.2595242439780772e-03 
2016   5  10  12   0   0  9.3694280152556604e-03 
2016   5  10  12  30   0  9.7541565016726738e-03 
2016   5  10  13   0   0  9.4979138132521602e-03 
2016   5  10  13  30   0  9.3926419390504209e-03 
2016   5  10  14   0   0  9.0877148043308834e-03 
2016   5  10  14  30   0  8.9036137348349267e-03 
2016   5  10  15   0   0  1.0094743374578458e-02 
2016   5  10  15  30   0  1.0534697298269249e-02 
2016   5  10  16   0   0  1.0015637230561520e-02 
2016   5  10  16  30   0  8.1317454405173458e-03 
2016   5  10  17   0   0  8.2883094772687009e-03 
2016   5  10  17  30   0  9.5006922252240007e-03 
2016   5  10  18   0   0  8.5993637354526784e-03 
2016   5  10  18  30   0  7.0786717743152351e-03 
2016   5  10  19   0   0  5.5824745593253929e-03 
2016   5  10  19  30   0  5.3128626529728423e-03 
2016   5  10  20   0   0  5.1919757340391165e-03 
2016   5  10  20  30   0  4.9802037192976812e-03 
2016   5  10  21   0   0  3.6116264291148922e-03 
2016   5  10  21  30   0  3.1835636955749994e-03 
2016   5  10  22   0   0  3.2188929888988002e-03 
2016   5  10  22  30   0  3.1292852322160839e-03 
2016   5  10  23   0   0  2.8695054577516747e-03 
2016   5  10  23  30   0  2.6420254564535040e-03 
2016   5  11   0   0   0  2.3598647604886930e-03 
2016   5  11   0  30   0  2.2534518923164860e-03 
2016   5  11   1   0   0  2.3807013960921949e-03 
2016   5  11   1  30   0  2.5607793198261074e-03 
2016   5  11   2   0   0  2.5975850489565562e-03 
2016   5  11   2  30   0  3.0845882403655314e-03 
2016   5  11   3   0   0  3.6684416550844946e-03 
2016   5  11   3  30   0  4.2182275444850167e-03 
2016   5  11   4   0   0  4.5872213882941736e-03 
2016   5  11   4  30   0  4.8880042000706671e-03 
2016   5  11   5   0   0  5.3628527127483096e-03 
2016   5  11   5  30   0  5.6761482251382377e-03 
2016   5  11   6   0   0  5.8166197126835748e-03 
2016   5  11   6  30   0  5.4212840328378411e-03 
2016   5  11   7   0   0  5.2449266669365576e-03 
2016   5  11   7  30   0  4.6821050090469010e-03 
2016   5  11   8   0   0  4.4610590686981911e-03 
2016   5  11   8  30   0  4.1887736063242744e-03 
2016   5  11   9   0   0  3.8903112789593808e-03 
2016   5  11   9  30   0  3.2061184315330341e-03 
2016   5  11  10   0   0  3.3845695160849521e-03 
2016   5  11  10  30   0  2.5322200458677726e-03 
2016   5  11  11   0   0  2.3733484255515662e-03 
2016   5  11  11  30   0  2.3996714204783907e-03 
2016   5  11  12   0   0  2.3287731592140210e-03 
2016   5  11  12  30   0  2.4573696039290388e-03 
2016   5  11  13   0   0  2.1257039168622424e-03 
2016   5  11  13  30   0  2.5032875824325344e-03 
2016   5  11  14   0   0  2.0337334096255689e-03 
2016   5  11  14  30   0  2.3794552039101977e-03 
2016   5  11  15   0   0  2.1101324262937419e-03 
2016   5  11  15  30   0  2.6073385158456039e-03 
2016   5  11  16   0   0  2.6580530599013921e-03 
2016   5  11  16  30   0  2.6062476567151691e-03 
2016   5  11  17   0   0  2.5816315809581254e-03 
2016   5  11  17  30   0  2.6862036632780868e-03 
2016   5  11  18   0   0  2.6516174175565586e-03 
2016   5  11  18  30   0  2.5888093725166261e-03 
2016   5  11  19   0   0  2.5693287719814242e-03 
2016   5  11  19  30   0  2.6223372997639695e-03 
2016   5  11  20   0   0  2.6062322645234903e-03 
2016   5  11  20  30   0  2.6633127181549289e-03 
2016   5  11  21   0   0  2.6218002143398008e-03 
2016   5  11  21  30   0  2.6517225110071554e-03 
2016   5  11  22   0   0  2.6054516443531016e-03 
2016   5  11  22  30   0  2.7686360665709299e-03 
2016   5  11  23   0   0  2.8143813042737667e-03 
2016   5  11  23  30   0  2.8776966596124587e-03 
2016   5  12   0   0   0  4.4476366534075013e-03 
2016   5  12   0  30   0  6.5697648515522815e-03 
2016   5  12   1   0   0  1.3742000226077159e-02 
2016   5  12   1  30   0  2.7609608915390108e-02 
2016   5  12   2   0   0  2.9662329585630774e-02 
2016   5  12   2  30   0  1.6026155641708915e-02 
2016   5  12   3   0   0  9.3000471191661722e-03 
2016   5  12   3  30   0  8.9842424744590293e-03 
2016   5  12   4   0   0  8.9545122761565260e-03 
2016   5  12   4  30   0  6.0525058787708049e-03 
2016   5  12   5   0   0  5.0948866754234740e-03 
2016   5  12   5  30   0  5.8766248124367884e-03 
2016   5  12   6   0   0  7.4767266709244691e-03 
2016   5  12   6  30   0  6.3360423695328341e-03 
2016   5  12   7   0   0  4.2585416405979742e-03 
2016   5  12   7  30   0  3.3320286607248111e-03 
2016   5  12   8   0   0  3.2262083383664758e-03 
2016   5  12   8  30   0  3.2076948061542944e-03 
2016   5  12   9   0   0  3.4612120036395292e-03 
2016   5  12   9  30   0  3.7843206941424847e-03 
2016   5  12  10   0   0  3.7903234249916720e-03 
2016   5  12  10  30   0  3.8529927568322969e-03 
2016   5  12  11   0   0  4.0726944261339987e-03 
2016   5  12  11  30   0  4.1605552172151068e-03 
2016   5  12  12   0   0  4.2866447672274847e-03 
2016   5  12  12  30   0  4.4760381474426908e-03 
2016   5  12  13   0   0  4.6472180151124797e-03 
2016   5  12  13  30   0  4.7974496471155977e-03 
2016   5  12  14   0   0  4.8280621755465505e-03 
2016   5  12  14  30   0  4.9885106644801712e-03 
2016   5  12  15   0   0  5.2699484156382226e-03 
2016   5  12  15  30   0  5.2336116987783243e-03 
2016   5  12  16   0   0  5.6630587108266132e-03 
2016   5  12  16  30   0  5.5024010677248471e-03 
2016   5  12  17   0   0  5.2363584876818758e-03 
2016   5  12  17  30   0  4.8972766847900527e-03 
2016   5  12  18   0   0  4.7796858942351864e-03 
2016   5  12  18  30   0  4.7870469388518015e-03 
2016   5  12  19   0   0  4.6679755487318182e-03 
2016   5  12  19  30   0  4.7206391928962359e-03 
2016   5  12  20   0   0  5.4559171495150230e-03 
2016   5  12  20  30   0  5.0310472909624870e-03 
2016   5  12  21   0   0  5.0724933915139792e-03 
2016   5  12  21  30   0  5.0322989874558707e-03 
2016   5  12  22   0   0  5.2054702427739314e-03 
2016   5  12  22  30   0  4.9457319447786469e-03 
2016   5  12  23   0   0  4.5357215670672199e-03 
2016   5  12  23  30   0  4.5871799029763485e-03 
2016   5  13   0   0   0  4.3574084622613439e-03 
2016   5  13   0  30   0  4.4022033758627510e-03 
2016   5  13   1   0   0  4.2104922353197564e-03 
2016   5  13   1  30   0  3.9096134015315209e-03 
2016   5  13   2   0   0  3.5770284966806383e-03 
2016   5  13   2  30   0  3.3493906105389877e-03 
2016   5  13   3   0   0  3.3467666668978925e-03 
2016   5  13   3  30   0  3.5788611522532435e-03 
2016   5  13   4   0   0  3.7413285467728713e-03 
2016   5  13   4  30   0  3.7740436182749785e-03 
2016   5  13   5   0   0  3.9324585537382573e-03 
2016   5  13   5  30   0  4.1291353383794555e-03 
2016   5  13   6   0   0  4.5084635674440023e-03 
2016   5  13   6  30   0  4.7692266794644141e-03 
2016   5  13   7   0   0  4.9392805911110177e-03 
2016   5  13   7  30   0  4.7526468263962432e-03 
2016   5  13   8   0   0  4.6738139095425383e-03 
2016   5  13   8  30   0  4.6278222362643529e-03 
2016   5  13   9   0   0  4.7417596399877545e-03 
2016   5  13   9  30   0  4.7493279687188293e-03 
2016   5  13  10   0   0  4.3938988296518336e-03 
2016   5  13  10  30   0  4.0338520049030407e-03 
2016   5  13  11   0   0  4.1779281808188365e-03 
2016   5  13  11  30   0  4.6287605091330586e-03 
2016   5  13  12   0   0  4.8131202533709342e-03 
2016   5  13  12  30   0  4.7331371087469733e-03 
2016   5  13  13   0   0  4.7664061603131958e-03 
2016   5  13  13  30   0  4.7874926662871695e-03 
2016   5  13  14   0   0  4.7951187976955374e-03 
2016   5  13  14  30   0  4.8235586588239905e-03 
2016   5  13  15   0   0  5.0616383707996013e-03 
2016   5  13  15  30   0  5.3306400933666384e-03 
2016   5  13  16   0   0  5.4783591052062408e-03 
2016   5  13  16  30   0  5.5391507083999165e-03 
2016   5  13  17   0   0  5.6688654848708617e-03 
2016   5  13  17  30   0  5.7895093945815376e-03 
2016   5  13  18   0   0  5.8448797380046659e-03 
2016   5  13  18  30   0  5.7717803040930014e-03 
2016   5  13  19   0   0  5.7137901159603236e-03 
2016   5  13  19  30   0  4.9194014364208711e-03 
2016   5  13  20   0   0  4.3743287725199233e-03 
2016   5  13  20  30   0  4.5148901369055318e-03 
2016   5  13  21   0   0  6.6318757293363636e-03 
2016   5  13  21  30   0  9.0431799237083599e-03 
2016   5  13  22   0   0  7.2511208427579014e-03 
2016   5  13  22  30   0  5.0707895839962993e-03 
2016   5  13  23   0   0  4.7744344081524703e-03 
2016   5  13  23  30   0  1.4535905056385315e-02 
2016   5  14   0   0   0  9.6991746714924325e-03 
2016   5  14   0  30   0  7.4129811525944916e-03 
2016   5  14   1   0   0  5.7230631581511220e-03 
2016   5  14   1  30   0  5.6893655059230622e-03 
2016   5  14   2   0   0  5.6504154625090846e-03 
2016   5  14   2  30   0  2.4861592392805342e-02 
2016   5  14   3   0   0  2.1834170587073678e-02 
2016   5  14   3  30   0  1.2615722594772680e-02 
2016   5  14   4   0   0  1.1776527458505617e-02 
2016   5  14   4  30   0  1.1875788193065747e-02 
2016   5  14   5   0   0  1.3445914961482818e-02 
2016   5  14   5  30   0  2.4946168809386569e-02 
2016   5  14   6   0   0  1.1368999171631746e-02 
2016   5  14   6  30   0  6.4254253141586238e-03 
2016   5  14   7   0   0  6.4564929568329734e-03 
2016   5  14   7  30   0  6.6496261650409172e-03 
2016   5  14   8   0   0  6.7200985884737037e-03 
2016   5  14   8  30   0  6.5869031956091615e-03 
2016   5  14   9   0   0  6.7785287034097998e-03 
2016   5  14   9  30   0  6.9315431812286572e-03 
2016   5  14  10   0   0  7.0200567635661203e-03 
2016   5  14  10  30   0  6.6500134634414603e-03 
2016   5  14  11   0   0  6.2440033609600680e-03 
2016   5  14  11  30   0  6.0204530350500907e-03 
2016   5  14  12   0   0  5.9065704962827752e-03 
2016   5  14  12  30   0  6.1933620465770582e-03 
2016   5  14  13   0   0  6.2942773880793326e-03 
2016   5  14  13  30   0  5.5500531093939584e-03 
2016   5  14  14   0   0  6.6478892292075476e-03 
2016   5  14  14  30   0  8.1555037189886964e-03 
2016   5  14  15   0   0  9.6325798868086253e-03 
2016   5  14  15  30   0  9.0639539899444697e-03 
2016   5  14  16   0   0  8.7571058169895379e-03 
2016   5  14  16  30   0  9.0778516541717060e-03 
2016   5  14  17   0   0  8.4000694573451804e-03 
2016   5  14  17  30   0  9.3343978841225039e-03 
2016   5  14  18   0   0  1.0632854371202146e-02 
2016   5  14  18  30   0  1.0665042023307604e-02 
2016   5  14  19   0   0  9.7543251048996318e-03 
2016   5  14  19  30   0  9.2279822071288150e-03 
2016   5  14  20   0   0  9.1183277879519683e-03 
2016   5  14  20  30   0  9.2919520011590772e-03 
2016   5  14  21   0   0  9.6741067051280445e-03 
2016   5  14  21  30   0  1.0359203349180536e-02 
2016   5  14  22   0   0  1.0456928775728363e-02 
2016   5  14  22  30   0  1.0621741855219205e-02 
2016   5  14  23   0   0  1.1241241375857183e-02 
2016   5  14  23  30   0  1.1995381047813990e-02 
2016   5  15   0   0   0  1.4628821312120281e-02 
2016   5  15   0  30   0  1.4508195478609265e-02 
2016   5  15   1   0   0  1.4925678136460488e-02 
2016   5  15   1  30   0  1.4945073748362197e-02 
2016   5  15   2   0   0  1.5348422697052709e-02 
2016   5  15   2  30   0  1.4770532224970599e-02 
2016   5  15   3   0   0  1.4649788916349243e-02 
2016   5  15   3  30   0  1.4351805863422910e-02 
2016   5  15   4   0   0  1.3846766808686574e-02 
2016   5  15   4  30   0  1.3081939944114327e-02 
2016   5  15   5   0   0  1.2279728724507454e-02 
2016   5  15   5  30   0  1.1665270725191870e-02 
2016   5  15   6   0   0  1.0953639543443810e-02 
2016   5  15   6  30   0  1.0210711251189171e-02 
2016   5  15   7   0   0  9.4545196129704346e-03 
2016   5  15   7  30   0  8.4543394569178160e-03 
2016   5  15   8   0   0  8.0233450996171855e-03 
2016   5  15   8  30   0  7.5949266637425671e-03 
2016   5  15   9   0   0  7.3820544131696581e-03 
2016   5  15   9  30   0  7.0179051434920581e-03 
2016   5  15  10   0   0  7.2326086530838298e-03 
2016   5  15  10  30   0  7.2855510416000016e-03 
2016   5  15  11   0   0  7.8746853967007393e-03 
2016   5  15  11  30   0  1.2380408670856193e-02 
2016   5  15  12   0   0  1.6671882057931752e-02 
2016   5  15  12  30   0  1.7158895542431274e-02 
2016   5  15  13   0   0  1.7669968923710210e-02 
2016   5  15  13  30   0  1.8203979461386029e-02 
2016   5  15  14   0   0  1.8377593012067900e-02 
2016   5  15  14  30   0  1.7381210835838549e-02 
2016   5  15  15   0   0  1.6705006191396501e-02 
2016   5  15  15  30   0  1.6162589435753567e-02 
2016   5  15  16   0   0  1.5088054654436316e-02 
2016   5  15  16  30   0  1.5376583303339854e-02 
2016   5  15  17   0   0  1.6039269226506624e-02 
2016   5  15  17  30   0  1.6548200890629524e-02 
2016   5  15  18   0   0  1.7132735763779178e-02 
2016   5  15  18  30   0  1.7189385710286924e-02 
2016   5  15  19   0   0  1.7271869999345556e-02 
2016   5  15  19  30   0  1.7421471765017231e-02 
2016   5  15  20   0   0  1.7485839077277646e-02 
2016   5  15  20  30   0  1.7781822439854263e-02 
2016   5  15  21   0   0  1.7872037021516660e-02 
2016   5  15  21  30   0  1.7161900476758033e-02 
2016   5  15  22   0   0  1.6768015003311914e-02 
2016   5  15  22  30   0  1.6806867508276771e-02 
2016   5  15  23   0   0  1.6538242600980718e-02 
2016   5  15  23  30   0  1.6455099553645647e-02 
2016   5  16   0   0   0  1.1460252368729579e-02 
2016   5  16   0  30   0  1.1098696568260551e-02 
2016   5  16   1   0   0  1.1003049166399674e-02 
2016   5  16   1  30   0  1.1011698731071407e-02 
2016   5  16   2   0   0  1.1056854902713849e-02 
2016   5  16   2  30   0  1.1105406058951954e-02 
2016   5  16   3   0   0  1.1263763656057923e-02 
2016   5  16   3  30   0  1.1298212702889368e-02 
2016   5  16   4   0   0  1.1393652415438642e-02 
2016   5  16   4  30   0  1.1602752686019792e-02 
2016   5  16   5   0   0  1.1982509575989106e-02 
2016   5  16   5  30   0  1.2399138825105857e-02 
2016   5  16   6   0   0  1.2663203512816265e-02 
2016   5  16   6  30   0  1.3016895974867729e-02 
2016   5  16   7   0   0  1.3213846846348121e-02 
2016   5  16   7  30   0  1.3216126275275034e-02 
2016   5  16   8   0   0  1.3208629863424389e-02 
2016   5  16   8  30   0  1.3190981616628775e-02 
2016   5  16   9   0   0  1.3376167951723490e-02 
2016   5  16   9  30   0  1.3375468114975064e-02 
2016   5  16  10   0   0  1.2665816066963100e-02 
2016   5  16  10  30   0  1.1549188883946291e-02 
2016   5  16  11   0   0  1.1034140246831206e-02 
2016   5  16  11  30   0  1.0785554893983865e-02 
2016   5  16  12   0   0  9.1559305250635999e-03 
2016   5  16  12  30   0  9.3948113900368026e-03 
2016   5  16  13   0   0  7.6800906512663990e-03 
2016   5  16  13  30   0  9.0513231256216121e-03 
2016   5  16  14   0   0  8.5061772365114391e-03 
2016   5  16  14  30   0  8.5677316550468226e-03 
2016   5  16  15   0   0  9.0351318976827060e-03 
2016   5  16  15  30   0  9.0893060517432418e-03 
2016   5  16  16   0   0  8.5470200528435687e-03 
2016   5  16  16  30   0  2.5786848998359999e-03 
2016   5  16  17   0   0  1.5624506771246443e-03 
2016   5  16  17  30   0  1.9312670091741642e-03 
2016   5  16  18   0   0  2.5249333653310831e-03 
2016   5  16  18  30   0  3.0563702810281002e-03 
2016   5  16  19   0   0  3.2794417104520992e-03 
2016   5  16  19  30   0  3.4271895060250732e-03 
2016   5  16  20   0   0  4.0592472953986112e-03 
2016   5  16  20  30   0  3.8544219527057479e-03 
2016   5  16  21   0   0  4.2409837824795796e-03 
2016   5  16  21  30   0  4.7910798132730272e-03 
2016   5  16  22   0   0  5.1350185845809252e-03 
2016   5  16  22  30   0  5.3721827946336493e-03 
2016   5  16  23   0   0  5.7948308342895410e-03 
2016   5  16  23  30   0  5.4924411610108009e-03 
2016   5  17   0   0   0  5.7461934709318371e-03 
2016   5  17   0  30   0  5.8823609044663079e-03 
2016   5  17   1   0   0  5.5269779868753893e-03 
2016   5  17   1  30   0  5.4891547785549501e-03 
2016   5  17   2   0   0  5.9115679262403591e-03 
2016   5  17   2  30   0  6.0240407944210459e-03 
2016   5  17   3   0   0  6.2669450042175156e-03 
2016   5  17   3  30   0  6.8495899305945256e-03 
2016   5  17   4   0   0  7.1155258560200310e-03 
2016   5  17   4  30   0  7.0224361515289629e-03 
2016   5  17   5   0   0  6.8769470607756246e-03 
2016   5  17   5  30   0  6.9703118692665102e-03 
2016   5  17   6   0   0  7.2188403181659179e-03 
2016   5  17   6  30   0  6.9104507923529544e-03 
2016   5  17   7   0   0  6.9423652699372954e-03 
2016   5  17   7  30   0  7.3552819666951909e-03 
2016   5  17   8   0   0  7.5020104383346862e-03 
2016   5  17   8  30   0  5.9292265557006896e-03 
2016   5  17   9   0   0  5.7661736397323846e-03 
2016   5  17   9  30   0  4.8128966058196910e-03 
2016   5  17  10   0   0  4.6038642557646101e-03 
2016   5  17  10  30   0  4.2628480600084102e-03 
2016   5  17  11   0   0  4.1096683987602448e-03 
2016   5  17  11  30   0  4.0719681162034050e-03 
2016   5  17  12   0   0  4.0666081942341611e-03 
2016   5  17  12  30   0  4.0313502460314890e-03 
2016   5  17  13   0   0  3.7894583694850028e-03 
2016   5  17  13  30   0  3.4977931763782301e-03 
2016   5  17  14   0   0  3.4669631812497201e-03 
2016   5  17  14  30   0  3.2460654676141456e-03 
2016   5  17  15   0   0  2.8616600876182332e-03 
2016   5  17  15  30   0  2.6987520279922444e-03 
2016   5  17  16   0   0  2.3263808893021552e-03 
2016   5  17  16  30   0  2.6342101279267730e-03 
2016   5  17  17   0   0  2.3688353459509212e-03 
2016   5  17  17  30   0  2.3764373061198672e-03 
2016   5  17  18   0   0  2.1504108159933395e-03 
2016   5  17  18  30   0  2.0714732523053406e-03 
2016   5  17  19   0   0  2.4178522663440322e-03 
2016   5  17  19  30   0  2.4646315725794258e-03 
2016   5  17  20   0   0  2.0560133063540517e-03 
2016   5  17  20  30   0  2.1052921592004262e-03 
2016   5  17  21   0   0  2.0146549620885246e-03 
2016   5  17  21  30   0  2.1375041259893927e-03 
2016   5  17  22   0   0  2.4010156088871051e-03 
2016   5  17  22  30   0  2.5829534898505879e-03 
2016   5  17  23   0   0  2.9021735378693325e-03 
2016   5  17  23  30   0  3.3691202029888078e-03 
2016   5  18   0   0   0  5.0477804869750930e-03 
2016   5  18   0  30   0  4.9472855050960570e-03 
2016   5  18   1   0   0  4.4184490521496913e-03 
2016   5  18   1  30   0  4.2444835662050848e-03 
2016   5  18   2   0   0  4.5285029015514101e-03 
2016   5  18   2  30   0  5.1823925202978786e-03 
2016   5  18   3   0   0  6.0545276214503873e-03 
2016   5  18   3  30   0  6.7175200605597762e-03 
2016   5  18   4   0   0  7.2709765613054424e-03 
2016   5  18   4  30   0  7.5816686454397379e-03 
2016   5  18   5   0   0  7.6193515500160187e-03 
2016   5  18   5  30   0  7.3382410723769791e-03 
2016   5  18   6   0   0  7.0055677166597817e-03 
2016   5  18   6  30   0  6.0793991237200196e-03 
2016   5  18   7   0   0  5.1388686658903632e-03 
2016   5  18   7  30   0  4.6449594373200037e-03 
2016   5  18   8   0   0  4.2390912827599009e-03 
2016   5  18   8  30   0  4.3321243173324890e-03 
2016   5  18   9   0   0  4.1307587196772414e-03 
2016   5  18   9  30   0  4.0227263550795308e-03 
2016   5  18  10   0   0  3.5995712416841486e-03 
2016   5  18  10  30   0  3.9467896559135579e-03 
2016   5  18  11   0   0  4.5910937610713770e-03 
2016   5  18  11  30   0  4.9889667666780258e-03 
2016   5  18  12   0   0  4.7943510393999083e-03 
2016   5  18  12  30   0  5.0691705489182021e-03 
2016   5  18  13   0   0  5.2418916419820364e-03 
2016   5  18  13  30   0  5.2030401329268674e-03 
2016   5  18  14   0   0  4.8520895129975849e-03 
2016   5  18  14  30   0  4.8091224794765790e-03 
2016   5  18  15   0   0  4.5815292597079730e-03 
2016   5  18  15  30   0  4.7404879430167886e-03 
2016   5  18  16   0   0  4.9165946500784007e-03 
2016   5  18  16  30   0  5.0269455224571137e-03 
2016   5  18  17   0   0  4.9262980784102539e-03 
2016   5  18  17  30   0  4.8994037332368854e-03 
2016   5  18  18   0   0  4.8847908939259280e-03 
2016   5  18  18  30   0  4.9099390287350294e-03 
2016   5  18  19   0   0  4.7114095395308885e-03 
2016   5  18  19  30   0  4.6540672698270856e-03 
2016   5  18  20   0   0  4.8274749448824796e-03 
2016   5  18  20  30   0  4.9301061580346367e-03 
2016   5  18  21   0   0  4.9323591920691062e-03 
2016   5  18  21  30   0  4.7924478759729557e-03 
2016   5  18  22   0   0  4.6652627856568745e-03 
2016   5  18  22  30   0  4.6247756989048691e-03 
2016   5  18  23   0   0  4.7353227801271358e-03 
2016   5  18  23  30   0  4.6270535252484471e-03 
2016   5  19   0   0   0  4.3604778197203703e-03 
2016   5  19   0  30   0  4.3813925700819673e-03 
2016   5  19   1   0   0  4.6435685846273134e-03 
2016   5  19   1  30   0  4.7013011973370154e-03 
2016   5  19   2   0   0  5.0539495649951317e-03 
2016   5  19   2  30   0  5.2908776695243182e-03 
2016   5  19   3   0   0  5.4837235533467706e-03 
2016   5  19   3  30   0  5.5871381333214886e-03 
2016   5  19   4   0   0  5.8322374088276728e-03 
2016   5  19   4  30   0  5.9828111285232192e-03 
2016   5  19   5   0   0  5.4965407171685566e-03 
2016   5  19   5  30   0  5.3996027854086781e-03 
2016   5  19   6   0   0  5.3408189304360153e-03 
2016   5  19   6  30   0  5.4815374146472695e-03 
2016   5  19   7   0   0  5.5202217656277275e-03 
2016   5  19   7  30   0  5.6412542380733840e-03 
2016   5  19   8   0   0  5.6327223908823176e-03 
2016   5  19   8  30   0  5.4677813070240040e-03 
2016   5  19   9   0   0  5.2793601018728533e-03 
2016   5  19   9  30   0  5.0539146857821139e-03 
2016   5  19  10   0   0  5.5288555220315708e-03 
2016   5  19  10  30   0  6.1907185846684911e-03 
2016   5  19  11   0   0  6.3738537862164154e-03 
2016   5  19  11  30   0  6.0799460563986940e-03 
2016   5  19  12   0   0  5.3775899120990251e-03 
2016   5  19  12  30   0  5.3394451080291160e-03 
2016   5  19  13   0   0  5.1142155282746429e-03 
2016   5  19  13  30   0  5.2084381252215451e-03 
2016   5  19  14   0   0  5.1489809483413083e-03 
2016   5  19  14  30   0  5.1270050285412106e-03 
2016   5  19  15   0   0  5.2033271621281813e-03 
2016   5  19  15  30   0  5.3151629713441562e-03 
2016   5  19  16   0   0  5.4881925406482894e-03 
2016   5  19  16  30   0  5.5782027162667117e-03 
2016   5  19  17   0   0  5.6698262989462759e-03 
2016   5  19  17  30   0  5.6479505164198232e-03 
2016   5  19  18   0   0  5.4977844607655979e-03 
2016   5  19  18  30   0  5.4443332168756832e-03 
2016   5  19  19   0   0  5.5023444258852326e-03 
2016   5  19  19  30   0  5.4364593800199637e-03 
2016   5  19  20   0   0  5.4107743251096642e-03 
2016   5  19  20  30   0  5.3837352026783981e-03 
2016   5  19  21   0   0  5.4978040296936957e-03 
2016   5  19  21  30   0  5.9926221757178842e-03 
2016   5  19  22   0   0  6.3396316642842154e-03 
2016   5  19  22  30   0  5.8151754745259026e-03 
2016   5  19  23   0   0  5.6704178921084952e-03 
2016   5  19  23  30   0  5.5694944091099225e-03 
2016   5  20   0   0   0  4.8047283762401522e-03 
2016   5  20   0  30   0  4.8543931615559798e-03 
2016   5  20   1   0   0  4.8595308559789396e-03 
2016   5  20   1  30   0  4.7591283956503628e-03 
2016   5  20   2   0   0  4.6871341378535800e-03 
2016   5  20   2  30   0  4.7807442900055404e-03 
2016   5  20   3   0   0  5.1469242751265246e-03 
2016   5  20   3  30   0  5.5970435505763843e-03 
2016   5  20   4   0   0  5.8872981692226958e-03 
2016   5  20   4  30   0  6.1037156171249302e-03 
2016   5  20   5   0   0  6.1930022828182631e-03 
2016   5  20   5  30   0  6.3523116847688877e-03 
2016   5  20   6   0   0  6.7385230800213079e-03 
2016   5  20   6  30   0  6.7676559417005760e-03 
2016   5  20   7   0   0  7.0865191006988393e-03 
2016   5  20   7  30   0  6.5408070620996909e-03 
2016   5  20   8   0   0  6.0299629431897128e-03 
2016   5  20   8  30   0  5.9111635504075742e-03 
2016   5  20   9   0   0  5.3593159706250273e-03 
2016   5  20   9  30   0  5.4636797767486167e-03 
2016   5  20  10   0   0  5.6128413186467482e-03 
2016   5  20  10  30   0  6.2776749996106360e-03 
2016   5  20  11   0   0  6.6333962729364778e-03 
2016   5  20  11  30   0  6.4835497649250728e-03 
2016   5  20  12   0   0  6.5086444524757158e-03 
2016   5  20  12  30   0  6.4797329090863186e-03 
2016   5  20  13   0   0  6.5008031813471616e-03 
2016   5  20  13  30   0  6.9433230633159579e-03 
2016   5  20  14   0   0  6.4385682917930918e-03 
2016   5  20  14  30   0  5.9609564280917642e-03 
2016   5  20  15   0   0  5.9264110964409788e-03 
2016   5  20  15  30   0  5.8792062045485748e-03 
2016   5  20  16   0   0  5.4500138201194767e-03 
2016   5  20  16  30   0  5.4969804636378254e-03 
2016   5  20  17   0   0  5.5684529764326723e-03 
2016   5  20  17  30   0  5.7665325555501037e-03 
2016   5  20  18   0   0  5.5651672482047087e-03 
2016   5  20  18  30   0  5.0735916850051035e-03 
2016   5  20  19   0   0  5.1266459180094774e-03 
2016   5  20  19  30   0  4.9013483469710333e-03 
2016   5  20  20   0   0  4.6389818201541637e-03 
2016   5  20  20  30   0  4.6807925608529609e-03 
2016   5  20  21   0   0  4.5230691926278028e-03 
2016   5  20  21  30   0  4.5482176005456421e-03 
2016   5  20  22   0   0  4.5708467223307550e-03 
2016   5  20  22  30   0  5.0430691032808152e-03 
2016   5  20  23   0   0  5.2209948068238114e-03 
2016   5  20  23  30   0  5.3637914103097156e-03 
2016   5  21   0   0   0  4.9220187625617882e-03 
2016   5  21   0  30   0  5.0382604197577088e-03 
2016   5  21   1   0   0  5.3634066920601534e-03 
2016   5  21   1  30   0  5.6714816224479186e-03 
2016   5  21   2   0   0  5.9342977849730586e-03 
2016   5  21   2  30   0  6.0923066618553236e-03 
2016   5  21   3   0   0  6.2022256812779156e-03 
2016   5  21   3  30   0  6.6923605391439826e-03 
2016   5  21   4   0   0  7.1705432085297982e-03 
2016   5  21   4  30   0  6.4823907432302111e-03 
2016   5  21   5   0   0  6.4644875288074020e-03 
2016   5  21   5  30   0  6.3295547166037575e-03 
2016   5  21   6   0   0  6.6710142099606533e-03 
2016   5  21   6  30   0  5.9761001033954066e-03 
2016   5  21   7   0   0  6.0760758753309989e-03 
2016   5  21   7  30   0  6.2136949776297338e-03 
2016   5  21   8   0   0  5.7751320324558892e-03 
2016   5  21   8  30   0  6.5324044751271680e-03 
2016   5  21   9   0   0  5.5563551490114028e-03 
2016   5  21   9  30   0  4.9633586462015482e-03 
2016   5  21  10   0   0  5.4752423179127109e-03 
2016   5  21  10  30   0  5.1467854383239918e-03 
2016   5  21  11   0   0  4.9671619456365061e-03 
2016   5  21  11  30   0  4.4666164871377647e-03 
2016   5  21  12   0   0  4.8568217309949832e-03 
2016   5  21  12  30   0  4.9155242620291953e-03 
2016   5  21  13   0   0  4.9169773811250728e-03 
2016   5  21  13  30   0  4.7615721628624539e-03 
2016   5  21  14   0   0  4.7660588745576295e-03 
2016   5  21  14  30   0  4.4804619176624198e-03 
2016   5  21  15   0   0  4.3945363445842579e-03 
2016   5  21  15  30   0  4.6821445922700898e-03 
2016   5  21  16   0   0  6.3079925362627643e-03 
2016   5  21  16  30   0  6.3866875651667947e-03 
2016   5  21  17   0   0  6.0898565941089368e-03 
2016   5  21  17  30   0  6.6261267172473296e-03 
2016   5  21  18   0   0  6.5774972346281536e-03 
2016   5  21  18  30   0  6.3965060613417049e-03 
2016   5  21  19   0   0  6.3398479291995602e-03 
2016   5  21  19  30   0  7.2149046950678291e-03 
2016   5  21  20   0   0  7.3706748957570309e-03 
2016   5  21  20  30   0  7.2859108835461638e-03 
2016   5  21  21   0   0  7.1324981828681253e-03 
2016   5  21  21  30   0  7.0658853738761896e-03 
2016   5  21  22   0   0  6.8130641387842850e-03 
2016   5  21  22  30   0  7.3035423730572896e-03 
2016   5  21  23   0   0  8.2445548125533001e-03 
2016   5  21  23  30   0  6.1375485961514785e-03 
2016   5  22   0   0   0  5.8087979391405640e-03 
2016   5  22   0  30   0  5.5593440853403805e-03 
2016   5  22   1   0   0  5.7906396968379218e-03 
2016   5  22   1  30   0  5.9831685746202104e-03 
2016   5  22   2   0   0  6.1449343489509509e-03 
2016   5  22   2  30   0  6.3167953511990074e-03 
2016   5  22   3   0   0  6.5859511956166206e-03 
2016   5  22   3  30   0  7.3061095562239444e-03 
2016   5  22   4   0   0  7.5131193549213150e-03 
2016   5  22   4  30   0  7.7478768335145854e-03 
2016   5  22   5   0   0  7.3997930747436626e-03 
2016   5  22   5  30   0  7.3040480886753948e-03 
2016   5  22   6   0   0  6.9227939186655221e-03 
2016   5  22   6  30   0  6.4480787487667520e-03 
2016   5  22   7   0   0  5.9992524121707941e-03 
2016   5  22   7  30   0  5.0455195602945417e-03 
2016   5  22   8   0   0  4.7216224743412642e-03 
2016   5  22   8  30   0  5.2694112402490957e-03 
2016   5  22   9   0   0  4.8358625402495550e-03 
2016   5  22   9  30   0  4.6718704251142518e-03 
2016   5  22  10   0   0  4.2916575099150086e-03 
2016   5  22  10  30   0  4.1581562401559590e-03 
2016   5  22  11   0   0  3.7722938013757335e-03 
2016   5  22  11  30   0  3.9994228305922927e-03 
2016   5  22  12   0   0  4.0826335821525705e-03 
2016   5  22  12  30   0  4.1245349774249292e-03 
2016   5  22  13   0   0  3.6713344545436454e-03 
2016   5  22  13  30   0  3.7946585136153588e-03 
2016   5  22  14   0   0  3.2301726156361093e-03 
2016   5  22  14  30   0  3.2344018652704569e-03 
2016   5  22  15   0   0  3.6258777156193095e-03 
2016   5  22  15  30   0  3.9697157144672609e-03 
2016   5  22  16   0   0  4.0705722072709649e-03 
2016   5  22  16  30   0  3.9494446227062770e-03 
2016   5  22  17   0   0  3.6449753542368347e-03 
2016   5  22  17  30   0  3.9921402076194771e-03 
2016   5  22  18   0   0  4.1039503643595194e-03 
2016   5  22  18  30   0  4.2320415728478835e-03 
2016   5  22  19   0   0  4.4654714139090133e-03 
2016   5  22  19  30   0  4.6059611702508668e-03 
2016   5  22  20   0   0  4.7294444502482009e-03 
2016   5  22  20  30   0  4.8547934765032540e-03 
2016   5  22  21   0   0  5.0399105372314823e-03 
2016   5  22  21  30   0  5.3477362085565328e-03 
2016   5  22  22   0   0  5.1283291080633916e-03 
2016   5  22  22  30   0  5.2631136434674068e-03 
2016   5  22  23   0   0  5.0345644368985270e-03 
2016   5  22  23  30   0  5.1908419293059142e-03 
2016   5  23   0   0   0  5.0143883219649190e-03 
2016   5  23   0  30   0  5.4155139861646806e-03 
2016   5  23   1   0   0  5.6527673982582540e-03 
2016   5  23   1  30   0  5.5164484090448754e-03 
2016   5  23   2   0   0  5.5864054682244367e-03 
2016   5  23   2  30   0  5.6659440700538828e-03 
2016   5  23   3   0   0  6.0056561638437388e-03 
2016   5  23   3  30   0  5.7762301099271709e-03 
2016   5  23   4   0   0  5.4580118776123201e-03 
2016   5  23   4  30   0  5.3805665774586979e-03 
2016   5  23   5   0   0  5.6540844135270227e-03 
2016   5  23   5  30   0  5.9527940151643090e-03 
2016   5  23   6   0   0  6.1792248837582624e-03 
2016   5  23   6  30   0  6.8102041271179588e-03 
2016   5  23   7   0   0  6.5286475745928354e-03 
2016   5  23   7  30   0  5.0153764855256763e-03 
2016   5  23   8   0   0  4.9777116995674379e-03 
2016   5  23   8  30   0  4.9534670954020782e-03 
2016   5  23   9   0   0  5.1365606080952426e-03 
2016   5  23   9  30   0  5.3220469766749601e-03 
2016   5  23  10   0   0  5.2956438406661392e-03 
2016   5  23  10  30   0  5.6825762999469691e-03 
2016   5  23  11   0   0  5.9616285998233135e-03 
2016   5  23  11  30   0  6.0301801019418660e-03 
2016   5  23  12   0   0  5.7328009363231845e-03 
2016   5  23  12  30   0  5.9973915481200809e-03 
2016   5  23  13   0   0  6.0402668014214195e-03 
2016   5  23  13  30   0  6.0533221600645535e-03 
2016   5  23  14   0   0  6.2204437971059975e-03 
2016   5  23  14  30   0  6.3303558397638012e-03 
2016   5  23  15   0   0  6.5394091977570047e-03 
2016   5  23  15  30   0  6.4026444917539144e-03 
2016   5  23  16   0   0  6.3032507080232692e-03 
2016   5  23  16  30   0  6.1487752431892860e-03 
2016   5  23  17   0   0  6.3257042141360654e-03 
2016   5  23  17  30   0  6.2015230697358009e-03 
2016   5  23  18   0   0  6.1931537392939809e-03 
2016   5  23  18  30   0  6.1642805702402026e-03 
2016   5  23  19   0   0  5.9320101680006955e-03 
2016   5  23  19  30   0  5.7845052295588135e-03 
2016   5  23  20   0   0  5.7328899281750617e-03 
2016   5  23  20  30   0  5.8102386804927877e-03 
2016   5  23  21   0   0  6.0497848906924745e-03 
2016   5  23  21  30   0  6.2913580912967761e-03 
2016   5  23  22   0   0  6.8923985010783829e-03 
2016   5  23  22  30   0  7.3176256206249285e-03 
2016   5  23  23   0   0  6.6806435202032537e-03 
2016   5  23  23  30   0  6.2158654983165999e-03 
2016   5  24   0   0   0  8.5810221819286256e-03 
2016   5  24   0  30   0  8.9296051917779340e-03 
2016   5  24   1   0   0  9.2513212701649094e-03 
2016   5  24   1  30   0  9.5847184030175437e-03 
2016   5  24   2   0   0  9.6580620880860370e-03 
2016   5  24   2  30   0  9.7685037039043857e-03 
2016   5  24   3   0   0  1.0745913802825370e-02 
2016   5  24   3  30   0  1.0867090966141692e-02 
2016   5  24   4   0   0  1.1439871521130518e-02 
2016   5  24   4  30   0  1.1863777589504968e-02 
2016   5  24   5   0   0  1.1689405307677649e-02 
2016   5  24   5  30   0  1.2251068629620743e-02 
2016   5  24   6   0   0  1.2737042639795334e-02 
2016   5  24   6  30   0  1.3471302313240355e-02 
2016   5  24   7   0   0  9.1048354021747713e-03 
2016   5  24   7  30   0  7.2189781997195161e-03 
2016   5  24   8   0   0  6.1007696993802532e-03 
2016   5  24   8  30   0  6.5297855603053149e-03 
2016   5  24   9   0   0  6.4129350725112165e-03 
2016   5  24   9  30   0  5.9886934297410897e-03 
2016   5  24  10   0   0  6.5073992220824033e-03 
2016   5  24  10  30   0  6.7834379718304163e-03 
2016   5  24  11   0   0  7.5108363303828052e-03 
2016   5  24  11  30   0  7.9156182396061849e-03 
2016   5  24  12   0   0  8.5691156079987854e-03 
2016   5  24  12  30   0  9.1522588859384805e-03 
2016   5  24  13   0   0  8.8289729079842165e-03 
2016   5  24  13  30   0  8.4731360570718724e-03 
2016   5  24  14   0   0  8.8234352678276638e-03 
2016   5  24  14  30   0  8.9761933708514090e-03 
2016   5  24  15   0   0  9.3570375546207264e-03 
2016   5  24  15  30   0  9.9026325157238401e-03 
2016   5  24  16   0   0  9.8749096311769053e-03 
2016   5  24  16  30   0  9.9298825511387606e-03 
2016   5  24  17   0   0  9.0043099438139561e-03 
2016   5  24  17  30   0  8.2340807733499114e-03 
2016   5  24  18   0   0  8.3119361165647516e-03 
2016   5  24  18  30   0  8.3447983132375440e-03 
2016   5  24  19   0   0  8.7092515338493964e-03 
2016   5  24  19  30   0  9.3701400135287206e-03 
2016   5  24  20   0   0  9.4879294486006124e-03 
2016   5  24  20  30   0  9.7350327258485039e-03 
2016   5  24  21   0   0  1.0469042177601338e-02 
2016   5  24  21  30   0  1.0132966860984281e-02 
2016   5  24  22   0   0  9.8576090798593707e-03 
2016   5  24  22  30   0  9.6161187041187961e-03 
2016   5  24  23   0   0  9.3904625161409429e-03 
2016   5  24  23  30   0  9.5340703883433457e-03 
2016   5  25   0   0   0  9.6189045770539924e-03 
2016   5  25   0  30   0  9.6789240155795691e-03 
2016   5  25   1   0   0  9.6539469878092234e-03 
2016   5  25   1  30   0  1.0044919593024169e-02 
2016   5  25   2   0   0  1.0704564151861658e-02 
2016   5  25   2  30   0  1.0337393294772387e-02 
2016   5  25   3   0   0  1.0394006276375531e-02 
2016   5  25   3  30   0  1.0864216298735586e-02 
2016   5  25   4   0   0  1.1357576949736313e-02 
2016   5  25   4  30   0  1.3697261114799134e-02 
2016   5  25   5   0   0  1.2575958201933770e-02 
2016   5  25   5  30   0  1.3284797875072848e-02 
2016   5  25   6   0   0  1.3288718064511467e-02 
2016   5  25   6  30   0  1.3775721659415039e-02 
2016   5  25   7   0   0  1.3265130490190714e-02 
2016   5  25   7  30   0  1.2786132767642417e-02 
2016   5  25   8   0   0  1.2160710995115825e-02 
2016   5  25   8  30   0  1.6228845533876515e-02 
2016   5  25   9   0   0  2.1341283765779685e-02 
2016   5  25   9  30   0  2.6723923254284267e-02 
2016   5  25  10   0   0  3.2137802011626547e-02 
2016   5  25  10  30   0  3.7474668498351286e-02 
2016   5  25  11   0   0  4.2872140267009640e-02 
2016   5  25  11  30   0  2.6316267139325035e-02 
2016   5  25  12   0   0  9.6666646680152075e-03 
2016   5  25  12  30   0  9.8067216165107773e-03 
2016   5  25  13   0   0  9.7889238182528385e-03 
2016   5  25  13  30   0  9.8205852667066912e-03 
2016   5  25  14   0   0  9.4785538527172933e-03 
2016   5  25  14  30   0  9.6290925501529220e-03 
2016   5  25  15   0   0  9.3781740650689775e-03 
2016   5  25  15  30   0  8.8403338625448729e-03 
2016   5  25  16   0   0  8.7358188963433184e-03 
2016   5  25  16  30   0  8.6648577301423335e-03 
2016   5  25  17   0   0  8.8717644334088182e-03 
2016   5  25  17  30   0  5.9249125775247980e-03 
2016   5  25  18   0   0  8.3749960500273703e-03 
2016   5  25  18  30   0  9.0677899777878417e-03 
2016   5  25  19   0   0  9.4909437483165614e-03 
2016   5  25  19  30   0  8.8154161873532522e-03 
2016   5  25  20   0   0  9.0140167083476944e-03 
2016   5  25  20  30   0  9.6080812998492054e-03 
2016   5  25  21   0   0  9.7252563603699733e-03 
2016   5  25  21  30   0  9.1179870229765470e-03 
2016   5  25  22   0   0  8.4741046660890464e-03 
2016   5  25  22  30   0  8.3630320206993063e-03 
2016   5  25  23   0   0  8.4278221684955142e-03 
2016   5  25  23  30   0  8.4341618995620888e-03 
2016   5  26   0   0   0  8.1054488475911790e-03 
2016   5  26   0  30   0  7.9406595636873373e-03 
2016   5  26   1   0   0  8.0095704142031706e-03 
2016   5  26   1  30   0  8.5313413837986608e-03 
2016   5  26   2   0   0  9.0082469238946215e-03 
2016   5  26   2  30   0  9.2700667340127243e-03 
2016   5  26   3   0   0  9.3842155185859220e-03 
2016   5  26   3  30   0  9.0757558452487612e-03 
2016   5  26   4   0   0  8.5192386051524405e-03 
2016   5  26   4  30   0  7.8570619282167381e-03 
2016   5  26   5   0   0  7.5749795655635551e-03 
2016   5  26   5  30   0  7.3030290202118842e-03 
2016   5  26   6   0   0  6.9503594020956880e-03 
2016   5  26   6  30   0  6.8941616655725070e-03 
2016   5  26   7   0   0  6.9849347437936464e-03 
2016   5  26   7  30   0  6.8366810860665123e-03 
2016   5  26   8   0   0  6.5769046095203888e-03 
2016   5  26   8  30   0  4.9099451408825779e-03 
2016   5  26   9   0   0  5.2375441878340029e-03 
2016   5  26   9  30   0  5.6514676189153602e-03 
2016   5  26  10   0   0  4.8670741661094889e-03 
2016   5  26  10  30   0  4.5129093268029543e-03 
2016   5  26  11   0   0  4.3190415925978718e-03 
2016   5  26  11  30   0  3.2139808253873925e-03 
2016   5  26  12   0   0  2.5792349931092369e-03 
2016   5  26  12  30   0  2.6405526162830827e-03 
2016   5  26  13   0   0  3.1648813839486914e-03 
2016   5  26  13  30   0  3.7151358645779254e-03 
2016   5  26  14   0   0  3.8833495629541828e-03 
2016   5  26  14  30   0  3.9196171113037703e-03 
2016   5  26  15   0   0  3.6101052868895613e-03 
2016   5  26  15  30   0  3.5109482922380400e-03 
2016   5  26  16   0   0  3.1937559682127612e-03 
2016   5  26  16  30   0  3.2526131038201470e-03 
2016   5  26  17   0   0  3.0369529380383062e-03 
2016   5  26  17  30   0  2.7709937986627625e-03 
2016   5  26  18   0   0  2.8987904265675608e-03 
2016   5  26  18  30   0  2.3184314829581307e-03 
2016   5  26  19   0   0  1.9853105033766582e-03 
2016   5  26  19  30   0  1.8033603618815019e-03 
2016   5  26  20   0   0  1.2420480525930336e-03 
2016   5  26  20  30   0  9.5697823090979989e-04 
2016   5  26  21   0   0  6.9675041858865213e-04 
2016   5  26  21  30   0  5.0152513961974042e-04 
2016   5  26  22   0   0  6.0401964686719080e-04 
2016   5  26  22  30   0  8.2225852818478928e-04 
2016   5  26  23   0   0  1.0688528495465879e-03 
2016   5  26  23  30   0  1.0355531749960938e-03 
2016   5  27   0   0   0  8.1604175281426176e-04 
2016   5  27   0  30   0  6.4879635610216196e-04 
2016   5  27   1   0   0  5.7921163777870045e-04 
2016   5  27   1  30   0  6.5967831732072397e-04 
2016   5  27   2   0   0  7.6718735870779330e-04 
2016   5  27   2  30   0  6.5775541652064924e-04 
2016   5  27   3   0   0  6.7603839945144784e-04 
2016   5  27   3  30   0  6.0761405985416495e-04 
2016   5  27   4   0   0  5.5161571226604517e-04 
2016   5  27   4  30   0  5.4820205202471214e-04 
2016   5  27   5   0   0  4.8683286436019966e-04 
2016   5  27   5  30   0  4.9077943819486613e-04 
2016   5  27   6   0   0  4.4835336559474146e-04 
2016   5  27   6  30   0  4.3697536639198726e-04 
2016   5  27   7   0   0  5.2219763041167746e-04 
2016   5  27   7  30   0  6.9404322253274449e-04 
2016   5  27   8   0   0  7.2940450024278633e-04 
2016   5  27   8  30   0  5.8445029587349522e-04 
2016   5  27   9   0   0  6.2047666405201684e-04 
2016   5  27   9  30   0  7.7821755743992364e-04 
2016   5  27  10   0   0  8.7020166082479910e-04 
2016   5  27  10  30   0  8.1438058706645975e-04 
2016   5  27  11   0   0  9.2386765449530353e-04 
2016   5  27  11  30   0  1.2698091243474536e-03 
2016   5  27  12   0   0  1.6421276329897298e-03 
2016   5  27  12  30   0  1.9022607741351568e-03 
2016   5  27  13   0   0  1.9860814987713474e-03 
2016   5  27  13  30   0  2.1528349420257692e-03 
2016   5  27  14   0   0  1.7939574345919905e-03 
2016   5  27  14  30   0  1.9645118457335803e-03 
2016   5  27  15   0   0  1.9218305148432095e-03 
2016   5  27  15  30   0  1.9954830307958643e-03 
2016   5  27  16   0   0  1.9828803667746617e-03 
2016   5  27  16  30   0  1.9071928790345462e-03 
2016   5  27  17   0   0  2.0287256253905144e-03 
2016   5  27  17  30   0  2.0292923524970440e-03 
2016   5  27  18   0   0  1.9537269592306006e-03 
2016   5  27  18  30   0  2.2794173734956274e-03 
2016   5  27  19   0   0  2.3810678095779079e-03 
2016   5  27  19  30   0  2.3800453372091073e-03 
2016   5  27  20   0   0  2.2707540790653045e-03 
2016   5  27  20  30   0  2.4813422350535908e-03 
2016   5  27  21   0   0  2.3374710739361452e-03 
2016   5  27  21  30   0  2.1327473815189696e-03 
2016   5  27  22   0   0  2.1515278170554136e-03 
2016   5  27  22  30   0  2.1456100365452972e-03 
2016   5  27  23   0   0  2.2285504157838077e-03 
2016   5  27  23  30   0  2.3701240455962290e-03 
2016   5  28   0   0   0  3.1166402283858497e-03 
2016   5  28   0  30   0  3.3187162903003621e-03 
2016   5  28   1   0   0  3.3426240841505717e-03 
2016   5  28   1  30   0  3.8047709438484073e-03 
2016   5  28   2   0   0  4.5382522809984012e-03 
2016   5  28   2  30   0  4.9505000205219410e-03 
2016   5  28   3   0   0  5.4327368305113685e-03 
2016   5  28   3  30   0  6.0539707394110303e-03 
2016   5  28   4   0   0  6.1275736797808305e-03 
2016   5  28   4  30   0  5.7051798097942624e-03 
2016   5  28   5   0   0  4.9355067423659527e-03 
2016   5  28   5  30   0  4.5651007759541515e-03 
2016   5  28   6   0   0  4.6997686302578485e-03 
2016   5  28   6  30   0  4.8918033849171521e-03 
2016   5  28   7   0   0  5.1163840254451667e-03 
2016   5  28   7  30   0  4.7191774157492785e-03 
2016   5  28   8   0   0  4.4860878315099040e-03 
2016   5  28   8  30   0  4.1533405452569951e-03 
2016   5  28   9   0   0  3.9397076877725149e-03 
2016   5  28   9  30   0  3.7285029227756257e-03 
2016   5  28  10   0   0  3.4836328466291873e-03 
2016   5  28  10  30   0  3.3040684228137370e-03 
2016   5  28  11   0   0  3.1697914109588324e-03 
2016   5  28  11  30   0  3.0308384002403922e-03 
2016   5  28  12   0   0  2.8035916567365864e-03 
2016   5  28  12  30   0  2.8142669114822362e-03 
2016   5  28  13   0   0  2.9213697519471738e-03 
2016   5  28  13  30   0  2.9339307666741369e-03 
2016   5  28  14   0   0  2.9155245721755288e-03 
2016   5  28  14  30   0  2.7735005580570900e-03 
2016   5  28  15   0   0  2.8218724973678409e-03 
2016   5  28  15  30   0  2.8699531717208114e-03 
2016   5  28  16   0   0  2.8222339419607923e-03 
2016   5  28  16  30   0  2.7742753876779346e-03 
2016   5  28  17   0   0  2.8041307978654982e-03 
2016   5  28  17  30   0  2.5703552289805774e-03 
2016   5  28  18   0   0  2.4091507689558331e-03 
2016   5  28  18  30   0  2.3145225238565981e-03 
2016   5  28  19   0   0  2.7217727229589318e-03 
2016   5  28  19  30   0  3.1434495377629561e-03 
2016   5  28  20   0   0  3.2834168811979492e-03 
2016   5  28  20  30   0  3.4495766237129613e-03 
2016   5  28  21   0   0  3.7971244842923608e-03 
2016   5  28  21  30   0  3.9746375341287903e-03 
2016   5  28  22   0   0  3.7870505808187079e-03 
2016   5  28  22  30   0  3.4657969844679570e-03 
2016   5  28  23   0   0  3.4438711709533858e-03 
2016   5  28  23  30   0  3.4423461575845563e-03 
2016   5  29   0   0   0  3.0302003428055837e-03 
2016   5  29   0  30   0  2.9797166063718853e-03 
2016   5  29   1   0   0  2.9397258634724405e-03 
2016   5  29   1  30   0  2.9314721820839673e-03 
2016   5  29   2   0   0  2.9684983938357001e-03 
2016   5  29   2  30   0  2.9955119548296157e-03 
2016   5  29   3   0   0  2.9685307859066345e-03 
2016   5  29   3  30   0  2.8436960429987163e-03 
2016   5  29   4   0   0  2.9557171534942794e-03 
2016   5  29   4  30   0  3.2813218199969096e-03 
2016   5  29   5   0   0  3.6617514888756396e-03 
2016   5  29   5  30   0  3.9659632676545221e-03 
2016   5  29   6   0   0  4.0143279887295338e-03 
2016   5  29   6  30   0  4.1570108144410260e-03 
2016   5  29   7   0   0  4.3058809804475242e-03 
2016   5  29   7  30   0  5.7499169681941150e-03 
2016   5  29   8   0   0  4.1141122003583528e-03 
2016   5  29   8  30   0  3.8738846127302985e-03 
2016   5  29   9   0   0  4.3461438577842276e-03 
2016   5  29   9  30   0  5.1624181079082026e-03 
2016   5  29  10   0   0  5.1351757665969444e-03 
2016   5  29  10  30   0  4.6685581809917222e-03 
2016   5  29  11   0   0  4.0847617241000830e-03 
2016   5  29  11  30   0  4.1131603214880777e-03 
2016   5  29  12   0   0  4.0618353798410542e-03 
2016   5  29  12  30   0  4.0367315708184203e-03 
2016   5  29  13   0   0  4.3359894089465912e-03 
2016   5  29  13  30   0  4.3184691012692561e-03 
2016   5  29  14   0   0  4.7710702133756571e-03 
2016   5  29  14  30   0  4.4391388560102440e-03 
2016   5  29  15   0   0  4.1568621335517928e-03 
2016   5  29  15  30   0  4.1865944790273482e-03 
2016   5  29  16   0   0  4.7382023024305176e-03 
2016   5  29  16  30   0  4.4004487267777070e-03 
2016   5  29  17   0   0  3.2689054945845581e-03 
2016   5  29  17  30   0  3.4019871407560986e-03 
2016   5  29  18   0   0  3.4414668786205845e-03 
2016   5  29  18  30   0  3.4073939968517525e-03 
2016   5  29  19   0   0  3.3324399493607319e-03 
2016   5  29  19  30   0  3.2994080027355884e-03 
2016   5  29  20   0   0  3.3775225423988628e-03 
2016   5  29  20  30   0  3.3577128099571843e-03 
2016   5  29  21   0   0  3.4346462382804708e-03 
2016   5  29  21  30   0  3.4933905859715927e-03 
2016   5  29  22   0   0  3.5941734235693848e-03 
2016   5  29  22  30   0  3.5855329574666461e-03 
2016   5  29  23   0   0  3.7247062988014345e-03 
2016   5  29  23  30   0  3.9773404028220268e-03 
2016   5  30   0   0   0  4.6313852763002622e-03 
2016   5  30   0  30   0  4.6288821899670056e-03 
2016   5  30   1   0   0  4.1977564815244015e-03 
2016   5  30   1  30   0  4.8230007609610772e-03 
2016   5  30   2   0   0  4.9088203424562287e-03 
2016   5  30   2  30   0  5.8654436000070620e-03 
2016   5  30   3   0   0  6.2789824057303736e-03 
2016   5  30   3  30   0  7.2922837470157974e-03 
2016   5  30   4   0   0  6.4275395124150734e-03 
2016   5  30   4  30   0  5.9391081053552491e-03 
2016   5  30   5   0   0  5.8397039794669129e-03 
2016   5  30   5  30   0  5.8743147944562710e-03 
2016   5  30   6   0   0  8.1345908877422431e-03 
2016   5  30   6  30   0  8.0944795488689970e-03 
2016   5  30   7   0   0  8.6548941554619261e-03 
2016   5  30   7  30   0  6.2455276992292611e-03 
2016   5  30   8   0   0  5.3538570984700551e-03 
2016   5  30   8  30   0  4.7284743126377315e-03 
2016   5  30   9   0   0  4.7748877208040955e-03 
2016   5  30   9  30   0  5.1759660311999512e-03 
2016   5  30  10   0   0  5.7058186697213761e-03 
2016   5  30  10  30   0  5.7671145019156543e-03 
2016   5  30  11   0   0  5.6329345537763642e-03 
2016   5  30  11  30   0  5.8610680797010466e-03 
2016   5  30  12   0   0  5.9444362731971524e-03 
2016   5  30  12  30   0  6.2647790205136991e-03 
2016   5  30  13   0   0  6.4862144253634768e-03 
2016   5  30  13  30   0  6.3412786672767257e-03 
2016   5  30  14   0   0  6.2750903371427726e-03 
2016   5  30  14  30   0  6.3325948240638150e-03 
2016   5  30  15   0   0  5.9255928248711457e-03 
2016   5  30  15  30   0  5.8092389473992662e-03 
2016   5  30  16   0   0  5.8379608606044979e-03 
2016   5  30  16  30   0  6.0253608238283116e-03 
2016   5  30  17   0   0  6.0082827284417082e-03 
2016   5  30  17  30   0  6.4418157988628787e-03 
2016   5  30  18   0   0  6.6434793867549543e-03 
2016   5  30  18  30   0  6.4146562180943034e-03 
2016   5  30  19   0   0  6.5088865723956857e-03 
2016   5  30  19  30   0  6.6707567605248635e-03 
2016   5  30  20   0   0  6.8917858992549579e-03 
2016   5  30  20  30   0  7.2065652588219039e-03 
2016   5  30  21   0   0  7.4678861170233935e-03 
2016   5  30  21  30   0  7.5637986208050272e-03 
2016   5  30  22   0   0  7.9536289061329681e-03 
2016   5  30  22  30   0  7.8511700131412409e-03 
2016   5  30  23   0   0  7.8294216512896312e-03 
2016   5  30  23  30   0  8.3803352043897543e-03 
2016   5  31   0   0   0  8.9830483510366949e-03 
2016   5  31   0  30   0  9.6198551594578741e-03 
2016   5  31   1   0   0  9.4953207121148877e-03 
2016   5  31   1  30   0  9.1816449930407235e-03 
2016   5  31   2   0   0  9.5415931156763393e-03 
2016   5  31   2  30   0  1.0164841089592149e-02 
2016   5  31   3   0   0  1.0896078947351612e-02 
2016   5  31   3  30   0  1.1168155992556567e-02 
2016   5  31   4   0   0  1.1033636323368873e-02 
2016   5  31   4  30   0  1.1316460062307021e-02 
2016   5  31   5   0   0  1.2956231150786738e-02 
2016   5  31   5  30   0  1.7224117434165995e-02 
2016   5  31   6   0   0  1.5183610996271924e-02 
2016   5  31   6  30   0  1.4025493766958922e-02 
2016   5  31   7   0   0  1.4025080061492758e-02 
2016   5  31   7  30   0  1.4223400712747313e-02 
2016   5  31   8   0   0  1.5916925902396691e-02 
2016   5  31   8  30   0  1.3452513059970393e-02 
2016   5  31   9   0   0  1.2138101541536822e-02 
2016   5  31   9  30   0  9.6596049490240751e-03 
2016   5  31  10   0   0  1.0379041046539989e-02 
2016   5  31  10  30   0  9.9267118635440691e-03 
2016   5  31  11   0   0  9.3365410783395782e-03 
2016   5  31  11  30   0  8.8623927096019173e-03 
2016   5  31  12   0   0  8.1641487469382209e-03 
2016   5  31  12  30   0  8.3575591157608181e-03 
2016   5  31  13   0   0  8.5693697487223015e-03 
2016   5  31  13  30   0  8.3793391176382199e-03 
2016   5  31  14   0   0  8.4692881273209109e-03 
2016   5  31  14  30   0  8.5879046250154824e-03 
2016   5  31  15   0   0  8.2521907475195493e-03 
2016   5  31  15  30   0  8.1928149508374657e-03 
2016   5  31  16   0   0  8.3700746158578664e-03 
2016   5  31  16  30   0  7.9903733577250426e-03 
2016   5  31  17   0   0  7.4974875654306777e-03 
2016   5  31  17  30   0  7.0565155962120816e-03 
2016   5  31  18   0   0  6.4642496579887295e-03 
2016   5  31  18  30   0  6.9777672865842877e-03 
2016   5  31  19   0   0  6.6914207011254789e-03 
2016   5  31  19  30   0  7.3447967887927887e-03 
2016   5  31  20   0   0  8.6009777172546247e-03 
2016   5  31  20  30   0  1.2396684209404945e-02 
2016   5  31  21   0   0  1.5479861353354689e-02 
2016   5  31  21  30   0  1.5138689786493461e-02 
2016   5  31  22   0   0  9.6598912149335869e-03 
2016   5  31  22  30   0  9.1410829760714286e-03 
2016   5  31  23   0   0  1.2483683935715228e-02 
2016   5  31  23  30   0  1.3577194821523622e-02 
2016   6   1   0   0   0  1.3577194821523622e-02 
