   0   0   0   0   0   0  0.000092 
2016   5   1   0   0   0  9.2213410600159429e-05 
2016   5   1   0  30   0  1.1424842937152261e-04 
2016   5   1   1   0   0  1.2322848763645397e-04 
2016   5   1   1  30   0  1.3825118937788315e-04 
2016   5   1   2   0   0  1.4752456865329595e-04 
2016   5   1   2  30   0  1.6257688422199339e-04 
2016   5   1   3   0   0  2.0132674645178433e-04 
2016   5   1   3  30   0  2.2404781531742705e-04 
2016   5   1   4   0   0  2.6327156511763648e-04 
2016   5   1   4  30   0  3.1202280403169616e-04 
2016   5   1   5   0   0  3.0117361026995269e-04 
2016   5   1   5  30   0  2.3606676874725796e-04 
2016   5   1   6   0   0  1.6511994460782575e-04 
2016   5   1   6  30   0  5.1698752799387150e-05 
2016   5   1   7   0   0  5.2740756920650864e-06 
2016   5   1   7  30   0  5.3533170227929814e-06 
2016   5   1   8   0   0  7.1781395914123171e-06 
2016   5   1   8  30   0  1.8399375974957427e-05 
2016   5   1   9   0   0  4.9061971059164775e-06 
2016   5   1   9  30   0  4.9914351126613689e-06 
2016   5   1  10   0   0  2.6725030234626366e-04 
2016   5   1  10  30   0  2.6956317161937687e-04 
2016   5   1  11   0   0  2.6975554756719828e-04 
2016   5   1  11  30   0  2.8391249854368018e-04 
2016   5   1  12   0   0  1.4713843561845098e-04 
2016   5   1  12  30   0  1.3339706963037045e-04 
2016   5   1  13   0   0  4.5778986976077670e-05 
2016   5   1  13  30   0  5.0868430660237689e-06 
2016   5   1  14   0   0  4.9658309804753745e-06 
2016   5   1  14  30   0  5.0074548367248535e-06 
2016   5   1  15   0   0  4.9998420235738365e-06 
2016   5   1  15  30   0  5.0360988992802970e-06 
2016   5   1  16   0   0  3.6733625659349234e-04 
2016   5   1  16  30   0  3.6939779885898877e-04 
2016   5   1  17   0   0  3.0015539546565147e-04 
2016   5   1  17  30   0  2.0745583217928032e-04 
2016   5   1  18   0   0  9.7596258253327501e-05 
2016   5   1  18  30   0  1.3778461580406646e-05 
2016   5   1  19   0   0  7.2152252630322040e-05 
2016   5   1  19  30   0  1.3284263502711362e-04 
2016   5   1  20   0   0  1.2948662473770566e-04 
2016   5   1  20  30   0  1.4869620789602182e-04 
2016   5   1  21   0   0  1.7453103942025763e-04 
2016   5   1  21  30   0  1.6295545529539850e-04 
2016   5   1  22   0   0  8.5976443660881801e-05 
2016   5   1  22  30   0  1.2002360305074104e-04 
2016   5   1  23   0   0  1.6470534798177514e-04 
2016   5   1  23  30   0  1.9663925125153732e-04 
2016   5   2   0   0   0  2.4413167783785179e-04 
2016   5   2   0  30   0  2.9195665236374832e-04 
2016   5   2   1   0   0  3.4641142878865527e-04 
2016   5   2   1  30   0  4.0600017853902119e-04 
2016   5   2   2   0   0  4.2806652363017411e-04 
2016   5   2   2  30   0  4.1951420378696263e-04 
2016   5   2   3   0   0  4.4338065932330434e-04 
2016   5   2   3  30   0  4.5347197940458813e-04 
2016   5   2   4   0   0  4.4018923683655390e-04 
2016   5   2   4  30   0  4.1772669791498480e-04 
2016   5   2   5   0   0  4.2225125040628296e-04 
2016   5   2   5  30   0  4.5799959391548689e-04 
2016   5   2   6   0   0  4.4465794779844769e-04 
2016   5   2   6  30   0  4.5611483191986267e-04 
2016   5   2   7   0   0  4.3836041161182231e-04 
2016   5   2   7  30   0  3.4580107048792471e-04 
2016   5   2   8   0   0  2.6981876824193579e-04 
2016   5   2   8  30   0  1.2483871190311456e-04 
2016   5   2   9   0   0  6.6139870985540461e-06 
2016   5   2   9  30   0  6.7611542890146446e-06 
2016   5   2  10   0   0  6.7128300745843095e-06 
2016   5   2  10  30   0  6.1904080291959105e-06 
2016   5   2  11   0   0  5.5481844912330614e-06 
2016   5   2  11  30   0  2.9497702043065590e-04 
2016   5   2  12   0   0  2.1460374928769041e-04 
2016   5   2  12  30   0  2.5609543661178895e-04 
2016   5   2  13   0   0  1.3170542418592890e-04 
2016   5   2  13  30   0  7.1690774365196865e-06 
2016   5   2  14   0   0  3.1475003561260638e-04 
2016   5   2  14  30   0  3.6404381058255332e-04 
2016   5   2  15   0   0  2.2182541363933005e-04 
2016   5   2  15  30   0  9.8599558627564382e-05 
2016   5   2  16   0   0  4.9823129606051633e-05 
2016   5   2  16  30   0  7.6211357188143942e-06 
2016   5   2  17   0   0  7.4814863046013160e-06 
2016   5   2  17  30   0  1.6726443741319014e-04 
2016   5   2  18   0   0  2.2207655265369405e-04 
2016   5   2  18  30   0  9.5330119665189105e-05 
2016   5   2  19   0   0  5.4076144997563668e-04 
2016   5   2  19  30   0  5.5266562716796831e-04 
2016   5   2  20   0   0  5.4354381508138526e-04 
2016   5   2  20  30   0  5.4375050652427615e-04 
2016   5   2  21   0   0  6.5277376170650467e-04 
2016   5   2  21  30   0  5.7082252788902233e-04 
2016   5   2  22   0   0  5.4540639859490926e-04 
2016   5   2  22  30   0  5.4844118568221417e-04 
2016   5   2  23   0   0  5.5826314431749169e-04 
2016   5   2  23  30   0  5.6134020884690669e-04 
2016   5   3   0   0   0  5.6799914943736300e-04 
2016   5   3   0  30   0  5.8106772605203240e-04 
2016   5   3   1   0   0  5.8349270629707629e-04 
2016   5   3   1  30   0  5.9231151235298967e-04 
2016   5   3   2   0   0  5.9798591481392219e-04 
2016   5   3   2  30   0  5.9637993525625413e-04 
2016   5   3   3   0   0  5.9802988818506990e-04 
2016   5   3   3  30   0  5.9266880840714718e-04 
2016   5   3   4   0   0  5.8931636220053161e-04 
2016   5   3   4  30   0  5.9181834769188096e-04 
2016   5   3   5   0   0  5.7870089861295122e-04 
2016   5   3   5  30   0  5.6859520924687035e-04 
2016   5   3   6   0   0  5.6572449451940392e-04 
2016   5   3   6  30   0  5.6702945253070099e-04 
2016   5   3   7   0   0  5.5142421567071567e-04 
2016   5   3   7  30   0  5.1949463946912512e-04 
2016   5   3   8   0   0  3.9998660968439234e-04 
2016   5   3   8  30   0  2.3142091889463866e-04 
2016   5   3   9   0   0  1.2590241600868299e-04 
2016   5   3   9  30   0  4.4055258617702308e-04 
2016   5   3  10   0   0  4.0221900765070325e-04 
2016   5   3  10  30   0  3.8100366033649337e-04 
2016   5   3  11   0   0  3.7666785078431780e-04 
2016   5   3  11  30   0  3.6274358069412045e-04 
2016   5   3  12   0   0  3.5895668762410903e-04 
2016   5   3  12  30   0  3.3778017250021456e-04 
2016   5   3  13   0   0  3.6150450423684121e-04 
2016   5   3  13  30   0  3.6768556642778220e-04 
2016   5   3  14   0   0  3.8403616002291059e-04 
2016   5   3  14  30   0  3.6841030601357603e-04 
2016   5   3  15   0   0  3.4754821387782445e-04 
2016   5   3  15  30   0  3.7121376368375118e-04 
2016   5   3  16   0   0  3.6647001134050409e-04 
2016   5   3  16  30   0  3.7671408545255334e-04 
2016   5   3  17   0   0  3.8160842371027511e-04 
2016   5   3  17  30   0  3.6670316639337311e-04 
2016   5   3  18   0   0  3.8225134690830434e-04 
2016   5   3  18  30   0  3.8369341702836361e-04 
2016   5   3  19   0   0  3.9648113588671704e-04 
2016   5   3  19  30   0  4.0701048899019466e-04 
2016   5   3  20   0   0  4.6094901082009210e-04 
2016   5   3  20  30   0  4.5568368464051281e-04 
2016   5   3  21   0   0  4.3570770446894940e-04 
2016   5   3  21  30   0  4.7031505586051750e-04 
2016   5   3  22   0   0  4.6262349990957441e-04 
2016   5   3  22  30   0  4.6801229179961048e-04 
2016   5   3  23   0   0  4.7584683071964535e-04 
2016   5   3  23  30   0  6.4363270478197290e-04 
2016   5   4   0   0   0  5.3680212299476223e-04 
2016   5   4   0  30   0  4.5569842535189448e-04 
2016   5   4   1   0   0  3.9431237959481713e-04 
2016   5   4   1  30   0  4.0556798024093678e-04 
2016   5   4   2   0   0  3.8830654215861238e-04 
2016   5   4   2  30   0  3.8523311167454327e-04 
2016   5   4   3   0   0  3.9638497527393020e-04 
2016   5   4   3  30   0  4.3011081003204940e-04 
2016   5   4   4   0   0  4.3319398051771635e-04 
2016   5   4   4  30   0  4.4165180892660885e-04 
2016   5   4   5   0   0  4.3497306238002547e-04 
2016   5   4   5  30   0  4.3309628839806612e-04 
2016   5   4   6   0   0  4.2645439877800237e-04 
2016   5   4   6  30   0  4.1098283846152217e-04 
2016   5   4   7   0   0  4.0419437034693240e-04 
2016   5   4   7  30   0  3.8424209368239916e-04 
2016   5   4   8   0   0  3.6987142245614751e-04 
2016   5   4   8  30   0  3.7079724650380459e-04 
2016   5   4   9   0   0  3.4587446548303886e-04 
2016   5   4   9  30   0  2.6385076154421819e-04 
2016   5   4  10   0   0  1.5871966671201503e-04 
2016   5   4  10  30   0  8.0896518925414079e-05 
2016   5   4  11   0   0  4.8803645992350795e-06 
2016   5   4  11  30   0  4.6999322420389300e-06 
2016   5   4  12   0   0  4.8432478913174000e-06 
2016   5   4  12  30   0  4.9073927514215838e-06 
2016   5   4  13   0   0  4.8042095366153182e-06 
2016   5   4  13  30   0  4.7052589858862983e-06 
2016   5   4  14   0   0  4.6890311674182323e-06 
2016   5   4  14  30   0  4.5048154238352077e-06 
2016   5   4  15   0   0  4.4659132766255738e-06 
2016   5   4  15  30   0  3.2534244554232217e-04 
2016   5   4  16   0   0  3.2494495217261682e-04 
2016   5   4  16  30   0  3.2405824665277476e-04 
2016   5   4  17   0   0  3.2324855882185667e-04 
2016   5   4  17  30   0  3.2221343097320446e-04 
2016   5   4  18   0   0  3.2106023160766389e-04 
2016   5   4  18  30   0  3.2017836025587354e-04 
2016   5   4  19   0   0  3.1896796592404547e-04 
2016   5   4  19  30   0  3.1770266625844463e-04 
2016   5   4  20   0   0  3.1615358521240903e-04 
2016   5   4  20  30   0  3.1435783575860514e-04 
2016   5   4  21   0   0  3.1142143231031844e-04 
2016   5   4  21  30   0  3.0853393690846064e-04 
2016   5   4  22   0   0  3.0599186396440526e-04 
2016   5   4  22  30   0  3.0269178263143986e-04 
2016   5   4  23   0   0  2.9948092689471048e-04 
2016   5   4  23  30   0  2.9609779227916295e-04 
2016   5   5   0   0   0  1.7401502410384123e-04 
2016   5   5   0  30   0  1.7418267904764916e-04 
2016   5   5   1   0   0  1.7438923840587829e-04 
2016   5   5   1  30   0  1.7460803996071598e-04 
2016   5   5   2   0   0  1.7491127870393055e-04 
2016   5   5   2  30   0  1.7499183762095111e-04 
2016   5   5   3   0   0  1.7513419070282587e-04 
2016   5   5   3  30   0  1.7555265308190701e-04 
2016   5   5   4   0   0  1.7550432509882356e-04 
2016   5   5   4  30   0  1.7558088323627592e-04 
2016   5   5   5   0   0  1.7568468889284881e-04 
2016   5   5   5  30   0  1.7560275801398818e-04 
2016   5   5   6   0   0  1.7542412385160181e-04 
2016   5   5   6  30   0  1.7494492792387485e-04 
2016   5   5   7   0   0  1.7453735943895145e-04 
2016   5   5   7  30   0  1.7375023828734325e-04 
2016   5   5   8   0   0  1.7375143560331203e-04 
2016   5   5   8  30   0  1.7375142286398922e-04 
2016   5   5   9   0   0  1.7374901856081164e-04 
2016   5   5   9  30   0  1.7374429363018325e-04 
2016   5   5  10   0   0  1.7374524861368628e-04 
2016   5   5  10  30   0  1.7373706461675396e-04 
2016   5   5  11   0   0  1.7373443116752973e-04 
2016   5   5  11  30   0  1.7373016919598321e-04 
2016   5   5  12   0   0  1.7372799864476379e-04 
2016   5   5  12  30   0  1.7372633854431440e-04 
2016   5   5  13   0   0  1.7372283786490993e-04 
2016   5   5  13  30   0  1.7371880976510212e-04 
2016   5   5  14   0   0  1.7371894869816241e-04 
2016   5   5  14  30   0  1.7371842502008150e-04 
2016   5   5  15   0   0  1.7371769055398649e-04 
2016   5   5  15  30   0  1.7371703686891498e-04 
2016   5   5  16   0   0  1.7372044075254046e-04 
2016   5   5  16  30   0  1.7372201288954906e-04 
2016   5   5  17   0   0  1.7372272681164168e-04 
2016   5   5  17  30   0  1.7372344115421966e-04 
2016   5   5  18   0   0  1.7372686605166725e-04 
2016   5   5  18  30   0  1.7373521708269658e-04 
2016   5   5  19   0   0  1.7373153712197989e-04 
2016   5   5  19  30   0  1.7373067454742563e-04 
2016   5   5  20   0   0  1.7429132958170812e-04 
2016   5   5  20  30   0  1.7462014318967505e-04 
2016   5   5  21   0   0  1.7477020987622006e-04 
2016   5   5  21  30   0  1.7510000594426597e-04 
2016   5   5  22   0   0  1.7532073403678662e-04 
2016   5   5  22  30   0  1.7532344586646564e-04 
2016   5   5  23   0   0  1.7531122799016997e-04 
2016   5   5  23  30   0  1.7571750260264582e-04 
2016   5   6   0   0   0  1.7837012642725247e-04 
2016   5   6   0  30   0  1.7594204069622301e-04 
2016   5   6   1   0   0  1.7615128404277534e-04 
2016   5   6   1  30   0  1.7633956942666898e-04 
2016   5   6   2   0   0  1.7627989536577075e-04 
2016   5   6   2  30   0  1.7646873421406381e-04 
2016   5   6   3   0   0  1.7649388398120587e-04 
2016   5   6   3  30   0  1.7650421493699923e-04 
2016   5   6   4   0   0  1.7643171342764409e-04 
2016   5   6   4  30   0  1.7624456656319197e-04 
2016   5   6   5   0   0  1.7586138037137025e-04 
2016   5   6   5  30   0  1.7516474982948302e-04 
2016   5   6   6   0   0  1.7499940939690381e-04 
2016   5   6   6  30   0  1.7477434864535501e-04 
2016   5   6   7   0   0  1.7443062990206461e-04 
2016   5   6   7  30   0  1.7398583234873134e-04 
2016   5   6   8   0   0  1.7379404058156508e-04 
2016   5   6   8  30   0  1.7379430537349110e-04 
2016   5   6   9   0   0  1.7379977142931161e-04 
2016   5   6   9  30   0  1.7380259284376131e-04 
2016   5   6  10   0   0  1.7381036363945873e-04 
2016   5   6  10  30   0  1.7381055957079797e-04 
2016   5   6  11   0   0  1.7381546394942441e-04 
2016   5   6  11  30   0  3.5705783893227594e-06 
2016   5   6  12   0   0  3.6443158708538716e-06 
2016   5   6  12  30   0  3.5366522739048166e-06 
2016   5   6  13   0   0  3.6225449125649743e-06 
2016   5   6  13  30   0  3.9992756412402567e-06 
2016   5   6  14   0   0  4.1035890328290538e-06 
2016   5   6  14  30   0  4.4046521846049379e-06 
2016   5   6  15   0   0  4.2737163473599792e-06 
2016   5   6  15  30   0  4.7151125354731638e-06 
2016   5   6  16   0   0  5.0618764121619512e-06 
2016   5   6  16  30   0  4.9642242121518891e-06 
2016   5   6  17   0   0  4.9060834222970423e-06 
2016   5   6  17  30   0  4.9356092589014550e-06 
2016   5   6  18   0   0  4.6406380795176598e-06 
2016   5   6  18  30   0  4.5778703872716546e-06 
2016   5   6  19   0   0  4.5583419408544133e-06 
2016   5   6  19  30   0  4.5687943839533507e-06 
2016   5   6  20   0   0  5.9621123217929806e-06 
2016   5   6  20  30   0  5.3503867970082517e-06 
2016   5   6  21   0   0  4.8367066106783834e-06 
2016   5   6  21  30   0  4.8101169155805508e-06 
2016   5   6  22   0   0  4.5837282969108052e-06 
2016   5   6  22  30   0  4.4124205312109988e-06 
2016   5   6  23   0   0  4.3489349285764759e-06 
2016   5   6  23  30   0  4.4186063779138766e-06 
2016   5   7   0   0   0  5.9324171847308004e-06 
2016   5   7   0  30   0  5.9269884555023341e-06 
2016   5   7   1   0   0  1.7892614648232712e-05 
2016   5   7   1  30   0  3.3777465361901051e-05 
2016   5   7   2   0   0  4.8772539505243343e-05 
2016   5   7   2  30   0  5.3135157157000960e-05 
2016   5   7   3   0   0  6.2021545339158266e-05 
2016   5   7   3  30   0  6.7606499602419117e-05 
2016   5   7   4   0   0  8.1210504662912889e-05 
2016   5   7   4  30   0  7.1267199375200859e-05 
2016   5   7   5   0   0  6.9397691618073955e-05 
2016   5   7   5  30   0  5.3493647253940377e-05 
2016   5   7   6   0   0  6.7151155249913863e-06 
2016   5   7   6  30   0  5.7410800600530980e-06 
2016   5   7   7   0   0  5.7419236910702780e-06 
2016   5   7   7  30   0  5.9078232178526279e-06 
2016   5   7   8   0   0  5.7874509542269089e-06 
2016   5   7   8  30   0  6.0097187694251352e-06 
2016   5   7   9   0   0  5.5302717523283407e-06 
2016   5   7   9  30   0  5.0892652374842518e-06 
2016   5   7  10   0   0  5.2187918663236130e-06 
2016   5   7  10  30   0  4.9162166699479669e-06 
2016   5   7  11   0   0  4.6653617058889439e-06 
2016   5   7  11  30   0  4.4971011840954561e-06 
2016   5   7  12   0   0  4.1625288327265679e-06 
2016   5   7  12  30   0  4.2109661492899588e-06 
2016   5   7  13   0   0  4.8517075801375959e-06 
2016   5   7  13  30   0  6.0271616328801725e-06 
2016   5   7  14   0   0  5.4962474290440482e-06 
2016   5   7  14  30   0  5.5623064641729284e-06 
2016   5   7  15   0   0  1.0514281306255921e-04 
2016   5   7  15  30   0  1.6383440392514744e-04 
2016   5   7  16   0   0  1.1309934482024454e-04 
2016   5   7  16  30   0  6.2027700475342029e-06 
2016   5   7  17   0   0  5.7734601754862546e-05 
2016   5   7  17  30   0  1.1137221593078400e-04 
2016   5   7  18   0   0  3.9669743073036143e-04 
2016   5   7  18  30   0  5.2986247748706202e-04 
2016   5   7  19   0   0  5.8120758151082239e-04 
2016   5   7  19  30   0  5.2719896466200348e-04 
2016   5   7  20   0   0  4.8722649590153810e-04 
2016   5   7  20  30   0  4.5858072299692951e-04 
2016   5   7  21   0   0  4.4616159934584258e-04 
2016   5   7  21  30   0  4.5921893168095787e-04 
2016   5   7  22   0   0  4.6610107040819361e-04 
2016   5   7  22  30   0  4.6674845982594106e-04 
2016   5   7  23   0   0  4.9535173279048530e-04 
2016   5   7  23  30   0  4.9788348340910925e-04 
2016   5   8   0   0   0  5.0895558102322493e-04 
2016   5   8   0  30   0  5.2201574231764553e-04 
2016   5   8   1   0   0  5.3694203273384243e-04 
2016   5   8   1  30   0  5.2302863642147187e-04 
2016   5   8   2   0   0  5.6227747554552638e-04 
2016   5   8   2  30   0  5.7862496158272720e-04 
2016   5   8   3   0   0  5.9535051088196783e-04 
2016   5   8   3  30   0  5.9065508034294100e-04 
2016   5   8   4   0   0  5.9391036398249704e-04 
2016   5   8   4  30   0  6.1655959166802949e-04 
2016   5   8   5   0   0  6.4086538661549083e-04 
2016   5   8   5  30   0  6.7331400382578143e-04 
2016   5   8   6   0   0  6.3819936434376587e-04 
2016   5   8   6  30   0  5.8566074037692047e-04 
2016   5   8   7   0   0  5.8855359090767426e-04 
2016   5   8   7  30   0  5.8791807534764543e-04 
2016   5   8   8   0   0  5.9748797047960483e-04 
2016   5   8   8  30   0  5.9967100804362411e-04 
2016   5   8   9   0   0  6.0155722955317211e-04 
2016   5   8   9  30   0  6.0903459058010809e-04 
2016   5   8  10   0   0  6.2665474706517419e-04 
2016   5   8  10  30   0  6.4545433581610892e-04 
2016   5   8  11   0   0  6.7586150992718157e-04 
2016   5   8  11  30   0  6.2813980453502269e-04 
2016   5   8  12   0   0  6.0443800784572949e-04 
2016   5   8  12  30   0  5.7886576440124762e-04 
2016   5   8  13   0   0  5.9824886180173318e-04 
2016   5   8  13  30   0  5.9921101401459265e-04 
2016   5   8  14   0   0  5.6065845278007917e-04 
2016   5   8  14  30   0  5.6130099304838260e-04 
2016   5   8  15   0   0  5.4303254574284592e-04 
2016   5   8  15  30   0  5.3299409782518346e-04 
2016   5   8  16   0   0  5.3651326040280345e-04 
2016   5   8  16  30   0  5.3222091250014546e-04 
2016   5   8  17   0   0  5.4299944837730226e-04 
2016   5   8  17  30   0  5.5569366035461204e-04 
2016   5   8  18   0   0  5.8059398207457055e-04 
2016   5   8  18  30   0  8.0182302137346291e-04 
2016   5   8  19   0   0  7.8938466326939878e-04 
2016   5   8  19  30   0  6.3335048949941775e-04 
2016   5   8  20   0   0  6.0726839290120907e-04 
2016   5   8  20  30   0  6.0256320056392980e-04 
2016   5   8  21   0   0  6.5002339689346851e-04 
2016   5   8  21  30   0  6.0669461854031203e-04 
2016   5   8  22   0   0  5.7877895491920638e-04 
2016   5   8  22  30   0  5.7454433137157229e-04 
2016   5   8  23   0   0  5.7366606872102629e-04 
2016   5   8  23  30   0  5.6963033477442433e-04 
2016   5   9   0   0   0  4.6665620608702426e-04 
2016   5   9   0  30   0  4.6229312713581236e-04 
2016   5   9   1   0   0  4.7514343927802842e-04 
2016   5   9   1  30   0  4.8832397684890508e-04 
2016   5   9   2   0   0  4.9091970710221308e-04 
2016   5   9   2  30   0  4.7330850544455505e-04 
2016   5   9   3   0   0  4.8647229065605923e-04 
2016   5   9   3  30   0  4.7483628223865206e-04 
2016   5   9   4   0   0  4.6868387002858906e-04 
2016   5   9   4  30   0  4.5452323410293471e-04 
2016   5   9   5   0   0  4.4092069096050141e-04 
2016   5   9   5  30   0  4.3742942074065556e-04 
2016   5   9   6   0   0  4.4090398196839871e-04 
2016   5   9   6  30   0  4.4318327063803638e-04 
2016   5   9   7   0   0  4.4121008391576766e-04 
2016   5   9   7  30   0  4.7950340767763876e-04 
2016   5   9   8   0   0  5.2029595486938348e-04 
2016   5   9   8  30   0  5.0501843497008478e-04 
2016   5   9   9   0   0  4.7214240775381047e-04 
2016   5   9   9  30   0  3.4609454657785624e-04 
2016   5   9  10   0   0  2.6271680820079781e-04 
2016   5   9  10  30   0  1.5614516328710647e-04 
2016   5   9  11   0   0  2.0247766977274403e-04 
2016   5   9  11  30   0  1.8602428623397608e-04 
2016   5   9  12   0   0  1.4692322941831353e-04 
2016   5   9  12  30   0  6.4655593376029664e-05 
2016   5   9  13   0   0  6.4749055376369871e-05 
2016   5   9  13  30   0  6.2372082230622477e-05 
2016   5   9  14   0   0  2.1137315239528994e-05 
2016   5   9  14  30   0  8.5172423912886490e-06 
2016   5   9  15   0   0  7.5626128449862375e-06 
2016   5   9  15  30   0  7.7139618980835664e-06 
2016   5   9  16   0   0  7.4975566258286774e-06 
2016   5   9  16  30   0  7.5577238474702992e-06 
2016   5   9  17   0   0  7.8121344404208836e-06 
2016   5   9  17  30   0  3.2817865205891477e-05 
2016   5   9  18   0   0  9.2927925356946626e-05 
2016   5   9  18  30   0  1.4103586038371750e-04 
2016   5   9  19   0   0  1.4628943843664706e-04 
2016   5   9  19  30   0  1.7590055656991894e-04 
2016   5   9  20   0   0  2.8674987592306860e-04 
2016   5   9  20  30   0  3.0952662051789273e-04 
2016   5   9  21   0   0  3.1641341762114929e-04 
2016   5   9  21  30   0  3.2883547373761736e-04 
2016   5   9  22   0   0  3.1823879932401126e-04 
2016   5   9  22  30   0  3.2559722356324399e-04 
2016   5   9  23   0   0  3.2917542348713172e-04 
2016   5   9  23  30   0  3.3640684949281629e-04 
2016   5  10   0   0   0  5.8163249479352755e-04 
2016   5  10   0  30   0  5.6720056699273024e-04 
2016   5  10   1   0   0  5.3217731063502638e-04 
2016   5  10   1  30   0  5.1403120802369546e-04 
2016   5  10   2   0   0  5.0580723285118011e-04 
2016   5  10   2  30   0  5.5087184235508367e-04 
2016   5  10   3   0   0  5.3590503748348966e-04 
2016   5  10   3  30   0  5.5776700071506822e-04 
2016   5  10   4   0   0  7.1291426620058494e-04 
2016   5  10   4  30   0  6.8943667253419368e-04 
2016   5  10   5   0   0  7.4590603130307207e-04 
2016   5  10   5  30   0  6.3899501430120795e-04 
2016   5  10   6   0   0  5.8274917431024162e-04 
2016   5  10   6  30   0  5.9831905995053785e-04 
2016   5  10   7   0   0  6.1260937209733457e-04 
2016   5  10   7  30   0  5.2819143749989787e-04 
2016   5  10   8   0   0  5.9639993653861972e-04 
2016   5  10   8  30   0  6.1170751343735444e-04 
2016   5  10   9   0   0  6.2446629417888769e-04 
2016   5  10   9  30   0  6.3723149122541878e-04 
2016   5  10  10   0   0  6.2718791721764989e-04 
2016   5  10  10  30   0  6.7061455995842385e-04 
2016   5  10  11   0   0  7.0768703032315472e-04 
2016   5  10  11  30   0  7.0372384254233382e-04 
2016   5  10  12   0   0  7.1207652915943000e-04 
2016   5  10  12  30   0  6.5450390126223635e-04 
2016   5  10  13   0   0  5.2618442525416973e-04 
2016   5  10  13  30   0  4.1069326878497974e-04 
2016   5  10  14   0   0  3.8122963604168044e-04 
2016   5  10  14  30   0  2.7334094165943219e-04 
2016   5  10  15   0   0  2.7836254855400088e-04 
2016   5  10  15  30   0  3.2657561624634677e-04 
2016   5  10  16   0   0  3.2450664627019324e-04 
2016   5  10  16  30   0  2.3500744323095123e-04 
2016   5  10  17   0   0  5.2382115896338168e-04 
2016   5  10  17  30   0  7.2205260911702412e-04 
2016   5  10  18   0   0  6.5355164389440355e-04 
2016   5  10  18  30   0  5.3797905484795783e-04 
2016   5  10  19   0   0  4.2426806650872978e-04 
2016   5  10  19  30   0  4.0377756162593599e-04 
2016   5  10  20   0   0  3.9459015578697290e-04 
2016   5  10  20  30   0  3.7849548266662370e-04 
2016   5  10  21   0   0  2.7448360861273183e-04 
2016   5  10  21  30   0  2.4195084086369993e-04 
2016   5  10  22   0   0  2.4463586715630883e-04 
2016   5  10  22  30   0  2.3782567764842237e-04 
2016   5  10  23   0   0  2.1808241478912731e-04 
2016   5  10  23  30   0  2.0079393469046630e-04 
2016   5  11   0   0   0  1.7934972179714067e-04 
2016   5  11   0  30   0  1.7126234381605295e-04 
2016   5  11   1   0   0  1.8093330610300683e-04 
2016   5  11   1  30   0  1.9461922830678416e-04 
2016   5  11   2   0   0  1.9741646372069830e-04 
2016   5  11   2  30   0  2.3442870626778038e-04 
2016   5  11   3   0   0  2.7880156578642164e-04 
2016   5  11   3  30   0  3.2058529338086129e-04 
2016   5  11   4   0   0  3.4862882551035714e-04 
2016   5  11   4  30   0  3.7148831920537064e-04 
2016   5  11   5   0   0  4.0757680616887156e-04 
2016   5  11   5  30   0  4.3138726511050601e-04 
2016   5  11   6   0   0  4.4206309816395166e-04 
2016   5  11   6  30   0  4.1201758649567590e-04 
2016   5  11   7   0   0  3.9861442668717836e-04 
2016   5  11   7  30   0  3.5583998068756446e-04 
2016   5  11   8   0   0  3.3904048922106251e-04 
2016   5  11   8  30   0  3.1834679408064489e-04 
2016   5  11   9   0   0  2.9566365720091293e-04 
2016   5  11   9  30   0  2.4366500079651057e-04 
2016   5  11  10   0   0  2.5722728322245629e-04 
2016   5  11  10  30   0  1.9244872348595071e-04 
2016   5  11  11   0   0  1.8037448034191909e-04 
2016   5  11  11  30   0  1.8237502795635772e-04 
2016   5  11  12   0   0  1.7698676010026560e-04 
2016   5  11  12  30   0  1.8676008989860696e-04 
2016   5  11  13   0   0  1.6155349768153044e-04 
2016   5  11  13  30   0  1.9024985626487262e-04 
2016   5  11  14   0   0  1.5456373913154325e-04 
2016   5  11  14  30   0  1.8083859549717504e-04 
2016   5  11  15   0   0  1.6037006439832439e-04 
2016   5  11  15  30   0  1.9183493130334032e-04 
2016   5  11  16   0   0  1.9549980255574738e-04 
2016   5  11  16  30   0  1.7416249965999112e-04 
2016   5  11  17   0   0  1.9620400015281754e-04 
2016   5  11  17  30   0  2.0415147840913459e-04 
2016   5  11  18   0   0  2.0152292373429843e-04 
2016   5  11  18  30   0  1.9674951231126358e-04 
2016   5  11  19   0   0  1.9526898667058824e-04 
2016   5  11  19  30   0  1.9929763478206169e-04 
2016   5  11  20   0   0  1.9807365210378530e-04 
2016   5  11  20  30   0  2.0241176657977462e-04 
2016   5  11  21   0   0  1.9925681628982483e-04 
2016   5  11  21  30   0  2.0153091083654383e-04 
2016   5  11  22   0   0  1.9801432497083574e-04 
2016   5  11  22  30   0  2.1041634105939066e-04 
2016   5  11  23   0   0  2.1389297912480628e-04 
2016   5  11  23  30   0  2.1870494613054686e-04 
2016   5  12   0   0   0  3.3802038565897011e-04 
2016   5  12   0  30   0  4.9930212871797353e-04 
2016   5  12   1   0   0  1.0443920171818643e-03 
2016   5  12   1  30   0  2.0983302775696481e-03 
2016   5  12   2   0   0  2.2543370485079389e-03 
2016   5  12   2  30   0  1.2179878287698776e-03 
2016   5  12   3   0   0  7.0680358105662902e-04 
2016   5  12   3  30   0  6.8280242805888612e-04 
2016   5  12   4   0   0  6.8054293298789605e-04 
2016   5  12   4  30   0  4.5999044678658122e-04 
2016   5  12   5   0   0  3.8721138733218406e-04 
2016   5  12   5  30   0  4.4662348574519591e-04 
2016   5  12   6   0   0  5.6823122699025958e-04 
2016   5  12   6  30   0  4.8153922008449535e-04 
2016   5  12   7   0   0  3.2364916468544612e-04 
2016   5  12   7  30   0  2.5323417821508561e-04 
2016   5  12   8   0   0  2.4519183371585218e-04 
2016   5  12   8  30   0  2.4378480526772637e-04 
2016   5  12   9   0   0  2.6305211227660425e-04 
2016   5  12   9  30   0  2.8760837275482881e-04 
2016   5  12  10   0   0  2.8806458029936708e-04 
2016   5  12  10  30   0  2.9282744951925456e-04 
2016   5  12  11   0   0  3.0952477638618390e-04 
2016   5  12  11  30   0  3.1620219650834813e-04 
2016   5  12  12   0   0  3.2578500230928887e-04 
2016   5  12  12  30   0  3.4017889920564447e-04 
2016   5  12  13   0   0  3.5318856914854843e-04 
2016   5  12  13  30   0  3.3006453572155325e-04 
2016   5  12  14   0   0  2.8340724970458248e-04 
2016   5  12  14  30   0  2.6339336308455310e-04 
2016   5  12  15   0   0  2.5862271849744575e-04 
2016   5  12  15  30   0  2.2033505251856743e-04 
2016   5  12  16   0   0  2.2680550136860593e-04 
2016   5  12  16  30   0  1.9079575702335907e-04 
2016   5  12  17   0   0  1.3876349992356974e-04 
2016   5  12  17  30   0  1.4557154945538426e-04 
2016   5  12  18   0   0  1.4745330983715547e-04 
2016   5  12  18  30   0  1.6263991974748993e-04 
2016   5  12  19   0   0  1.8706912011542755e-04 
2016   5  12  19  30   0  2.1903765855038531e-04 
2016   5  12  20   0   0  3.1507921538449259e-04 
2016   5  12  20  30   0  3.1871684588247352e-04 
2016   5  12  21   0   0  3.4530998762731410e-04 
2016   5  12  21  30   0  3.5062543195098775e-04 
2016   5  12  22   0   0  3.9184177252480761e-04 
2016   5  12  22  30   0  3.3494969596013378e-04 
2016   5  12  23   0   0  2.7134954274979643e-04 
2016   5  12  23  30   0  2.4908386873161571e-04 
2016   5  13   0   0   0  2.8312261483543085e-04 
2016   5  13   0  30   0  2.8416222791194059e-04 
2016   5  13   1   0   0  2.4862956649563154e-04 
2016   5  13   1  30   0  2.0945753798705125e-04 
2016   5  13   2   0   0  1.9584231019326495e-04 
2016   5  13   2  30   0  1.9644175930811164e-04 
2016   5  13   3   0   0  1.8700058751291979e-04 
2016   5  13   3  30   0  1.9800049324841072e-04 
2016   5  13   4   0   0  2.0343473973077479e-04 
2016   5  13   4  30   0  2.0049606722085818e-04 
2016   5  13   5   0   0  1.9898240281915585e-04 
2016   5  13   5  30   0  1.9716621240761900e-04 
2016   5  13   6   0   0  2.0603678503219085e-04 
2016   5  13   6  30   0  2.0746136055670202e-04 
2016   5  13   7   0   0  1.8954489268388535e-04 
2016   5  13   7  30   0  1.4602507374102456e-04 
2016   5  13   8   0   0  9.1957288670249421e-05 
2016   5  13   8  30   0  5.4839693499732624e-05 
2016   5  13   9   0   0  3.2718141515915496e-05 
2016   5  13   9  30   0  1.6978847488169834e-05 
2016   5  13  10   0   0  4.3938988296518336e-06 
2016   5  13  10  30   0  4.0338520049030409e-06 
2016   5  13  11   0   0  4.1779281808188365e-06 
2016   5  13  11  30   0  4.6287605091330590e-06 
2016   5  13  12   0   0  4.8131202533709346e-06 
2016   5  13  12  30   0  4.7331371087469738e-06 
2016   5  13  13   0   0  4.7664061603131956e-06 
2016   5  13  13  30   0  4.7874926662871702e-06 
2016   5  13  14   0   0  4.7951187976955372e-06 
2016   5  13  14  30   0  4.8235586588239907e-06 
2016   5  13  15   0   0  5.0616383707996008e-06 
2016   5  13  15  30   0  5.3306400933666381e-06 
2016   5  13  16   0   0  5.4783591052062416e-06 
2016   5  13  16  30   0  5.5391507083999162e-06 
2016   5  13  17   0   0  5.6688654848708615e-06 
2016   5  13  17  30   0  5.7895093945815366e-06 
2016   5  13  18   0   0  5.8448797380046669e-06 
2016   5  13  18  30   0  5.7717803040930018e-06 
2016   5  13  19   0   0  5.7137901159603237e-06 
2016   5  13  19  30   0  4.9194014364208708e-06 
2016   5  13  20   0   0  4.3743287725199236e-06 
2016   5  13  20  30   0  4.5148901369055320e-06 
2016   5  13  21   0   0  6.6318757293363639e-06 
2016   5  13  21  30   0  9.0431799237083595e-06 
2016   5  13  22   0   0  7.2511208427579004e-06 
2016   5  13  22  30   0  1.3817901616389887e-05 
2016   5  13  23   0   0  2.1604315696889886e-05 
2016   5  13  23  30   0  1.6280213663151546e-04 
2016   5  14   0   0   0  2.2526333174541176e-04 
2016   5  14   0  30   0  2.1757099682864843e-04 
2016   5  14   1   0   0  1.9472722395609185e-04 
2016   5  14   1  30   0  2.2017844507922247e-04 
2016   5  14   2   0   0  2.4833575957727437e-04 
2016   5  14   2  30   0  1.2511596371679290e-03 
2016   5  14   3   0   0  1.2199842815527420e-03 
2016   5  14   3  30   0  7.9415973734094016e-04 
2016   5  14   4   0   0  7.9668208256790482e-04 
2016   5  14   4  30   0  7.5203428732588872e-04 
2016   5  14   5   0   0  8.1616703816200700e-04 
2016   5  14   5  30   0  1.6589202258242071e-03 
2016   5  14   6   0   0  5.3974323567321713e-04 
2016   5  14   6  30   0  2.2071335954134877e-04 
2016   5  14   7   0   0  2.5664559503411036e-05 
2016   5  14   7  30   0  6.6496261650409174e-06 
2016   5  14   8   0   0  6.7200985884737038e-06 
2016   5  14   8  30   0  6.5869031956091618e-06 
2016   5  14   9   0   0  6.7785287034098005e-06 
2016   5  14   9  30   0  6.9315431812286568e-06 
2016   5  14  10   0   0  7.0200567635661194e-06 
2016   5  14  10  30   0  6.6500134634414601e-06 
2016   5  14  11   0   0  6.2440033609600688e-06 
2016   5  14  11  30   0  6.0204530350500903e-06 
2016   5  14  12   0   0  5.9065704962827752e-06 
2016   5  14  12  30   0  6.1933620465770577e-06 
2016   5  14  13   0   0  6.2942773880793328e-06 
2016   5  14  13  30   0  5.5500531093939581e-06 
2016   5  14  14   0   0  6.6478892292075478e-06 
2016   5  14  14  30   0  8.1555037189886961e-06 
2016   5  14  15   0   0  9.6325798868086259e-06 
2016   5  14  15  30   0  9.0639539899444712e-06 
2016   5  14  16   0   0  8.7571058169895372e-06 
2016   5  14  16  30   0  9.0778516541717047e-06 
2016   5  14  17   0   0  8.4000694573451802e-06 
2016   5  14  17  30   0  9.3343978841225041e-06 
2016   5  14  18   0   0  1.0632854371202147e-05 
2016   5  14  18  30   0  1.0665042023307604e-05 
2016   5  14  19   0   0  9.7543251048996324e-06 
2016   5  14  19  30   0  9.2279822071288167e-06 
2016   5  14  20   0   0  9.1183277879519682e-06 
2016   5  14  20  30   0  1.0035308161251806e-04 
2016   5  14  21   0   0  1.5478570728204871e-04 
2016   5  14  21  30   0  2.4499515920811980e-04 
2016   5  14  22   0   0  3.0037527908279731e-04 
2016   5  14  22  30   0  3.8291379388065227e-04 
2016   5  14  23   0   0  4.9292843433133750e-04 
2016   5  14  23  30   0  5.0350611948199225e-04 
2016   5  15   0   0   0  4.4873909374928983e-04 
2016   5  15   0  30   0  4.1602250534912040e-04 
2016   5  15   1   0   0  4.3060581423688519e-04 
2016   5  15   1  30   0  4.3415439238992179e-04 
2016   5  15   2   0   0  4.2898841438262321e-04 
2016   5  15   2  30   0  4.4126965022099650e-04 
2016   5  15   3   0   0  3.7906328821053678e-04 
2016   5  15   3  30   0  2.4792744629063097e-04 
2016   5  15   4   0   0  9.8312044341674595e-05 
2016   5  15   4  30   0  1.3081939944114328e-05 
2016   5  15   5   0   0  1.2279728724507455e-05 
2016   5  15   5  30   0  1.1665270725191870e-05 
2016   5  15   6   0   0  1.0953639543443809e-05 
2016   5  15   6  30   0  1.0210711251189171e-05 
2016   5  15   7   0   0  9.4545196129704349e-06 
2016   5  15   7  30   0  8.4543394569178149e-06 
2016   5  15   8   0   0  8.0233450996171848e-06 
2016   5  15   8  30   0  2.0392378092148794e-04 
2016   5  15   9   0   0  4.8241725590063707e-04 
2016   5  15   9  30   0  5.3336079090539638e-04 
2016   5  15  10   0   0  5.4967825763437114e-04 
2016   5  15  10  30   0  5.5370187916160016e-04 
2016   5  15  11   0   0  5.9847609014925614e-04 
2016   5  15  11  30   0  9.4091105898507052e-04 
2016   5  15  12   0   0  1.2670630364028132e-03 
2016   5  15  12  30   0  1.3040760612247769e-03 
2016   5  15  13   0   0  1.3429176382019760e-03 
2016   5  15  13  30   0  1.1104427471445477e-03 
2016   5  15  14   0   0  9.5379707732632410e-04 
2016   5  15  14  30   0  7.1958212860371586e-04 
2016   5  15  15   0   0  6.0806222536683254e-04 
2016   5  15  15  30   0  5.6205404762833062e-04 
2016   5  15  16   0   0  5.0092341452728556e-04 
2016   5  15  16  30   0  5.5970763224157051e-04 
2016   5  15  17   0   0  6.2392757291110748e-04 
2016   5  15  17  30   0  7.3308529945488761e-04 
2016   5  15  18   0   0  7.1015189740864719e-04 
2016   5  15  18  30   0  6.1194213128621473e-04 
2016   5  15  19   0   0  6.4812692172544191e-04 
2016   5  15  19  30   0  7.9921001722016568e-04 
2016   5  15  20   0   0  8.9308923087195557e-04 
2016   5  15  20  30   0  1.2296130217159223e-03 
2016   5  15  21   0   0  1.3582748136352664e-03 
2016   5  15  21  30   0  1.3043044362336105e-03 
2016   5  15  22   0   0  1.2743691402517057e-03 
2016   5  15  22  30   0  1.2773219306290344e-03 
2016   5  15  23   0   0  1.2569064376745348e-03 
2016   5  15  23  30   0  1.2505875660770692e-03 
2016   5  16   0   0   0  8.7097918002344800e-04 
2016   5  16   0  30   0  8.4350093918780192e-04 
2016   5  16   1   0   0  8.3623173664637508e-04 
2016   5  16   1  30   0  8.3688910356142696e-04 
2016   5  16   2   0   0  8.4032097260625257e-04 
2016   5  16   2  30   0  8.4401086048034861e-04 
2016   5  16   3   0   0  8.5604603786040216e-04 
2016   5  16   3  30   0  8.5866416541959185e-04 
2016   5  16   4   0   0  8.6591758357333680e-04 
2016   5  16   4  30   0  8.8180920413750421e-04 
2016   5  16   5   0   0  9.1067072777517198e-04 
2016   5  16   5  30   0  9.4233455070804532e-04 
2016   5  16   6   0   0  9.6240346697403618e-04 
2016   5  16   6  30   0  8.6041682393875698e-04 
2016   5  16   7   0   0  6.6432615020015149e-04 
2016   5  16   7  30   0  3.0760533905702634e-04 
2016   5  16   8   0   0  7.3307895742005371e-05 
2016   5  16   8  30   0  1.3190981616628774e-05 
2016   5  16   9   0   0  1.3376167951723489e-05 
2016   5  16   9  30   0  1.3375468114975065e-05 
2016   5  16  10   0   0  1.2665816066963101e-05 
2016   5  16  10  30   0  1.1549188883946291e-05 
2016   5  16  11   0   0  1.1034140246831206e-05 
2016   5  16  11  30   0  1.0785554893983865e-05 
2016   5  16  12   0   0  9.1559305250635998e-06 
2016   5  16  12  30   0  9.3948113900368022e-06 
2016   5  16  13   0   0  7.6800906512663982e-06 
2016   5  16  13  30   0  9.0513231256216137e-06 
2016   5  16  14   0   0  8.5061772365114402e-06 
2016   5  16  14  30   0  8.5677316550468234e-06 
2016   5  16  15   0   0  9.0351318976827044e-06 
2016   5  16  15  30   0  9.0893060517432413e-06 
2016   5  16  16   0   0  8.5470200528435694e-06 
2016   5  16  16  30   0  2.5786848998359999e-06 
2016   5  16  17   0   0  1.5624506771246443e-06 
2016   5  16  17  30   0  1.9312670091741641e-06 
2016   5  16  18   0   0  2.5249333653310831e-06 
2016   5  16  18  30   0  3.0563702810281005e-06 
2016   5  16  19   0   0  3.2794417104520990e-06 
2016   5  16  19  30   0  3.4271895060250728e-06 
2016   5  16  20   0   0  4.0592472953986113e-06 
2016   5  16  20  30   0  3.8544219527057478e-06 
2016   5  16  21   0   0  4.2409837824795794e-06 
2016   5  16  21  30   0  4.7910798132730268e-06 
2016   5  16  22   0   0  5.1350185845809253e-06 
2016   5  16  22  30   0  5.3721827946336493e-06 
2016   5  16  23   0   0  5.7948308342895402e-06 
2016   5  16  23  30   0  5.4924411610108012e-06 
2016   5  17   0   0   0  5.7461934709318366e-06 
2016   5  17   0  30   0  5.8823609044663072e-06 
2016   5  17   1   0   0  5.5269779868753892e-06 
2016   5  17   1  30   0  2.5387340850816684e-05 
2016   5  17   2   0   0  8.4535421345237037e-05 
2016   5  17   2  30   0  1.4307096886749979e-04 
2016   5  17   3   0   0  1.7813791174488289e-04 
2016   5  17   3  30   0  2.3322853713674360e-04 
2016   5  17   4   0   0  2.3837011617667105e-04 
2016   5  17   4  30   0  2.2770249221332650e-04 
2016   5  17   5   0   0  1.8378641019922863e-04 
2016   5  17   5  30   0  1.4968744739249828e-04 
2016   5  17   6   0   0  5.9916374640777142e-05 
2016   5  17   6  30   0  6.9104507923529539e-06 
2016   5  17   7   0   0  6.9423652699372961e-06 
2016   5  17   7  30   0  7.3552819666951901e-06 
2016   5  17   8   0   0  7.5020104383346859e-06 
2016   5  17   8  30   0  5.9292265557006900e-06 
2016   5  17   9   0   0  5.7661736397323842e-06 
2016   5  17   9  30   0  4.8128966058196911e-06 
2016   5  17  10   0   0  4.6038642557646104e-06 
2016   5  17  10  30   0  4.2628480600084097e-06 
2016   5  17  11   0   0  4.1096683987602457e-06 
2016   5  17  11  30   0  4.0719681162034058e-06 
2016   5  17  12   0   0  4.0666081942341614e-06 
2016   5  17  12  30   0  4.0313502460314887e-06 
2016   5  17  13   0   0  3.7894583694850030e-06 
2016   5  17  13  30   0  3.4977931763782303e-06 
2016   5  17  14   0   0  3.4669631812497199e-06 
2016   5  17  14  30   0  3.2460654676141454e-06 
2016   5  17  15   0   0  2.8616600876182331e-06 
2016   5  17  15  30   0  2.6987520279922445e-06 
2016   5  17  16   0   0  2.3263808893021552e-06 
2016   5  17  16  30   0  2.6342101279267732e-06 
2016   5  17  17   0   0  2.3688353459509214e-06 
2016   5  17  17  30   0  2.3764373061198673e-06 
2016   5  17  18   0   0  2.1504108159933394e-06 
2016   5  17  18  30   0  2.0714732523053405e-06 
2016   5  17  19   0   0  2.4178522663440318e-06 
2016   5  17  19  30   0  2.4646315725794259e-06 
2016   5  17  20   0   0  2.0560133063540518e-06 
2016   5  17  20  30   0  2.1052921592004258e-06 
2016   5  17  21   0   0  2.0146549620885245e-06 
2016   5  17  21  30   0  2.1375041259893928e-06 
2016   5  17  22   0   0  2.4010156088871051e-06 
2016   5  17  22  30   0  2.5829534898505878e-06 
2016   5  17  23   0   0  2.9021735378693327e-06 
2016   5  17  23  30   0  3.3691202029888079e-06 
2016   5  18   0   0   0  5.0477804869750932e-06 
2016   5  18   0  30   0  4.9472855050960572e-06 
2016   5  18   1   0   0  4.4184490521496914e-06 
2016   5  18   1  30   0  4.2444835662050841e-06 
2016   5  18   2   0   0  4.5285029015514102e-06 
2016   5  18   2  30   0  5.1823925202978783e-06 
2016   5  18   3   0   0  6.0545276214503864e-06 
2016   5  18   3  30   0  6.7175200605597761e-06 
2016   5  18   4   0   0  7.2709765613054430e-06 
2016   5  18   4  30   0  7.5816686454397383e-06 
2016   5  18   5   0   0  7.6193515500160183e-06 
2016   5  18   5  30   0  7.3382410723769790e-06 
2016   5  18   6   0   0  7.0055677166597816e-06 
2016   5  18   6  30   0  6.0793991237200204e-06 
2016   5  18   7   0   0  5.1388686658903631e-06 
2016   5  18   7  30   0  4.6449594373200045e-06 
2016   5  18   8   0   0  4.2390912827599005e-06 
2016   5  18   8  30   0  4.3321243173324888e-06 
2016   5  18   9   0   0  4.1307587196772411e-06 
2016   5  18   9  30   0  4.0227263550795309e-06 
2016   5  18  10   0   0  3.5995712416841485e-06 
2016   5  18  10  30   0  3.9467896559135576e-06 
2016   5  18  11   0   0  4.5910937610713775e-06 
2016   5  18  11  30   0  4.9889667666780261e-06 
2016   5  18  12   0   0  4.7943510393999081e-06 
2016   5  18  12  30   0  5.0691705489182023e-06 
2016   5  18  13   0   0  5.2418916419820358e-06 
2016   5  18  13  30   0  5.2030401329268678e-06 
2016   5  18  14   0   0  4.8520895129975843e-06 
2016   5  18  14  30   0  4.8091224794765790e-06 
2016   5  18  15   0   0  4.5815292597079735e-06 
2016   5  18  15  30   0  4.7404879430167888e-06 
2016   5  18  16   0   0  4.9165946500784009e-06 
2016   5  18  16  30   0  5.0269455224571139e-06 
2016   5  18  17   0   0  4.9262980784102542e-06 
2016   5  18  17  30   0  4.8994037332368846e-06 
2016   5  18  18   0   0  1.7292159764497792e-04 
2016   5  18  18  30   0  3.7315536618386227e-04 
2016   5  18  19   0   0  3.5806712500434753e-04 
2016   5  18  19  30   0  3.5370911250685844e-04 
2016   5  18  20   0   0  3.6616397456933596e-04 
2016   5  18  20  30   0  3.5509089603244466e-04 
2016   5  18  21   0   0  3.6906377654657090e-04 
2016   5  18  21  30   0  3.6422603857394465e-04 
2016   5  18  22   0   0  3.5455997170992244e-04 
2016   5  18  22  30   0  3.5148295311677010e-04 
2016   5  18  23   0   0  3.5988453128966231e-04 
2016   5  18  23  30   0  3.5165606791888194e-04 
2016   5  19   0   0   0  3.3139631429874813e-04 
2016   5  19   0  30   0  3.3298583532622952e-04 
2016   5  19   1   0   0  3.5291121243167584e-04 
2016   5  19   1  30   0  3.5729889099761313e-04 
2016   5  19   2   0   0  3.8410016693962994e-04 
2016   5  19   2  30   0  4.0210670288384819e-04 
2016   5  19   3   0   0  4.1676299005435457e-04 
2016   5  19   3  30   0  4.2462249813243318e-04 
2016   5  19   4   0   0  4.4325004307090303e-04 
2016   5  19   4  30   0  4.5469364576776467e-04 
2016   5  19   5   0   0  4.1773709450481034e-04 
2016   5  19   5  30   0  4.1036981169105958e-04 
2016   5  19   6   0   0  4.0283126782813644e-04 
2016   5  19   6  30   0  3.0573274930195134e-04 
2016   5  19   7   0   0  1.6284654208601805e-04 
2016   5  19   7  30   0  1.2312037374595159e-04 
2016   5  19   8   0   0  1.3828333469616095e-04 
2016   5  19   8  30   0  1.2138474501593295e-04 
2016   5  19   9   0   0  8.6581505670714736e-05 
2016   5  19   9  30   0  1.2508438847310775e-05 
2016   5  19  10   0   0  5.5288555220315714e-06 
2016   5  19  10  30   0  6.1907185846684906e-06 
2016   5  19  11   0   0  6.3738537862164160e-06 
2016   5  19  11  30   0  6.0799460563986944e-06 
2016   5  19  12   0   0  5.3775899120990256e-06 
2016   5  19  12  30   0  5.3394451080291157e-06 
2016   5  19  13   0   0  5.1142155282746433e-06 
2016   5  19  13  30   0  5.2084381252215450e-06 
2016   5  19  14   0   0  5.1489809483413086e-06 
2016   5  19  14  30   0  5.1270050285412102e-06 
2016   5  19  15   0   0  5.2033271621281814e-06 
2016   5  19  15  30   0  5.3151629713441563e-06 
2016   5  19  16   0   0  5.4881925406482892e-06 
2016   5  19  16  30   0  2.8727743988773520e-05 
2016   5  19  17   0   0  8.9016272893456452e-05 
2016   5  19  17  30   0  6.8481400011590404e-05 
2016   5  19  18   0   0  4.5631611024354490e-05 
2016   5  19  18  30   0  3.5252057579270020e-05 
2016   5  19  19   0   0  5.0896685939438369e-05 
2016   5  19  19  30   0  4.3627586524660241e-05 
2016   5  19  20   0   0  6.2359174096888778e-05 
2016   5  19  20  30   0  1.0565580335256361e-04 
2016   5  19  21   0   0  1.7785396036059113e-04 
2016   5  19  21  30   0  3.0053000211225186e-04 
2016   5  19  22   0   0  3.8687602231294433e-04 
2016   5  19  22  30   0  3.8103937296830984e-04 
2016   5  19  23   0   0  3.9721277334220021e-04 
2016   5  19  23  30   0  4.0921860170935144e-04 
2016   5  20   0   0   0  3.2576058390908235e-04 
2016   5  20   0  30   0  3.6893388027825442e-04 
2016   5  20   1   0   0  3.6932434505439942e-04 
2016   5  20   1  30   0  3.6169375806942755e-04 
2016   5  20   2   0   0  3.5622219447687211e-04 
2016   5  20   2  30   0  3.6333656604042104e-04 
2016   5  20   3   0   0  3.9116624490961589e-04 
2016   5  20   3  30   0  4.2537530984380515e-04 
2016   5  20   4   0   0  4.4743466086092487e-04 
2016   5  20   4  30   0  4.6388238690149472e-04 
2016   5  20   5   0   0  4.7066817349418802e-04 
2016   5  20   5  30   0  4.8277568804243543e-04 
2016   5  20   6   0   0  4.5215489866942975e-04 
2016   5  20   6  30   0  4.0081442314721669e-04 
2016   5  20   7   0   0  3.8355784632532474e-04 
2016   5  20   7  30   0  3.5042373835199097e-04 
2016   5  20   8   0   0  2.8808147961088842e-04 
2016   5  20   8  30   0  1.8694054728163954e-04 
2016   5  20   9   0   0  1.0879411420368805e-04 
2016   5  20   9  30   0  5.7641821644697916e-05 
2016   5  20  10   0   0  3.7185073736034704e-05 
2016   5  20  10  30   0  1.0672047499338100e-05 
2016   5  20  11   0   0  6.6333962729364778e-06 
2016   5  20  11  30   0  6.4835497649250730e-06 
2016   5  20  12   0   0  6.5086444524757154e-06 
2016   5  20  12  30   0  6.4797329090863184e-06 
2016   5  20  13   0   0  6.5008031813471616e-06 
2016   5  20  13  30   0  6.9433230633159590e-06 
2016   5  20  14   0   0  6.4385682917930913e-06 
2016   5  20  14  30   0  5.9609564280917634e-06 
2016   5  20  15   0   0  5.9264110964409790e-06 
2016   5  20  15  30   0  5.8792062045485746e-06 
2016   5  20  16   0   0  5.4500138201194766e-06 
2016   5  20  16  30   0  5.4969804636378251e-06 
2016   5  20  17   0   0  5.5684529764326719e-06 
2016   5  20  17  30   0  5.7665325555501041e-06 
2016   5  20  18   0   0  2.7547577878613287e-05 
2016   5  20  18  30   0  1.0578438663235637e-04 
2016   5  20  19   0   0  2.2800757720347156e-04 
2016   5  20  19  30   0  2.0009754626509253e-04 
2016   5  20  20   0   0  2.2174333100336900e-04 
2016   5  20  20  30   0  2.8096457346519897e-04 
2016   5  20  21   0   0  3.0530717050237659e-04 
2016   5  20  21  30   0  2.8847070131460733e-04 
2016   5  20  22   0   0  2.7859310772605957e-04 
2016   5  20  22  30   0  2.5467498971568114e-04 
2016   5  20  23   0   0  2.2580802539512993e-04 
2016   5  20  23  30   0  2.6215530517888745e-04 
2016   5  21   0   0   0  2.6788087115242539e-04 
2016   5  21   0  30   0  2.6249336786937665e-04 
2016   5  21   1   0   0  2.9311017572108728e-04 
2016   5  21   1  30   0  3.2440874880402095e-04 
2016   5  21   2   0   0  3.5739308410000247e-04 
2016   5  21   2  30   0  4.0285377801518320e-04 
2016   5  21   3   0   0  4.7136915177712160e-04 
2016   5  21   3  30   0  5.0861940097494268e-04 
2016   5  21   4   0   0  5.4496128384826461e-04 
2016   5  21   4  30   0  4.9266169648549604e-04 
2016   5  21   5   0   0  4.9130105218936251e-04 
2016   5  21   5  30   0  4.0240144110808386e-04 
2016   5  21   6   0   0  3.2821389913006418e-04 
2016   5  21   6  30   0  2.1334677369121594e-04 
2016   5  21   7   0   0  1.4218017548274525e-04 
2016   5  21   7  30   0  7.4408997357116081e-05 
2016   5  21   8   0   0  5.7751320324558894e-06 
2016   5  21   8  30   0  6.5324044751271682e-06 
2016   5  21   9   0   0  5.5563551490114024e-06 
2016   5  21   9  30   0  4.9633586462015489e-06 
2016   5  21  10   0   0  5.4752423179127108e-06 
2016   5  21  10  30   0  5.1467854383239913e-06 
2016   5  21  11   0   0  4.9671619456365054e-06 
2016   5  21  11  30   0  4.4666164871377639e-06 
2016   5  21  12   0   0  4.8568217309949838e-06 
2016   5  21  12  30   0  4.9155242620291946e-06 
2016   5  21  13   0   0  4.9169773811250726e-06 
2016   5  21  13  30   0  4.7615721628624531e-06 
2016   5  21  14   0   0  4.7660588745576286e-06 
2016   5  21  14  30   0  4.4804619176624199e-06 
2016   5  21  15   0   0  4.3945363445842576e-06 
2016   5  21  15  30   0  4.6821445922700896e-06 
2016   5  21  16   0   0  6.3079925362627653e-06 
2016   5  21  16  30   0  6.3866875651667951e-06 
2016   5  21  17   0   0  6.0898565941089367e-06 
2016   5  21  17  30   0  6.6261267172473296e-06 
2016   5  21  18   0   0  6.5774972346281538e-06 
2016   5  21  18  30   0  6.3965060613417045e-06 
2016   5  21  19   0   0  6.3398479291995605e-06 
2016   5  21  19  30   0  7.2149046950678286e-06 
2016   5  21  20   0   0  7.3706748957570303e-06 
2016   5  21  20  30   0  7.2859108835461641e-06 
2016   5  21  21   0   0  7.1324981828681252e-06 
2016   5  21  21  30   0  3.5859368272421710e-05 
2016   5  21  22   0   0  9.7256490581145713e-05 
2016   5  21  22  30   0  1.3730659661347712e-04 
2016   5  21  23   0   0  1.9065533004029495e-04 
2016   5  21  23  30   0  1.2581974622110528e-04 
2016   5  22   0   0   0  1.5872540368701591e-04 
2016   5  22   0  30   0  1.6149894567913804e-04 
2016   5  22   1   0   0  1.5576820784494010e-04 
2016   5  22   1  30   0  1.4808342222185020e-04 
2016   5  22   2   0   0  1.7897121291319645e-04 
2016   5  22   2  30   0  2.1334976298674648e-04 
2016   5  22   3   0   0  2.2523953089008850e-04 
2016   5  22   3  30   0  2.8548623090945068e-04 
2016   5  22   4   0   0  3.0390567790656718e-04 
2016   5  22   4  30   0  2.7776138448149781e-04 
2016   5  22   5   0   0  2.1977385431988682e-04 
2016   5  22   5  30   0  1.2453401991191550e-04 
2016   5  22   6   0   0  3.6517737920960647e-05 
2016   5  22   6  30   0  6.4480787487667526e-06 
2016   5  22   7   0   0  5.9992524121707949e-06 
2016   5  22   7  30   0  5.0455195602945413e-06 
2016   5  22   8   0   0  4.7216224743412643e-06 
2016   5  22   8  30   0  5.2694112402490955e-06 
2016   5  22   9   0   0  4.8358625402495552e-06 
2016   5  22   9  30   0  4.6718704251142519e-06 
2016   5  22  10   0   0  4.2916575099150089e-06 
2016   5  22  10  30   0  4.1581562401559582e-06 
2016   5  22  11   0   0  3.7722938013757334e-06 
2016   5  22  11  30   0  3.9994228305922922e-06 
2016   5  22  12   0   0  4.0826335821525707e-06 
2016   5  22  12  30   0  4.1245349774249295e-06 
2016   5  22  13   0   0  3.6713344545436454e-06 
2016   5  22  13  30   0  3.7946585136153585e-06 
2016   5  22  14   0   0  3.2301726156361093e-06 
2016   5  22  14  30   0  3.2344018652704570e-06 
2016   5  22  15   0   0  3.6258777156193094e-06 
2016   5  22  15  30   0  3.9697157144672610e-06 
2016   5  22  16   0   0  4.0705722072709651e-06 
2016   5  22  16  30   0  3.9494446227062765e-06 
2016   5  22  17   0   0  3.6449753542368346e-06 
2016   5  22  17  30   0  3.9921402076194777e-06 
2016   5  22  18   0   0  4.1039503643595197e-06 
2016   5  22  18  30   0  4.2320415728478841e-06 
2016   5  22  19   0   0  4.4654714139090140e-06 
2016   5  22  19  30   0  4.6059611702508666e-06 
2016   5  22  20   0   0  4.7294444502482011e-06 
2016   5  22  20  30   0  4.8547934765032546e-06 
2016   5  22  21   0   0  5.0399105372314825e-06 
2016   5  22  21  30   0  5.3477362085565334e-06 
2016   5  22  22   0   0  5.1283291080633918e-06 
2016   5  22  22  30   0  5.2631136434674073e-06 
2016   5  22  23   0   0  1.6865790863610036e-05 
2016   5  22  23  30   0  5.7099261222365052e-05 
2016   5  23   0   0   0  1.0467535622101773e-04 
2016   5  23   0  30   0  1.4594810192713805e-04 
2016   5  23   1   0   0  1.9516179442486618e-04 
2016   5  23   1  30   0  2.3196665560033702e-04 
2016   5  23   2   0   0  2.7359420780629170e-04 
2016   5  23   2  30   0  3.0511108817240162e-04 
2016   5  23   3   0   0  3.5253201681762744e-04 
2016   5  23   3  30   0  3.7401089961778432e-04 
2016   5  23   4   0   0  3.3935188849054594e-04 
2016   5  23   4  30   0  3.1691537141231727e-04 
2016   5  23   5   0   0  3.1450844550244057e-04 
2016   5  23   5  30   0  2.7620964230362383e-04 
2016   5  23   6   0   0  2.3635535180375363e-04 
2016   5  23   6  30   0  1.7451148075739757e-04 
2016   5  23   7   0   0  8.3077040386693790e-05 
2016   5  23   7  30   0  9.2784464982225417e-06 
2016   5  23   8   0   0  4.9777116995674375e-06 
2016   5  23   8  30   0  4.9534670954020788e-06 
2016   5  23   9   0   0  5.1365606080952433e-06 
2016   5  23   9  30   0  5.3220469766749609e-06 
2016   5  23  10   0   0  5.2956438406661393e-06 
2016   5  23  10  30   0  5.6825762999469694e-06 
2016   5  23  11   0   0  5.9616285998233134e-06 
2016   5  23  11  30   0  6.0301801019418659e-06 
2016   5  23  12   0   0  5.7328009363231841e-06 
2016   5  23  12  30   0  5.9973915481200803e-06 
2016   5  23  13   0   0  6.0402668014214198e-06 
2016   5  23  13  30   0  6.0533221600645533e-06 
2016   5  23  14   0   0  6.2204437971059970e-06 
2016   5  23  14  30   0  6.3303558397638009e-06 
2016   5  23  15   0   0  6.5394091977570050e-06 
2016   5  23  15  30   0  6.4026444917539144e-06 
2016   5  23  16   0   0  6.3032507080232686e-06 
2016   5  23  16  30   0  6.1487752431892852e-06 
2016   5  23  17   0   0  6.3257042141360662e-06 
2016   5  23  17  30   0  6.2015230697358010e-06 
2016   5  23  18   0   0  6.1931537392939817e-06 
2016   5  23  18  30   0  6.1642805702402025e-06 
2016   5  23  19   0   0  5.9320101680006952e-06 
2016   5  23  19  30   0  5.7845052295588135e-06 
2016   5  23  20   0   0  5.7328899281750610e-06 
2016   5  23  20  30   0  5.8102386804927881e-06 
2016   5  23  21   0   0  6.0497848906924741e-06 
2016   5  23  21  30   0  6.2913580912967751e-06 
2016   5  23  22   0   0  6.8923985010783826e-06 
2016   5  23  22  30   0  7.3176256206249293e-06 
2016   5  23  23   0   0  6.6806435202032535e-06 
2016   5  23  23  30   0  6.2158654983165998e-06 
2016   5  24   0   0   0  8.5810221819286246e-06 
2016   5  24   0  30   0  1.0938766359928045e-05 
2016   5  24   1   0   0  5.0419700922398789e-05 
2016   5  24   1  30   0  9.2732150549194712e-05 
2016   5  24   2   0   0  1.5742641203580254e-04 
2016   5  24   2  30   0  2.3126932518993616e-04 
2016   5  24   3   0   0  3.3822763694392840e-04 
2016   5  24   3  30   0  3.8360831110480166e-04 
2016   5  24   4   0   0  4.7246669382269049e-04 
2016   5  24   4  30   0  4.4696782068459981e-04 
2016   5  24   5   0   0  3.8195131842836728e-04 
2016   5  24   5  30   0  3.5681237383770420e-04 
2016   5  24   6   0   0  2.7925965987751284e-04 
2016   5  24   6  30   0  2.0981553352871849e-04 
2016   5  24   7   0   0  1.3270297598669747e-04 
2016   5  24   7  30   0  9.0959125316465912e-05 
2016   5  24   8   0   0  4.2857907138146230e-05 
2016   5  24   8  30   0  6.5297855603053154e-06 
2016   5  24   9   0   0  6.4129350725112168e-06 
2016   5  24   9  30   0  5.9886934297410900e-06 
2016   5  24  10   0   0  6.5073992220824033e-06 
2016   5  24  10  30   0  6.7834379718304166e-06 
2016   5  24  11   0   0  2.8954274053625704e-04 
2016   5  24  11  30   0  2.9782513626518283e-04 
2016   5  24  12   0   0  8.5691156079987859e-06 
2016   5  24  12  30   0  9.1522588859384823e-06 
2016   5  24  13   0   0  8.8289729079842165e-06 
2016   5  24  13  30   0  8.4731360570718708e-06 
2016   5  24  14   0   0  8.8234352678276641e-06 
2016   5  24  14  30   0  8.9761933708514104e-06 
2016   5  24  15   0   0  9.3570375546207261e-06 
2016   5  24  15  30   0  9.9026325157238415e-06 
2016   5  24  16   0   0  9.8749096311769062e-06 
2016   5  24  16  30   0  9.9298825511387604e-06 
2016   5  24  17   0   0  9.0043099438139568e-06 
2016   5  24  17  30   0  8.2340807733499103e-06 
2016   5  24  18   0   0  8.3119361165647500e-06 
2016   5  24  18  30   0  8.3447983132375439e-06 
2016   5  24  19   0   0  8.7092515338493954e-06 
2016   5  24  19  30   0  3.3029743547688696e-05 
2016   5  24  20   0   0  2.1181802494000873e-04 
2016   5  24  20  30   0  2.1368396833237456e-04 
2016   5  24  21   0   0  1.5023075524857926e-04 
2016   5  24  21  30   0  2.5484411655375455e-04 
2016   5  24  22   0   0  7.4917829006931219e-04 
2016   5  24  22  30   0  7.3082502151302861e-04 
2016   5  24  23   0   0  7.1367515122671170e-04 
2016   5  24  23  30   0  7.2458934951409419e-04 
2016   5  25   0   0   0  7.3103674785610334e-04 
2016   5  25   0  30   0  7.3559822518404715e-04 
2016   5  25   1   0   0  7.3369997107350089e-04 
2016   5  25   1  30   0  7.6341388906983664e-04 
2016   5  25   2   0   0  8.1354687554148594e-04 
2016   5  25   2  30   0  7.8564189040270156e-04 
2016   5  25   3   0   0  7.8994447700454036e-04 
2016   5  25   3  30   0  8.2568043870390455e-04 
2016   5  25   4   0   0  8.6317584817995996e-04 
2016   5  25   4  30   0  1.0409918447247342e-03 
2016   5  25   5   0   0  9.5577282334696658e-04 
2016   5  25   5  30   0  1.0096446385055365e-03 
2016   5  25   6   0   0  1.0099425729028714e-03 
2016   5  25   6  30   0  1.0469548461155428e-03 
2016   5  25   7   0   0  1.0081499172544942e-03 
2016   5  25   7  30   0  9.7174609034082369e-04 
2016   5  25   8   0   0  8.8013145827150780e-04 
2016   5  25   8  30   0  1.1003157271968279e-03 
2016   5  25   9   0   0  9.7262900762540912e-04 
2016   5  25   9  30   0  1.0208538683136588e-03 
2016   5  25  10   0   0  8.8619989047060150e-04 
2016   5  25  10  30   0  8.1038970627684648e-04 
2016   5  25  11   0   0  5.7770209009795430e-04 
2016   5  25  11  30   0  5.5593114331824124e-04 
2016   5  25  12   0   0  9.7391646530253274e-05 
2016   5  25  12  30   0  3.9472054506455905e-05 
2016   5  25  13   0   0  3.2058725504777962e-05 
2016   5  25  13  30   0  2.4551463166766763e-05 
2016   5  25  14   0   0  9.4785538527172930e-06 
2016   5  25  14  30   0  9.6290925501529226e-06 
2016   5  25  15   0   0  9.3781740650689778e-06 
2016   5  25  15  30   0  8.8403338625448727e-06 
2016   5  25  16   0   0  8.7358188963433205e-06 
2016   5  25  16  30   0  5.1555903494346819e-05 
2016   5  25  17   0   0  8.7830467890747351e-05 
2016   5  25  17  30   0  6.7840249012659045e-05 
2016   5  25  18   0   0  4.2377480013138495e-04 
2016   5  25  18  30   0  6.3542538269348292e-04 
2016   5  25  19   0   0  7.2131172487205862e-04 
2016   5  25  19  30   0  6.6997163023884722e-04 
2016   5  25  20   0   0  6.8506526983442477e-04 
2016   5  25  20  30   0  7.3021417878853950e-04 
2016   5  25  21   0   0  7.3911948338811794e-04 
2016   5  25  21  30   0  6.9296701374621755e-04 
2016   5  25  22   0   0  6.4403195462276743e-04 
2016   5  25  22  30   0  6.3559043357314744e-04 
2016   5  25  23   0   0  6.4051448480565896e-04 
2016   5  25  23  30   0  6.4099630436671869e-04 
2016   5  26   0   0   0  6.1601411241692962e-04 
2016   5  26   0  30   0  6.0349012684023768e-04 
2016   5  26   1   0   0  6.0872735147944103e-04 
2016   5  26   1  30   0  6.4838194516869836e-04 
2016   5  26   2   0   0  6.8462676621599140e-04 
2016   5  26   2  30   0  7.0452507178496708e-04 
2016   5  26   3   0   0  7.1320037941253014e-04 
2016   5  26   3  30   0  6.8975744423890590e-04 
2016   5  26   4   0   0  6.4746213399158553e-04 
2016   5  26   4  30   0  5.9713670654447208e-04 
2016   5  26   5   0   0  5.7569844698283012e-04 
2016   5  26   5  30   0  5.5503020553610320e-04 
2016   5  26   6   0   0  5.2822731455927233e-04 
2016   5  26   6  30   0  5.2395628658351051e-04 
2016   5  26   7   0   0  5.3085504052831714e-04 
2016   5  26   7  30   0  5.1958776254105489e-04 
2016   5  26   8   0   0  4.9984475032354965e-04 
2016   5  26   8  30   0  3.7315583070707584e-04 
2016   5  26   9   0   0  3.9805335827538423e-04 
2016   5  26   9  30   0  4.2951153903756734e-04 
2016   5  26  10   0   0  3.6989763662432108e-04 
2016   5  26  10  30   0  3.4298110883702448e-04 
2016   5  26  11   0   0  3.2824716103743831e-04 
2016   5  26  11  30   0  2.4426254272944182e-04 
2016   5  26  12   0   0  1.9602185947630198e-04 
2016   5  26  12  30   0  2.0068199883751430e-04 
2016   5  26  13   0   0  2.4053098518010053e-04 
2016   5  26  13  30   0  2.8235032570792234e-04 
2016   5  26  14   0   0  2.9513456678451793e-04 
2016   5  26  14  30   0  2.8476018313621887e-04 
2016   5  26  15   0   0  2.6191313856383777e-04 
2016   5  26  15  30   0  2.6683207021009099e-04 
2016   5  26  16   0   0  2.4272545358416985e-04 
2016   5  26  16  30   0  2.4719859589033123e-04 
2016   5  26  17   0   0  1.8092647128363214e-04 
2016   5  26  17  30   0  1.4623919772442724e-04 
2016   5  26  18   0   0  1.1138602214085852e-04 
2016   5  26  18  30   0  7.0654199443149067e-05 
2016   5  26  19   0   0  4.9086802195987843e-05 
2016   5  26  19  30   0  3.6427879310006368e-05 
2016   5  26  20   0   0  3.4622089466030811e-05 
2016   5  26  20  30   0  3.3135371245251832e-05 
2016   5  26  21   0   0  3.1214418752771611e-05 
2016   5  26  21  30   0  2.5151485751929975e-05 
2016   5  26  22   0   0  3.3613693348159165e-05 
2016   5  26  22  30   0  4.4011387721090859e-05 
2016   5  26  23   0   0  6.3276088693158011e-05 
2016   5  26  23  30   0  7.3006498837224605e-05 
2016   5  27   0   0   0  6.2019173213883900e-05 
2016   5  27   0  30   0  4.9308523063764315e-05 
2016   5  27   1   0   0  4.4020084471181232e-05 
2016   5  27   1  30   0  4.7513330805025134e-05 
2016   5  27   2   0   0  5.1056318722003651e-05 
2016   5  27   2  30   0  4.2195009969799656e-05 
2016   5  27   3   0   0  4.5429780443137303e-05 
2016   5  27   3  30   0  4.1712705208988424e-05 
2016   5  27   4   0   0  4.1895213346606133e-05 
2016   5  27   4  30   0  4.1663355953878126e-05 
2016   5  27   5   0   0  3.6999297691375168e-05 
2016   5  27   5  30   0  3.5262502634301133e-05 
2016   5  27   6   0   0  2.8717033066343191e-05 
2016   5  27   6  30   0  2.7573145619334403e-05 
2016   5  27   7   0   0  3.5339724638110274e-05 
2016   5  27   7  30   0  4.8166599643772461e-05 
2016   5  27   8   0   0  4.5460135477631665e-05 
2016   5  27   8  30   0  3.1107366997866774e-05 
2016   5  27   9   0   0  2.4694971229270261e-05 
2016   5  27   9  30   0  2.9903009644629067e-05 
2016   5  27  10   0   0  3.0522323253429819e-05 
2016   5  27  10  30   0  2.3840991686370614e-05 
2016   5  27  11   0   0  2.5244683659084172e-05 
2016   5  27  11  30   0  3.4729279550902872e-05 
2016   5  27  12   0   0  3.7522616413815306e-05 
2016   5  27  12  30   0  3.2671328795771323e-05 
2016   5  27  13   0   0  2.9989830631447349e-05 
2016   5  27  13  30   0  2.8040675119885661e-05 
2016   5  27  14   0   0  2.4487518982180684e-05 
2016   5  27  14  30   0  1.3014890977984968e-05 
2016   5  27  15   0   0  3.4785132318662103e-05 
2016   5  27  15  30   0  4.7841705663330841e-05 
2016   5  27  16   0   0  1.2145142246494788e-05 
2016   5  27  16  30   0  1.4208586948807361e-05 
2016   5  27  17   0   0  1.7041295253280329e-05 
2016   5  27  17  30   0  2.5974942111962156e-05 
2016   5  27  18   0   0  3.2089965305362618e-05 
2016   5  27  18  30   0  4.2226206844006535e-05 
2016   5  27  19   0   0  4.3335434134317895e-05 
2016   5  27  19  30   0  3.7664217461334168e-05 
2016   5  27  20   0   0  3.6048221005161726e-05 
2016   5  27  20  30   0  5.5644099621076733e-05 
2016   5  27  21   0   0  6.7085419821967350e-05 
2016   5  27  21  30   0  6.9367608583904478e-05 
2016   5  27  22   0   0  7.8476977127096208e-05 
2016   5  27  22  30   0  7.6061875795530799e-05 
2016   5  27  23   0   0  9.1370567047136122e-05 
2016   5  27  23  30   0  8.8998157912138448e-05 
2016   5  28   0   0   0  6.3034048619103799e-05 
2016   5  28   0  30   0  6.3885288588281950e-05 
2016   5  28   1   0   0  7.8885928385953564e-05 
2016   5  28   1  30   0  1.0634334788056299e-04 
2016   5  28   2   0   0  1.4068582071095041e-04 
2016   5  28   2  30   0  1.4282192559205800e-04 
2016   5  28   3   0   0  1.6338956017762933e-04 
2016   5  28   3  30   0  1.8903523633810945e-04 
2016   5  28   4   0   0  1.9133348815115648e-04 
2016   5  28   4  30   0  1.8798567473272095e-04 
2016   5  28   5   0   0  1.6250155949239898e-04 
2016   5  28   5  30   0  1.4939292289309957e-04 
2016   5  28   6   0   0  1.4968763087371253e-04 
2016   5  28   6  30   0  1.4516426544741650e-04 
2016   5  28   7   0   0  1.6423592721678983e-04 
2016   5  28   7  30   0  1.6139586761862535e-04 
2016   5  28   8   0   0  9.7011649356401695e-05 
2016   5  28   8  30   0  9.3346328754650981e-05 
2016   5  28   9   0   0  1.3631388599692903e-04 
2016   5  28   9  30   0  2.8336622213094754e-04 
2016   5  28  10   0   0  2.6475609634381828e-04 
2016   5  28  10  30   0  2.5110920013384402e-04 
2016   5  28  11   0   0  2.4090414723287128e-04 
2016   5  28  11  30   0  2.3034371841826977e-04 
2016   5  28  12   0   0  2.1307296591198055e-04 
2016   5  28  12  30   0  2.1388428527264994e-04 
2016   5  28  13   0   0  2.2202410114798522e-04 
2016   5  28  13  30   0  2.2297873826723441e-04 
2016   5  28  14   0   0  2.2157986748534014e-04 
2016   5  28  14  30   0  2.1078604241233883e-04 
2016   5  28  15   0   0  2.1446230979995591e-04 
2016   5  28  15  30   0  2.1811644105078164e-04 
2016   5  28  16   0   0  2.1448977958902021e-04 
2016   5  28  16  30   0  2.1084492946352301e-04 
2016   5  28  17   0   0  2.1311394063777786e-04 
2016   5  28  17  30   0  1.9534699740252390e-04 
2016   5  28  18   0   0  1.8309545844064334e-04 
2016   5  28  18  30   0  1.7590371181310142e-04 
2016   5  28  19   0   0  2.0685472694487880e-04 
2016   5  28  19  30   0  2.3890216486998465e-04 
2016   5  28  20   0   0  2.4953968297104415e-04 
2016   5  28  20  30   0  2.6216782340218508e-04 
2016   5  28  21   0   0  2.8858146080621940e-04 
2016   5  28  21  30   0  3.0207245259378809e-04 
2016   5  28  22   0   0  2.8781584414222180e-04 
2016   5  28  22  30   0  2.6340057081956474e-04 
2016   5  28  23   0   0  2.6173420899245730e-04 
2016   5  28  23  30   0  2.6161830797642629e-04 
2016   5  29   0   0   0  2.3029522605322436e-04 
2016   5  29   0  30   0  2.2645846208426329e-04 
2016   5  29   1   0   0  2.2341916562390544e-04 
2016   5  29   1  30   0  2.2279188583838153e-04 
2016   5  29   2   0   0  2.2560587793151319e-04 
2016   5  29   2  30   0  2.2765890856705080e-04 
2016   5  29   3   0   0  2.2560833972890427e-04 
2016   5  29   3  30   0  2.1612089926790242e-04 
2016   5  29   4   0   0  2.2463450366556521e-04 
2016   5  29   4  30   0  2.4938045831976512e-04 
2016   5  29   5   0   0  2.7829311315454860e-04 
2016   5  29   5  30   0  3.0141320834174370e-04 
2016   5  29   6   0   0  3.0508892714344455e-04 
2016   5  29   6  30   0  3.1593282189751798e-04 
2016   5  29   7   0   0  3.2724695451401183e-04 
2016   5  29   7  30   0  4.3699368958275277e-04 
2016   5  29   8   0   0  3.1267252722723475e-04 
2016   5  29   8  30   0  2.9441523056750266e-04 
2016   5  29   9   0   0  3.3030693319160130e-04 
2016   5  29   9  30   0  3.9234377620102334e-04 
2016   5  29  10   0   0  3.9027335826136785e-04 
2016   5  29  10  30   0  3.5481042175537086e-04 
2016   5  29  11   0   0  2.7776379723880567e-04 
2016   5  29  11  30   0  2.4514435516068941e-04 
2016   5  29  12   0   0  1.6409814934557863e-04 
2016   5  29  12  30   0  7.3872187745977104e-05 
2016   5  29  13   0   0  8.0649403006406641e-05 
2016   5  29  13  30   0  8.1619066013988905e-05 
2016   5  29  14   0   0  3.6856517398326922e-05 
2016   5  29  14  30   0  4.9052484358913157e-05 
2016   5  29  15   0   0  4.1568621335517925e-06 
2016   5  29  15  30   0  4.1865944790273480e-06 
2016   5  29  16   0   0  4.7382023024305179e-06 
2016   5  29  16  30   0  4.4004487267777069e-06 
2016   5  29  17   0   0  3.2689054945845577e-06 
2016   5  29  17  30   0  3.0362735231248193e-05 
2016   5  29  18   0   0  3.1231311923481781e-05 
2016   5  29  18  30   0  3.1433209620957415e-05 
2016   5  29  19   0   0  3.7406638431574250e-05 
2016   5  29  19  30   0  4.5531830437751152e-05 
2016   5  29  20   0   0  8.4100311305731692e-05 
2016   5  29  20  30   0  1.1500166374103355e-04 
2016   5  29  21   0   0  1.5258415913560995e-04 
2016   5  29  21  30   0  1.7877426323709616e-04 
2016   5  29  22   0   0  1.6308561909446082e-04 
2016   5  29  22  30   0  1.8393784071803898e-04 
2016   5  29  23   0   0  2.1584673001554311e-04 
2016   5  29  23  30   0  2.4648158490636954e-04 
2016   5  30   0   0   0  3.5198528099881989e-04 
2016   5  30   0  30   0  3.5179504643749243e-04 
2016   5  30   1   0   0  3.1902949259585454e-04 
2016   5  30   1  30   0  3.6654805783304186e-04 
2016   5  30   2   0   0  3.7307034602667333e-04 
2016   5  30   2  30   0  4.4577371360053663e-04 
2016   5  30   3   0   0  4.7720266283550841e-04 
2016   5  30   3  30   0  5.5421356477320077e-04 
2016   5  30   4   0   0  4.8849300294354547e-04 
2016   5  30   4  30   0  4.5137221600699898e-04 
2016   5  30   5   0   0  4.4381750243948541e-04 
2016   5  30   5  30   0  4.4644792437867662e-04 
2016   5  30   6   0   0  6.1822890746841060e-04 
2016   5  30   6  30   0  5.8219544155240269e-04 
2016   5  30   7   0   0  5.6884291836773522e-04 
2016   5  30   7  30   0  3.5224776223653027e-04 
2016   5  30   8   0   0  3.0423292962056080e-04 
2016   5  30   8  30   0  3.5936404776046755e-04 
2016   5  30   9   0   0  3.6289146678111122e-04 
2016   5  30   9  30   0  3.2686225487027688e-04 
2016   5  30  10   0   0  2.5576332187026069e-04 
2016   5  30  10  30   0  1.1433304500047786e-04 
2016   5  30  11   0   0  1.1110963407323871e-04 
2016   5  30  11  30   0  1.0901586628243955e-04 
2016   5  30  12   0   0  3.5518006732353018e-05 
2016   5  30  12  30   0  5.9828639645905846e-05 
2016   5  30  13   0   0  3.3695883939763256e-04 
2016   5  30  13  30   0  4.8193717871303118e-04 
2016   5  30  14   0   0  4.7690686562285077e-04 
2016   5  30  14  30   0  4.5673840168560274e-04 
2016   5  30  15   0   0  2.7539192653588647e-04 
2016   5  30  15  30   0  3.2923861734385337e-04 
2016   5  30  16   0   0  4.4368502540594181e-04 
2016   5  30  16  30   0  4.5792742261095167e-04 
2016   5  30  17   0   0  4.5662948736156984e-04 
2016   5  30  17  30   0  4.8957800071357878e-04 
2016   5  30  18   0   0  5.0490443339337655e-04 
2016   5  30  18  30   0  4.8751387257516709e-04 
2016   5  30  19   0   0  4.9467537950207210e-04 
2016   5  30  19  30   0  5.0697751379988961e-04 
2016   5  30  20   0   0  5.2377572834337680e-04 
2016   5  30  20  30   0  5.4769895967046473e-04 
2016   5  30  21   0   0  5.6755934489377796e-04 
2016   5  30  21  30   0  5.7484869518118202e-04 
2016   5  30  22   0   0  6.0447579686610559e-04 
2016   5  30  22  30   0  5.9668892099873437e-04 
2016   5  30  23   0   0  5.9503604549801200e-04 
2016   5  30  23  30   0  6.3690547553362127e-04 
2016   5  31   0   0   0  6.8271167467878876e-04 
2016   5  31   0  30   0  7.3110899211879842e-04 
2016   5  31   1   0   0  7.2164437412073127e-04 
2016   5  31   1  30   0  6.9780501947109500e-04 
2016   5  31   2   0   0  7.2516107679140179e-04 
2016   5  31   2  30   0  7.7252792280900332e-04 
2016   5  31   3   0   0  8.2810199999872264e-04 
2016   5  31   3  30   0  8.4877985543429916e-04 
2016   5  31   4   0   0  8.3855636057603438e-04 
2016   5  31   4  30   0  8.6005096473533362e-04 
2016   5  31   5   0   0  9.8467356745979219e-04 
2016   5  31   5  30   0  1.3090329249966152e-03 
2016   5  31   6   0   0  1.1539544357166661e-03 
2016   5  31   6  30   0  1.0659375262888782e-03 
2016   5  31   7   0   0  1.0659060846734496e-03 
2016   5  31   7  30   0  1.0809784541687957e-03 
2016   5  31   8   0   0  1.0771779604446963e-03 
2016   5  31   8  30   0  7.8495413704927236e-04 
2016   5  31   9   0   0  6.6000927132106450e-04 
2016   5  31   9  30   0  4.3468222270608321e-04 
2016   5  31  10   0   0  4.8444174084725388e-04 
2016   5  31  10  30   0  4.9683192877038079e-04 
2016   5  31  11   0   0  3.7392847018750020e-04 
2016   5  31  11  30   0  3.3632780332939279e-04 
2016   5  31  12   0   0  2.6860049377426748e-04 
2016   5  31  12  30   0  3.0191682305685948e-04 
2016   5  31  13   0   0  2.4915442544410103e-04 
2016   5  31  13  30   0  1.8455494406598174e-04 
2016   5  31  14   0   0  8.7233667711405369e-05 
2016   5  31  14  30   0  1.5093242378464699e-04 
2016   5  31  15   0   0  8.5822783774203287e-05 
2016   5  31  15  30   0  1.7204911396758677e-04 
2016   5  31  16   0   0  2.3059555566688430e-04 
2016   5  31  16  30   0  2.2652708469150492e-04 
2016   5  31  17   0   0  2.7590754240784882e-04 
2016   5  31  17  30   0  2.9196333279327499e-04 
2016   5  31  18   0   0  2.4451024331342380e-04 
2016   5  31  18  30   0  2.0235525131094440e-04 
2016   5  31  19   0   0  1.4336368852161340e-04 
2016   5  31  19  30   0  2.3852227571604585e-04 
2016   5  31  20   0   0  3.2963247101378364e-04 
2016   5  31  20  30   0  5.2004090258453732e-04 
2016   5  31  21   0   0  8.0495279037444401e-04 
2016   5  31  21  30   0  9.3632796329462076e-04 
2016   5  31  22   0   0  6.3344736641926980e-04 
2016   5  31  22  30   0  6.6158588039316952e-04 
2016   5  31  23   0   0  9.4782370281917860e-04 
2016   5  31  23  30   0  1.0318668064357953e-03 
2016   6   1   0   0   0  1.0318668064357953e-03 
