3.0000000000	2.0000000000	1.6000000000	1.4000000000	1.2000000000	1.0000000000
735733.0034722223	135.4001474540	1263.2709031383	834.0387065686	521.1570219133	2618.3657491803
735733.0104166667	267.4586579523	945.3833703734	1691.1770803884	781.5066307555	2949.4136758240
735733.0173611111	186.0569568632	945.3833703734	506.9464159320	781.5066307555	2949.4136758240
735733.0243055556	206.8664064169	1012.0018735274	1201.3098901182	1133.5109735020	4523.8536771421
735733.0312500000	109.9251707447	1320.3506766236	654.9466202916	762.3509472077	3518.8936693335
735733.0381944445	100.9138146780	836.2637594559	1356.9346162982	973.2073991454	3523.7784187866
735733.0451388889	109.2802697107	1000.2928675112	330.5442133838	551.9518280794	2758.2096675862
735733.0520833334	143.1612028755	1199.2568110637	1100.5386599852	832.2867701988	2926.3987024225
735733.0590277778	79.6815687961	1137.9812900032	1100.5386599852	690.0218325201	2357.6095517108
735733.0659722223	116.9247080731	916.2197514395	939.2938909180	537.5067881994	3741.2664682539
735733.0729166667	154.2992436131	1084.2071294557	533.5510521418	632.9327663781	2684.4434781151
735733.0798611111	104.9399908460	1228.5634218042	775.3696568123	665.2331454683	3799.3897131215
735733.0868055556	127.4264492778	832.3359558859	1062.4647807715	607.4151509673	2661.4185043555
735733.0937500000	132.2473156487	702.2305502088	491.1137661022	502.1369127584	1667.5309320378
735733.1006944445	197.0064320281	765.2089503488	704.7054706351	441.3965608700	1877.7303677107
735733.1076388889	145.1871231417	1023.0983784855	638.6240204745	270.1098099311	1339.3134279254
735733.1145833334	146.9666620660	958.3126872252	1012.2627906575	856.4208906902	1992.6261221461
735733.1215277778	96.1599425075	776.5365288945	1013.9617396916	866.1253203787	1837.1064175141
735733.1284722223	123.3027822571	782.8100712602	705.6174238506	745.4619258405	1599.7903433157
735733.1354166667	91.7930568825	857.2084961669	671.0375862110	659.0394981963	1467.6290642981
735733.1423611111	75.8162008853	851.9760502649	541.0984456318	500.3327791966	1222.8732985956
735733.1493055556	117.5218536747	580.9259434284	699.7787558684	634.4931845281	1492.5243686876
735733.1562500000	101.9069456993	576.6049404115	845.8087773164	596.1472147207	1492.5243686876
735733.1631944445	83.4875497321	599.6693231252	712.5176498987	414.3691374901	1563.2202337883
735733.1701388889	137.6937875503	549.9404390012	221.1127597458	354.8127026829	855.8126573496
735733.1770833334	215.9820650933	784.8474186774	852.0367524660	678.0734448547	1602.4214741843
735733.1840277778	153.0937157261	813.4464941958	585.9910365825	184.8416528935	688.9220145202
735733.1909722223	90.8517173410	644.8924485720	645.5752115836	515.6637697176	2448.3203685716
735733.1979166667	133.9551151949	614.1163645852	457.6745165705	175.8434332299	1209.1534404195
735733.2048611111	139.5652247567	798.7810506325	473.5219836468	657.5506305793	1883.4276850792
735733.2118055556	160.3965324521	674.2606226978	441.8283790321	318.0165623079	667.1709202677
735733.2187500000	127.1066702665	1010.9558976215	564.8017650257	528.5815180711	845.9013531697
735733.2256944445	74.1327201123	1143.2485562546	515.9337317237	413.7530189326	995.7996910616
735733.2326388889	179.1078301472	838.3195998609	194.3038827107	324.8957390602	1111.1560748327
735733.2395833334	301.1505306474	854.0357263852	525.6939995388	475.3749718557	1096.1486944175
735733.2465277778	111.3213341266	936.5547957655	307.7210143776	394.6173282268	856.2113969719
735733.2534722223	108.9473246408	1065.3311309408	828.7284313105	319.1529887712	654.1889134195
735733.2604166667	192.6476383678	1275.3485652394	347.2537640311	474.9899093593	549.6071674799
735733.2673611111	146.0635123024	890.4646195268	920.0704871273	400.0619447222	785.5869085617
735733.2743055556	147.7260475279	1381.3681185403	545.2652519023	428.7942777532	807.5446437748
735733.2812500000	185.8311723122	1519.3729250220	593.5958421258	309.1446761174	806.5400758190
735733.2881944445	404.6656533913	1601.6930490369	401.7529600732	278.2045009863	1538.2903875038
735733.2951388889	272.8825654083	1328.0372311567	1597.9747201773	389.5513057884	1159.7909385396
735733.3020833334	421.6743878669	2413.7243987925	585.9125769716	217.5875546479	849.4564250419
735733.3090277778	534.3622210552	1222.6332102427	585.9125769716	922.7648157764	2088.7011195584
735733.3159722223	842.8964138010	691.1977320232	264.4648249477	1016.4502361596	2715.2479446882
735733.3229166667	817.3880927073	998.8390588910	750.0774826437	589.8537396096	1550.8906362819
735733.3298611111	1115.7587971250	1429.0077750703	2310.5650103029	19567.2134994836	1739.3985205237
735733.3368055556	0.0000000000	0.0000000000	0.0000000000	0.0000000000	0.0000000000
735733.3437500000	0.0000000000	0.0000000000	0.0000000000	0.0000000000	0.0000000000
735733.3506944445	0.0000000000	0.0000000000	0.0000000000	0.0000000000	0.0000000000
735733.3576388889	0.0000000000	0.0000000000	0.0000000000	0.0000000000	0.0000000000
735733.3645833334	4079.5774805608	19.5855273557	3222.0564782907	1105.9182125647	781.2650241688
735733.3715277778	1865.4489163221	2021.0113432552	4623.5939725120	2207.7818443659	2801.7724411516
735733.3784722223	2649.5075727757	2788.5184928459	1829.2792270256	2583.8480025361	4425.6854234713
735733.3854166667	2672.1278732412	1639.0685440207	3138.3526080722	1364.4562816512	5499.3476917055
735733.3923611111	5415.6953154868	10977.8003789252	11003.9889983942	6764.8522387903	6327.2339289529
735733.3993055556	3405.7050076589	3486.9044302506	3261.6245528844	2532.0737189379	8259.8460359929
735733.4062500000	4586.6852358274	7973.1487350710	8382.3309069405	8023.8323423080	5670.5017639439
735733.4131944445	845.3028407850	1590.6080462413	1809.8308239090	821.0767308075	2042.3509085438
735733.4201388889	2921.5417435043	1590.6080462413	2795.2112862946	7453.4552407952	21069.0790406234
735733.4270833334	5126.6684320288	6217.0414340841	5605.5262733007	10967.2425196144	8863.2130133372
735733.4340277778	4989.1058929105	6217.0414340841	5605.5262733007	3963.5482653053	9458.9588642786
735733.4409722223	3844.3025908766	4820.5018828326	6439.9735244874	3868.4005690372	5636.9240383241
735733.4479166667	2559.6945333389	3759.4079718513	1413.5300166148	2772.8525152351	1405.9324194271
735733.4548611111	1028.1729656764	1947.3093155616	1997.8135855358	1475.3132853435	1198.8529467919
735733.4618055556	822.6621021802	540.4111438691	470.8180267892	947.5168439723	3010.0341916479
735733.4687500000	3187.8418858609	4134.0181086174	1245.1499375323	1049.5405140561	4423.0065593035
735733.4756944445	2376.2962015902	2356.1375823700	3644.2399350700	5260.0830989288	1834.1752518254
735733.4826388889	1040.9972597935	721.5785793595	806.5609255315	1244.1731346574	2099.8486959175
735733.4895833334	663.0167249298	2826.1210301849	1238.2891503523	1081.1274791599	1815.7608853866
735733.4965277778	4618.4027077759	5356.3405884311	2439.1239414042	1504.6628583882	1504.2005155217
735733.5034722223	1747.7753825773	1727.5688994992	933.4578491335	3099.7037129039	2008.5291656495
735733.5104166666	3320.5719010374	5069.2547376636	1822.9546120872	1827.6096840658	7006.8622322523
735733.5173611111	2596.9418887891	10001.9992491905	6236.3709999520	3413.7953850590	8674.7424782904
735733.5243055555	3487.0880862192	5774.5915180246	6808.7944145373	2066.8932050030	6138.8397650016
735733.5312500000	5222.1032591990	6576.3000140195	4909.6844674821	3981.9490466266	4075.5270018259
735733.5381944444	1061.2348090312	6524.9270757894	4890.6601926347	3238.2953628048	1441.2651447463
735733.5451388889	1452.5592652026	2503.9360660387	1484.2245601970	1372.8200965750	1936.1417817004
735733.5520833333	9306.5792764721	13177.4089216584	8735.5155035509	5963.9005332135	3720.8219387861
735733.5590277778	1832.9072647332	2597.7756171974	2071.0854700221	2750.0926936547	4062.5057936942
735733.5659722223	1306.9980585906	3622.2902601034	1552.5172065661	5512.6403631915	5201.1786778638
735733.5729166666	3194.8698622689	3996.3877014231	1625.6664969632	3659.9576324761	2910.1165622758
735733.5798611111	1407.3517618214	894.2401521304	2031.3353899603	1365.7153982348	9215.1723829512
735733.5868055555	4308.4283174639	1408.6269925590	4418.8721233389	2418.9008739318	4976.0769253435
735733.5937500000	2684.0454923503	4036.9908265010	2223.7178557971	3932.9213752346	7225.2394905350
735733.6006944444	2011.4410145175	3314.4257454659	2430.5717988542	847.9918531109	1499.9859515391
735733.6076388889	752.8688192657	1164.2905210027	1569.2299087711	1942.2929191163	2923.3592272868
735733.6145833333	1422.2790717746	2762.8935696607	2748.5678889467	2093.6676424206	2466.5941362061
735733.6215277778	940.1772154210	677.8877936045	657.3407659997	1087.8487707407	1251.8603709872
735733.6284722223	1004.7610318374	372.5622567918	831.7966714824	1807.6762225847	3970.7365690197
735733.6354166666	987.5543874951	534.3186249766	2146.3022187475	493.0335577202	1215.2416588586
735733.6423611111	1405.2049151425	1653.0939295387	966.7445071410	1901.2111389105	3165.9302808854
735733.6493055555	1680.9354700362	1169.0207382022	734.2537089807	1375.2755999770	1987.6044351738
735733.6562500000	785.0093543731	538.6102862917	944.5026051286	684.4752744449	1506.8171380314
735733.6631944444	1267.4972766993	772.9094909468	521.3561933813	553.1902094162	831.9664938442
735733.6701388889	773.5375043571	878.4784338294	1301.0237901329	1432.3627487246	2255.9958443891
735733.6770833333	488.8510505849	1557.9859118703	954.2528222471	541.5611334486	778.2423435896
735733.6840277778	810.6826537125	676.5656140473	1800.8775864564	1028.4559909849	1932.2893486012
735733.6909722223	855.3599269616	935.5334174501	889.6615822722	952.6817429941	802.3688464733
735733.6979166666	885.1173920076	1368.0038563310	740.5970606813	641.9584761158	779.8607548322
735733.7048611111	955.0995752667	2017.7735593078	1309.0695241895	2181.0521201322	1420.9406771816
735733.7118055555	1802.3362494321	391.7540423175	634.1584928919	1026.8375437108	2393.6916267232
735733.7187500000	1009.3084772407	237.5628547419	962.1126130612	1644.8841343048	3978.0672743129
735733.7256944444	1662.2506606834	1038.3585927984	1610.7498719717	977.7221377561	1491.5819506078
735733.7326388889	1042.8150449636	1590.1326764195	2112.8981830579	3134.1841086852	1412.1070469113
735733.7395833333	0.0000000000	0.0000000000	0.0000000000	0.0000000000	0.0000000000
735733.7465277778	1181.6723998899	1046.9121361140	1290.1079790028	1357.7314487647	1612.2289626229
735733.7534722223	1342.1619307464	3464.0940856238	2223.4268541363	418.6742726228	3384.0670128564
735733.7604166666	1730.5340014469	1795.9469769579	2174.7541665574	1230.9520856427	2019.5645208503
735733.7673611111	2154.4800461031	2008.4125643469	1609.2729019054	1997.0497741886	804.9641174863
735733.7743055555	2731.0662532723	1206.6020987300	1472.2815029352	2077.4139927820	4566.7479093725
735733.7812500000	2604.3120846239	5939.6996408086	3119.4684194669	3061.8116338435	1248.5139865421
735733.7881944444	1818.5420831866	6170.3020148059	3190.4586697654	1835.0816569288	5376.2292665827
735733.7951388889	972.4149169160	1185.3956554127	2121.8648670147	1022.9793542020	600.9832268010
735733.8020833333	793.0192522144	1492.3121707578	1477.2871485507	1316.3817803779	2958.5485577760
735733.8090277778	1296.8862507344	785.9753188160	1791.6041340602	2845.4291506172	4494.6035902887
735733.8159722223	1227.4497704313	1575.7586873168	1309.6695813868	4042.9686232049	3316.1657686398
735733.8229166666	1769.8444367317	1094.5628280778	1847.6167977763	2437.6301365710	2024.9404617506
735733.8298611111	1145.9442535123	413.9729282388	469.9527639134	783.9272145838	407.9414975267
735733.8368055555	1610.3273904332	800.5113406748	1095.6265110817	1009.3213916305	2208.4532821030
735733.8437500000	1464.2902191771	1255.8134689277	1496.4451784200	2050.1363095490	4152.7360785838
735733.8506944444	910.8349742338	1164.3212926467	1336.6510053151	718.6550682809	1426.8419123759
735733.8576388889	2132.5383085284	1461.9337431253	2925.7023218136	4024.4468679303	4314.0762943646
735733.8645833333	392.8707140064	967.0320618775	2162.6058393756	800.2353724237	1301.7964083181
735733.8715277778	136.2655006432	125.7404363725	1057.1115760549	679.7141700179	2220.4265585510
735733.8784722223	765.8328403267	849.6486292919	1742.0324783348	1281.3662150112	1793.6683682658
735733.8854166666	471.7886294148	281.4527133697	403.5993005280	518.7028524722	1436.4606599544
735733.8923611111	529.5019291428	1673.4977919514	930.6095816904	1301.2740745884	1627.4384201399
735733.8993055555	1264.6208534091	1351.1011335741	1040.7506616404	1273.7560954607	863.9557890461
735733.9062500000	396.8768147632	825.1878130633	610.1182999509	407.4144513304	1367.7279525889
735733.9131944444	514.4084828865	1784.4197675143	1598.2428343567	1659.8770458560	2166.5418397982
735733.9201388889	378.4520626822	1774.3543873411	656.1103269473	426.9493554513	917.4114860346
735733.9270833333	293.1577348186	299.8423045780	750.8259816198	479.9599777161	1546.6761230159
735733.9340277778	280.1662496768	910.2333303396	474.2431703663	834.4347993484	904.4832719154
735733.9409722223	346.7786977925	1273.5039861902	713.9786429518	671.2928027678	877.3599988926
735733.9479166666	114.7480163983	846.1729978795	782.2071427763	529.6881173339	1206.1232190631
735733.9548611111	277.2577484702	1212.2523314875	1369.3734140926	1146.4304629110	1028.3794018086
735733.9618055555	243.9219851193	318.7645342840	428.7922282075	786.1472277074	835.6610376972
735733.9687500000	217.7055841758	368.6960606213	600.6868243519	659.2476593901	1047.4399654328
735733.9756944444	208.7070157532	232.6001089885	469.3189450910	689.8369071329	656.3778634984
735733.9826388889	419.8044966652	449.3975879384	597.6845134236	770.2016445106	895.7421747660
735733.9895833333	456.4807515240	607.3871332138	948.5559552148	476.4629920387	882.3969114242
735733.9965277778	398.7136032097	792.8149519125	549.8436470283	873.0812784643	876.3606586405
