3.0000000000	2.0000000000	1.6000000000	1.4000000000	1.2000000000	1.0000000000
735709.0034722223	114.4609788252	589.4573919325	839.1468845226	1016.4985427371	2597.3895420894
735709.0104166667	846.1692858285	766.4326521737	595.9380444566	817.1255678260	4059.7745437939
735709.0173611111	914.8114940919	1916.8154001222	549.6115884032	842.8485961795	4433.6759010343
735709.0243055556	452.8692428587	1268.1328878405	1420.0019570491	1757.4235522001	3476.3995528995
735709.0312500000	526.0210081035	728.6407049143	1420.0019570491	452.2001147034	3366.8842822673
735709.0381944445	362.4343652570	436.1592639392	966.1579978817	707.7783592423	1705.7072560298
735709.0451388889	703.0526902494	369.5722086239	656.4604025726	575.1907565641	1303.6210270601
735709.0520833334	1007.8017877124	1356.7460264596	783.7939366639	447.1097262483	2397.7492915651
735709.0590277778	721.1025151325	956.3411206180	783.7939366639	980.4449279991	2397.7492915651
735709.0659722223	791.1801970973	1407.6075110224	429.8353909252	423.5256228475	2526.1102142662
735709.0729166667	368.6233713170	592.3067047973	1690.4958081684	979.2015909732	1908.9719059614
735709.0798611111	791.8406477781	785.1828452173	759.9756682189	747.8582038005	1889.7367963218
735709.0868055556	239.9998791995	1240.4214803917	1049.9494256036	236.5802708585	1261.4086063927
735709.0937500000	442.8619184656	999.4806278468	885.8325445860	958.8210741035	1186.1453374917
735709.1006944445	494.2355368177	392.8071251967	1247.7263924492	1306.6100669809	1598.7513338831
735709.1076388889	546.2833656594	1291.6653223338	997.7283260254	799.2308303442	827.3200388474
735709.1145833334	309.5350975906	756.3353130238	288.9864034374	869.3695776061	1178.4513272151
735709.1215277778	286.9835173173	686.0083063720	400.9520556113	542.0581245449	1874.2919927183
735709.1284722223	382.6817228641	1715.4690008929	472.9906741108	299.8222686613	991.0618888404
735709.1354166667	84.0542598811	779.5735391261	620.1023982368	359.6894621745	1833.6546353162
735709.1423611111	386.5752596122	539.2900462201	287.8635637477	467.6580184522	904.0152443655
735709.1493055556	110.4181601769	716.6486934527	493.4677098534	607.0571533104	1158.3716444928
735709.1562500000	143.8917944553	716.6486934527	322.2674684640	525.2190071519	894.2456911779
735709.1631944445	186.7287890367	687.8071618520	420.5828669737	580.5252236173	787.6146940037
735709.1701388889	186.7287890367	687.8071618520	297.1217625843	576.6621014055	551.5617999606
735709.1770833334	216.7544110044	562.2971782927	258.7127612040	415.6651789740	765.7581230992
735709.1840277778	89.3338013609	580.0693971102	431.1612466589	687.6134601431	765.7581230992
735709.1909722223	99.8853829294	545.6423113719	537.8114241397	618.4269696215	1334.1374212087
735709.1979166667	145.8515812440	703.0719694091	377.7751959886	255.2485199573	1305.5621861669
735709.2048611111	260.2991417658	421.3307974450	328.6586542896	510.2400603405	1352.4559982248
735709.2118055556	129.6114671877	472.2374296952	379.9039072052	514.3305263439	1790.2201655476
735709.2187500000	226.6440347719	539.6785175185	178.6204783043	362.3856573804	1687.6088216937
735709.2256944445	75.7956869852	811.2521700216	331.2982724538	351.1374941942	1698.1530872686
735709.2326388889	193.8330537801	610.9200033625	631.8439216390	597.3210276458	1885.0315991624
735709.2395833334	133.0899701126	899.0326058141	623.1935091073	903.3551629734	2744.2432109198
735709.2465277778	252.7712650087	813.0062956221	520.2788655857	282.7999866692	3133.6257662980
735709.2534722223	137.0436556058	454.5145053278	335.7096111260	398.8314542965	3979.2153390546
735709.2604166667	68.1945476943	407.2250448191	377.7031694449	708.4182863363	1611.9123667582
735709.2673611111	48.3500496851	443.6204160176	541.9995923213	842.7565644452	2754.2334530054
735709.2743055556	140.4532205362	612.5544309288	280.3155869684	644.3832062227	2036.8050903422
735709.2812500000	88.1079986622	560.7552769247	280.3155869684	325.3191332537	1930.5770696054
735709.2881944445	207.3698545672	693.4318934112	413.3654620429	699.2710116633	1790.8998438249
735709.2951388889	227.9041844209	486.5175549519	413.3654620429	681.0170121569	3142.7766872464
735709.3020833334	85.4630345303	642.0062013292	611.9652154983	579.6383804183	2429.5951218285
735709.3090277778	156.4150055527	642.0062013292	308.4284762913	579.6383804183	1593.2826048241
735709.3159722223	75.5607095114	652.3414968502	403.7034378549	584.4060524809	1852.3468816270
735709.3229166667	55.3498639393	535.6713393830	386.5867027491	461.4403800662	1514.7886215674
735709.3298611111	179.1337200402	508.2208154640	885.2658314622	777.0616493765	4265.6553559522
735709.3368055556	125.3844079301	725.8545296596	278.2711187846	918.8367647324	1806.5272879208
735709.3437500000	79.1580540585	475.6077849253	536.5246473342	272.8752140869	1423.9342487212
735709.3506944445	93.2026813844	503.6939262286	270.5106596098	443.5474906186	2194.1085506907
735709.3576388889	202.2679851648	631.7862523351	231.9900149862	453.8141131658	2523.3041336389
735709.3645833334	0.0000000000	0.0000000000	0.0000000000	0.0000000000	0.0000000000
735709.3715277778	25.8643861758	269.0615370185	393.6042995518	448.6578960366	1943.1163016950
735709.3784722223	73.0645992215	436.2710062932	306.2359895989	369.3702218085	1782.9260921493
735709.3854166667	104.2975208671	335.1393816263	322.2787392407	491.5924882024	2453.3449691786
735709.3923611111	104.2975208671	407.3452120573	934.9700926754	736.6785584349	2453.3449691786
735709.3993055556	178.3095610756	566.5573856038	449.5561632807	305.8714479170	3290.3964297574
735709.4062500000	72.1727052050	527.8510742966	417.0714753799	731.0028610655	3151.5888715038
735709.4131944445	115.1352403250	354.9355620207	332.9599972730	363.1932127240	2765.4072871140
735709.4201388889	91.6766963627	354.9355620207	209.3560738476	811.2004953808	2891.2913261848
735709.4270833334	144.7641219789	628.7007274640	1379.0409034048	1003.2937636997	5920.6476789490
735709.4340277778	155.1865732469	493.4895014435	1027.6103835485	1388.6286751688	4568.0989120299
735709.4409722223	46.7645847229	378.9333644698	243.3738553613	732.6671521411	5660.6397768690
735709.4479166667	314.6532090310	364.3012702641	284.3357447570	960.2098409720	7785.2125886315
735709.4548611111	207.5358863758	708.1042780216	936.1770232155	1595.6316609137	10009.6380077419
735709.4618055556	113.6834945281	422.5073633287	816.5431979567	706.1647666435	5931.6948708690
735709.4687500000	129.5415763927	474.9768062514	500.3677854397	878.4070395251	4965.5789202992
735709.4756944445	112.7826997754	440.3542813964	859.6638638466	1779.8865160906	9014.1380830581
735709.4826388889	213.4860537919	738.4429864673	847.9113232394	1360.8683200635	6681.7483837499
735709.4895833334	150.8797207541	629.1888611210	872.2428035124	1309.3049495652	8702.7798482512
735709.4965277778	227.4240931547	709.1986986926	901.4384570634	2005.5262894825	7446.3365135449
735709.5034722223	582.4353578889	456.3436131256	779.4021377306	1587.7738019333	5785.3659750793
735709.5104166666	711.7031811226	1082.6695200129	1267.8638634812	1373.4169954227	11494.1510320953
735709.5173611111	149.5054152201	826.3235808678	611.9090074921	1910.2710390142	4648.4278280304
735709.5243055555	137.3536815656	691.6475357290	734.8155656726	1658.0024268024	7698.9598667664
735709.5312500000	234.5512323283	412.7785262276	843.4200218212	838.3984519016	4886.6497690802
735709.5381944444	219.8073351852	694.1622707968	828.0903904021	1032.0948759324	9010.2601760918
735709.5451388889	265.7384141305	1090.1631719550	970.0013563849	1156.5236380512	7402.8779300812
735709.5520833333	751.3795531397	1234.1471661158	520.5613222556	1415.1064753189	7189.2829845030
735709.5590277778	243.7542987439	429.9926354536	855.1862052895	1087.7078794660	7984.4781853634
735709.5659722223	439.5147050141	1542.9700116493	3438.3264930338	3533.1317775607	11042.6791158827
735709.5729166666	447.4979359245	1197.6766249205	1148.7638153170	1674.7022650423	8961.7056057809
735709.5798611111	149.5998322606	1435.1076604481	2331.7897566566	3224.8183919826	9597.1725176282
735709.5868055555	960.7348905562	1352.0572255848	1052.5439141880	3193.8486304146	9808.0046299689
735709.5937500000	549.2701684946	553.5466736955	2020.3163218475	1835.6448157520	15394.4429479616
735709.6006944444	343.5399827877	996.9074556057	1187.5381295646	961.3529785538	8376.9049627738
735709.6076388889	428.1977241386	990.2293751216	2178.7652101364	2374.5614131898	12746.4456731248
735709.6145833333	441.9314517688	1134.7620278699	781.8496295738	1523.7121023604	5412.6275018770
735709.6215277778	873.4598951618	1641.4669639422	1475.7724933812	2463.3551206160	7132.7844100271
735709.6284722223	631.2733563817	1679.9393865911	1139.5028758362	1181.7424775214	9818.4902417668
735709.6354166666	342.1070115679	1328.4335767435	623.8160993704	1448.3985465387	6906.9905928429
735709.6423611111	340.3221183463	820.8987193815	617.4923978932	606.4073381894	4603.6534387610
735709.6493055555	363.2821194731	1028.1175805809	1144.6008473808	1118.7265391345	9978.0644537068
735709.6562500000	485.8886922554	922.6987797051	1784.6335287742	1061.3741882672	5604.9193113037
735709.6631944444	1837.1279886834	2059.2523572643	2235.4288383856	1107.4979078874	4748.2104676482
735709.6701388889	409.7699085796	840.1598848477	1884.1460652067	2554.2652157496	4080.1295412311
735709.6770833333	969.1125669322	701.8771317641	564.6789517404	1067.8057611322	6877.5505468811
735709.6840277778	581.0388146104	535.1770096886	792.4262328858	601.3059496342	2764.3453640780
735709.6909722223	560.1745090002	822.6008288932	1337.8685410610	2205.4941839415	3666.8472531626
735709.6979166666	459.5625581386	2346.0489397041	2011.7876940061	1791.9768984037	5220.2941428065
735709.7048611111	1477.1222288581	2418.7243817920	1788.9452675490	2232.8006021675	4339.1343040211
735709.7118055555	522.8042608204	2272.4206871580	2026.4274245378	1040.7323748355	3767.0129678855
735709.7187500000	1488.7136134912	1323.8523929133	1157.4838606916	2140.8905220818	6156.5610626442
735709.7256944444	504.1184480787	1570.2698211722	2220.6475093879	1957.3108681110	5558.9510519348
735709.7326388889	428.5972727578	1511.1255226688	1239.5108530427	1402.0923668968	4903.7580544732
735709.7395833333	394.5963941339	757.8485415882	1084.2116628445	746.0432882906	4700.4093461274
735709.7465277778	268.5179688581	1145.7059349887	1275.0274783689	879.6780448228	8017.3158781243
735709.7534722223	0.0000000000	12.2135772403	0.0000000000	0.0000000000	0.0000000000
735709.7604166666	85.0264914498	637.3396941186	1171.3340805113	2751.5597678719	10551.2136832399
735709.7673611111	44.1912214643	368.7148898204	954.5255699772	2437.0016224205	8125.0303808986
735709.7743055555	119.0708753774	540.3360605238	857.4243756453	1932.4630115761	12203.5304944076
735709.7812500000	173.3262208580	874.1780621419	973.7739267496	2518.8511701967	23216.5402905936
735709.7881944444	109.6766115703	1195.7335758641	1771.8264626767	3434.9027191625	19705.8814641753
735709.7951388889	140.2522526807	566.7774518531	1516.2071586455	2859.3653449683	16383.0537362430
735709.8020833333	162.3008835581	1249.7859983435	2126.9431828909	3203.8701941353	18244.0721265065
735709.8090277778	76.8570830268	1498.1996262904	1945.6108634500	2958.1660597946	20815.9953735280
735709.8159722223	232.3564758990	645.4323030526	1620.7397098491	2625.3318500763	20136.2852081338
735709.8229166666	252.4447441619	880.0731536912	1107.0399018927	2686.0722988771	17886.8980913782
735709.8298611111	267.8133569696	845.4290407189	797.4752378518	2087.3766792956	13554.1094814199
735709.8368055555	249.3560119838	892.6031019136	1490.6832882502	3743.3829766033	22584.2228404178
735709.8437500000	357.3933343864	444.2266851279	1497.6587639174	2630.3166536214	20272.6428238755
735709.8506944444	241.9290800441	630.4114644838	1396.6432963742	3117.7400377775	20970.6444902861
735709.8576388889	418.5218811487	654.9452847270	1410.8450581431	3015.1873083038	18341.7210816706
735709.8645833333	279.0312797597	1419.1324366783	1645.1412865752	3073.5288497872	21118.8999315679
735709.8715277778	212.7227409021	1271.9524764680	1719.1308038734	4453.3682907378	17881.1609293757
735709.8784722223	287.8907611060	694.7902140410	1156.8466674030	2905.7922659753	18622.1755400215
735709.8854166666	284.1344271933	458.9494289539	1136.2381584543	2426.1982494999	17001.5208282487
735709.8923611111	168.1762982387	1220.5482141140	661.3907908927	2203.0175009517	12166.2628110168
735709.8993055555	396.2474623211	585.3725611025	1743.6093193379	3294.6222207190	17307.0217437436
735709.9062500000	553.5662537958	686.6409832202	860.1025686697	2865.2376481521	14998.3911434189
735709.9131944444	277.6899460933	794.5086377424	1141.8400808062	2140.2708243124	16478.5242596900
735709.9201388889	436.9134498769	1956.4606661679	1995.9574789367	2660.2701401460	12454.8088715343
735709.9270833333	232.7513277417	784.9949197711	2405.3234234522	1569.2466729827	14799.2983583449
735709.9340277778	263.1851890180	676.3155248079	1989.4420570237	2395.8761882755	11307.4367642369
735709.9409722223	174.5337738512	957.2956986469	953.1715203752	1939.8953914053	12889.7133809007
735709.9479166666	251.7730033335	1120.4078472812	1264.2345540920	2937.8462785845	12786.8225762831
735709.9548611111	420.4643954957	1174.8823444403	2682.2203601570	3211.3408203697	17313.2729040780
735709.9618055555	426.9638986179	649.4002339198	1045.6905801946	2829.8613806406	8522.3552813844
735709.9687500000	326.9672516333	747.1620617351	1165.5222923128	2846.7875119294	13212.5210032611
735709.9756944444	444.9931457787	1304.0278973197	1334.3861342780	3479.8402983206	15875.3342708569
735709.9826388889	219.1907412857	455.5165795902	903.2954489121	1031.7884938909	6534.5136139159
735709.9895833333	194.5364750628	817.8452293348	1161.6410095110	1676.9152697694	6542.4660135789
735709.9965277778	251.3392402861	331.0217239029	923.3753848007	2469.3687443731	9441.5318714833
