3.0000000000	2.0000000000	1.6000000000	1.4000000000	1.2000000000	1.0000000000
735722.0034722223	447.1182324694	841.8751617106	517.0895758119	711.0516116600	1712.7555515818
735722.0104166667	340.0154643654	2395.4569937940	715.9973565100	813.7809132424	1560.8437529845
735722.0173611111	427.1789757895	2395.4569937940	429.7977998762	1196.9167818436	1310.7955638499
735722.0243055556	600.2091628383	1944.3479793408	681.7922259936	1386.1537638159	1525.8361872496
735722.0312500000	600.2091628383	1444.9867630455	403.2132218473	789.0021449170	1824.8294118705
735722.0381944445	519.6013693072	1995.5253066658	600.8769431970	1150.6372455888	4033.5242508238
735722.0451388889	1155.0971400595	2274.6025491148	467.5755559897	855.7595685188	2901.1866113543
735722.0520833334	463.3533853259	2759.7432368346	270.8248183401	675.0612571781	891.0598198607
735722.0590277778	463.3533853259	1053.7130767604	667.8304492752	462.1231306486	1245.5582761611
735722.0659722223	589.7788959914	1270.7267546228	769.5985427232	1190.5982409538	2984.2386579732
735722.0729166667	538.9022053994	1343.2684698228	620.1538015885	595.5923437985	1888.0949774758
735722.0798611111	309.4336015198	2472.8574621717	420.0528164567	993.4945226327	2605.6406199597
735722.0868055556	279.2031593705	2371.2674052079	505.9911176092	853.5416377539	1346.0035355327
735722.0937500000	308.3269231839	1563.6372248338	272.7612291196	834.2633883906	1271.7482128969
735722.1006944445	723.3425345005	2082.9963693388	469.5775861720	595.1355785499	1191.4840647558
735722.1076388889	242.9268944233	1185.9702183206	364.7486263835	450.4737634447	554.9981057552
735722.1145833334	2508.0430192278	1585.9019700102	1630.5766887148	1482.9886798543	1167.8078168433
735722.1215277778	572.6814186241	629.7374199519	362.8366894543	497.3946856489	1365.7878748307
735722.1284722223	436.3156512737	1708.1222956967	255.3164904595	596.8663920680	980.9810432461
735722.1354166667	367.6241870811	1534.6927006509	425.3402956986	463.8720463958	1033.2168838358
735722.1423611111	377.5474376682	1679.6341879036	1048.0735927831	756.4935680084	2082.1353678287
735722.1493055556	960.9741514601	1848.7508063365	427.7867892479	570.9241776673	828.5629083251
735722.1562500000	960.9741514601	2498.9331528827	648.5159579883	619.4883392460	1241.9932184622
735722.1631944445	965.4657727968	703.6505515833	705.5349733638	607.8062047809	996.5938825640
735722.1701388889	965.4657727968	1674.8492855579	705.5349733638	1062.0475411804	1328.0214231097
735722.1770833334	436.7468474310	2569.2361074594	1068.0780719627	289.0536033431	1055.0309645075
735722.1840277778	1459.5733283815	3434.0321982426	964.9844861888	519.0815581690	948.7001668151
735722.1909722223	548.8503274335	6036.9738322726	1191.8246048439	753.5271167437	2653.2948755617
735722.1979166667	273.8038391140	4326.7937023699	346.1759266568	660.1303622871	1831.5465715975
735722.2048611111	813.3038587461	5067.4378167528	1230.6967712964	634.6898161743	947.6966458328
735722.2118055556	332.7676907532	1515.5991933527	500.5656679960	852.1386963237	1170.1828823670
735722.2187500000	464.1625066661	3678.7111375318	1642.7591162180	1224.9587544906	2778.1169268497
735722.2256944445	1390.9929730409	4460.1583739333	753.9003239432	535.7638290851	997.7321709501
735722.2326388889	303.1198992723	4295.6681775955	1129.4513794874	729.2526564200	1376.5568530483
735722.2395833334	630.4262296475	4412.6989715138	929.6536591078	709.4569789816	1412.7347544894
735722.2465277778	1174.8241276181	4870.5681771406	1012.7042698034	623.3651260510	2441.5802009098
735722.2534722223	506.2780416632	4471.6784562199	376.9793168739	441.0356695465	854.1611299044
735722.2604166667	673.6652773761	2709.8863830078	1192.0260089668	542.9356311792	1006.3723658101
735722.2673611111	207.1377108654	4610.5349511940	1872.2060186176	542.9356311792	688.6864517984
735722.2743055556	301.2803355073	2929.2835437795	409.1424752021	691.1283897412	1282.7124224455
735722.2812500000	388.7866560232	2929.2835437795	909.4272599340	691.1283897412	1282.7124224455
735722.2881944445	897.8425208340	2415.3998663760	1053.9728707111	919.3870691672	1199.4577111341
735722.2951388889	991.4138139803	2456.2014660898	1578.7417024294	944.1303317181	2931.8629868915
735722.3020833334	745.1024452888	3038.7509839430	713.2052403042	678.7866169036	1274.4257410152
735722.3090277778	493.2756014946	2692.9186005929	987.1662394832	1148.1879273368	1736.3749876569
735722.3159722223	837.9295184928	2434.7721101477	2558.9683562510	995.7570848962	2432.9423514413
735722.3229166667	1190.6964793358	2180.8162645908	1423.4953444328	791.9081184188	4475.6357856822
735722.3298611111	534.8136737534	1797.7071349067	745.8243058088	1528.7212764301	4161.3296308499
735722.3368055556	311.3025722483	2330.9982701423	88.6010373758	762.2102861788	3623.0629847747
735722.3437500000	115.9990301174	685.8980714445	83.3428407512	1606.2407156214	3888.4573568205
735722.3506944445	529.2062393158	3588.6518833623	1457.1157766353	2038.2700876186	5058.4844014580
735722.3576388889	4366.6289862685	2872.1524184210	885.9574429577	2017.1786089501	3168.8169091442
735722.3645833334	966.6044759368	1122.9941294844	1331.0480766056	1523.6062615695	6015.9208920257
735722.3715277778	843.8959619307	2322.9854580225	726.7085365610	1467.3958493438	4699.1001295477
735722.3784722223	532.0865996950	1266.0836880203	792.2556136133	1209.4937598662	2936.9355634753
735722.3854166667	795.6684690960	3196.6754613248	737.7517370041	1235.1697914544	5837.2178200768
735722.3923611111	637.6824545710	1811.9683700931	1229.3183158327	1818.9803045132	5837.2178200768
735722.3993055556	1338.0848513584	1131.9097944666	896.6324922531	1481.2747248785	1577.3127170034
735722.4062500000	584.2666845975	2428.4939373424	1423.1878353612	564.5426142033	1736.7185584785
735722.4131944445	1297.5840053667	1615.2181044569	2295.8906019322	1538.4560518574	3339.4076374773
735722.4201388889	1658.7851037590	1615.2181044569	1927.9565828502	647.2562322082	3041.7052679971
735722.4270833334	868.5496148703	1731.5513744568	1270.2962460654	911.1629293816	3456.0242821598
735722.4340277778	770.6256321984	2075.2830953370	887.7363487563	1352.9394607106	1628.8723689508
735722.4409722223	886.4450060572	2091.5327029339	949.7728374171	1754.5615500554	2400.4586284563
735722.4479166667	354.5979794729	3246.0050073231	649.7679076131	842.9420484232	1026.6114306903
735722.4548611111	1479.4099280014	2616.8696268290	284.3946702458	740.9125186488	1355.1229135366
735722.4618055556	293.8352306064	1731.3485918569	923.8715346804	832.1811348957	2001.4279506841
735722.4687500000	452.9608467712	1764.9670585505	2409.6700335895	1206.1560828697	1550.7619378565
735722.4756944445	258.8413924164	1556.1816575195	1389.1791911129	635.5708745753	1977.0740673587
735722.4826388889	1990.1686493334	4230.1811421821	2147.6151652660	1349.8076213065	2249.5518157492
735722.4895833334	1095.9829278776	2687.6783441483	1346.3356056033	744.1055912989	5869.7590928011
735722.4965277778	7040.9432773273	7141.5518036508	334.1729212146	1205.5801740606	3097.5767485612
735722.5034722223	342.7378813401	3596.6116170839	1263.8466877733	1403.5318656996	5325.8250140391
735722.5104166666	5891.5200812688	5241.5016029663	1652.8994864021	1964.2036434171	6509.1452614629
735722.5173611111	2697.7751956226	1862.0172158222	1506.4347683979	2477.1470285595	6912.5043272911
735722.5243055555	536.4606768772	3875.7616872258	977.7202568768	1334.7955141522	2746.7297815049
735722.5312500000	447.8720020077	4761.5213060664	580.9431689750	764.7798845025	3324.7524521093
735722.5381944444	529.1728769933	1333.6750977839	936.2267312433	1467.6660041670	7648.6677912345
735722.5451388889	757.5280485290	5097.6074693466	1542.5424916175	1639.7967059424	6659.3408628378
735722.5520833333	1424.3427518128	2862.6263431236	754.7875067051	1692.8648678274	5793.4553619354
735722.5590277778	1313.1202738538	5115.7341570187	1401.2403190204	1528.1323531961	5012.9237978370
735722.5659722223	449.1431259598	6838.4411827373	1947.6233286783	1987.1747684437	8237.2881656434
735722.5729166666	4684.0427866521	2702.5781911121	1183.3752399268	1644.8012061912	4094.2281990108
735722.5798611111	4350.6820425806	8408.4683943121	5512.0384917791	3177.4046163113	4484.3219709692
735722.5868055555	7863.1234261846	4067.4861808589	2355.4395526356	3503.8397875670	8386.2695359676
735722.5937500000	1439.4177929343	4418.1206346554	698.5781468406	908.1596425782	2574.8524039643
735722.6006944444	1614.6575409674	3263.5837892014	1449.0346493324	1260.2660828047	3790.7075395154
735722.6076388889	1098.1815381836	5248.5557679969	3407.6499311353	2031.8161125532	7526.7523019074
735722.6145833333	937.8430641099	8231.7531950370	5354.1993285831	1483.8921983217	6604.3426604572
735722.6215277778	2274.7806480159	5384.9904674983	1198.8973998825	2379.0516504347	5428.8843554293
735722.6284722223	616.7954173149	4254.0332315323	1894.5649903727	2100.5343012228	5592.6270811124
735722.6354166666	559.1482840722	4209.2994929075	1629.4486020487	2540.7497933759	6919.2202544792
735722.6423611111	1003.7603975697	7033.9075365673	1985.1167173989	1387.9914625732	6326.9947812215
735722.6493055555	1720.1901405705	5059.9277727227	1304.9887749928	1864.9668788727	3153.2093626765
735722.6562500000	3307.8113465396	1454.3837317033	1378.8282226551	2829.9905742629	2367.1376301128
735722.6631944444	3667.6971766215	8723.3809715109	2097.2935519661	836.0097886232	1957.0589555472
735722.6701388889	1568.6483685944	6533.8877517131	2971.4374724262	1119.3434931210	2415.0733253397
735722.6770833333	1487.6933644939	4177.6032545203	757.8909726124	2090.1936412211	4382.4918687168
735722.6840277778	263.8023252861	2867.7663969653	486.2004228907	817.3374024932	3158.3460592497
735722.6909722223	397.4415026289	631.6068252386	361.9334641709	933.8143244114	1206.0504476785
735722.6979166666	836.0194312907	2424.7446309764	1359.8617721869	908.4285544831	1642.4521458525
735722.7048611111	531.4960060927	1829.3386050701	895.3987351049	641.0647088882	2973.4980496151
735722.7118055555	1175.2480740141	3173.1774574029	1217.1246783251	1143.0449837564	797.9849892802
735722.7187500000	749.3187436053	1860.8484004074	1255.4734128663	1444.7285856393	2770.8513851994
735722.7256944444	827.8951662773	1827.0128368418	759.7076088827	3266.1002813708	5291.9354674109
735722.7326388889	1192.3010898617	2993.5468076992	1566.9910989935	1556.2154048885	4556.5895232492
735722.7395833333	906.7368343453	2301.9192067549	1627.6139609156	2389.8640724857	1730.1516446245
735722.7465277778	1216.4717457611	629.2709972498	2077.5119161595	820.2540955144	1219.1936781512
735722.7534722223	626.4373069427	478.2840266921	1565.4665586048	2028.8048181122	610.2633057678
735722.7604166666	1654.0044724428	1360.4507183609	3949.0771447717	1087.1230232105	856.1883960439
735722.7673611111	1516.1450247414	574.2292717001	1756.3157058552	489.2760325753	1726.4197961813
735722.7743055555	405.3576836401	831.5286976896	1975.5347927234	1224.3716079864	1130.1388518443
735722.7812500000	619.2708227075	1048.1554871232	2991.9715211060	954.6167396154	2930.3098147972
735722.7881944444	1628.9368625888	627.5652706269	1422.4723835567	1186.8439619138	2505.7267595100
735722.7951388889	1706.2024412600	1281.7483935364	2148.2450033765	346.4863630331	1026.9114098227
735722.8020833333	1231.2106269581	591.7663515502	1407.9008501474	862.4711070311	1423.1479860294
735722.8090277778	672.9483676050	435.7605611461	1810.8744151984	380.1771435446	2042.8091213411
735722.8159722223	363.7791857035	552.9295940489	1743.2860840028	367.3375655100	989.2846573394
735722.8229166666	464.4829296929	510.7646219106	1654.5478331027	989.5419655029	2026.6312579187
735722.8298611111	718.1906322637	392.0111520502	1820.5959957982	1056.5810507037	1548.6913618023
735722.8368055555	336.0142124452	289.1920682509	1681.3249782781	579.7619309353	1408.0449134228
735722.8437500000	389.4926612235	507.8837607548	2040.4053977749	624.8151164482	1348.9733295561
735722.8506944444	469.7937155340	349.0568478111	1408.5697305795	773.2059240073	1094.9347579615
735722.8576388889	327.0966613417	607.5086228349	1876.6113010041	401.2554595567	2046.4917897883
735722.8645833333	1388.2653857914	463.2527483627	1653.4156473514	641.9257485167	908.6287393186
735722.8715277778	358.1939997250	469.2084195639	1774.6442250914	517.5918155789	1263.3252086534
735722.8784722223	428.9050660372	926.3803985352	2073.6483965159	427.5899968759	814.3075946271
735722.8854166666	1290.6444050420	1851.0107004014	3188.9284040947	1623.7500846376	1273.5548511575
735722.8923611111	654.7260844138	389.5219779615	1540.8857580764	1099.6288373771	1201.4891217611
735722.8993055555	394.8321912619	621.7941251054	1599.5628185624	692.1553964925	446.5394350019
735722.9062500000	584.6906568744	726.3187078841	1849.2770987290	363.3934471705	1425.4004809738
735722.9131944444	1067.4827838963	1698.5318087136	2953.3434609650	549.7392759428	752.1435576962
735722.9201388889	587.0818439143	667.3232708799	1939.2190908140	806.5492081264	638.1383096700
735722.9270833333	213.6435866822	396.7537756522	1867.2347488394	541.0710944590	831.0521606340
735722.9340277778	409.2824663404	417.0825556238	1816.0141944037	593.3865496436	1470.2552321916
735722.9409722223	825.0971229889	969.0298109869	2637.0236249893	764.1501500914	1150.8022325005
735722.9479166666	767.3680864301	671.1221608888	2034.1119144757	287.2619192382	781.0807919061
735722.9548611111	323.7507721388	809.8379127112	2272.5484348722	224.4582857554	677.1074699936
735722.9618055555	368.3100895042	619.6956615300	1839.8695797270	750.9111745526	1016.9592036205
735722.9687500000	333.2058373591	585.2677465579	2094.9756834751	693.0994853214	416.0968907795
735722.9756944444	273.0029228833	681.7561990179	2061.6156277849	833.6984202939	985.4091476547
735722.9826388889	391.1069489255	334.8239864946	1761.0066195707	185.9545110414	1384.1616566855
735722.9895833333	773.2162594378	774.7996462845	2402.2728936201	313.6673146052	553.3856497203
735722.9965277778	1000.8946608572	1113.9701392262	2614.5670110601	728.1201764688	1429.9980459741
