3.0000000000	2.0000000000	1.6000000000	1.4000000000	1.2000000000	1.0000000000
735723.0034722223	272.9718300532	531.8702090318	1889.3009964452	303.4091162836	599.4766246497
735723.0104166667	371.8359863319	830.5364715887	2407.6297474580	311.8370584134	812.0066262177
735723.0173611111	330.0379072516	942.7029588273	2407.6297474580	358.3764653038	924.6715938826
735723.0243055556	279.5977749169	578.0039091298	2355.9964176216	444.1151723459	954.5097559522
735723.0312500000	370.6520021594	579.5195877253	2285.0222264210	253.2206642598	414.6960710318
735723.0381944445	287.2091344968	429.2166463267	2219.9687292016	752.2781652535	1066.7110149895
735723.0451388889	288.6191549999	678.9564295699	2287.6769009328	774.3617359156	520.0258995302
735723.0520833334	226.8395162112	601.6536962318	2412.2899935469	297.3407750046	485.2270994487
735723.0590277778	204.6482845322	742.6549733242	2412.2899935469	296.2034576415	619.7750807193
735723.0659722223	426.1084527025	367.9945460355	1432.2413548982	547.9871148723	701.7756522769
735723.0729166667	705.3130964981	687.3493079340	2487.1093050810	676.6041285611	909.1917090899
735723.0798611111	373.9882253884	603.5305410638	2810.3336431741	204.6240689676	327.2867146167
735723.0868055556	281.4133496346	709.0436920277	2461.8561052779	566.8775599190	652.2229771429
735723.0937500000	2019.3634627865	360.3951956207	2364.7831853084	374.1669044718	545.9629433014
735723.1006944445	295.0862525292	538.7278573493	1530.8462167394	427.2931107539	765.7404643889
735723.1076388889	1017.9308520145	943.9078561177	2743.1297936157	429.8924094731	640.9388580762
735723.1145833334	2624.3121215564	690.2414790968	1815.8559740617	600.1399179946	644.2572268215
735723.1215277778	433.6887721525	827.4136445707	2755.9351272980	426.2263731165	611.6300564846
735723.1284722223	311.1317074498	755.0061457720	2204.2785910599	322.6203234429	910.5449969083
735723.1354166667	400.4910226844	1073.5245683546	2142.3121711143	272.6129740316	554.2892929782
735723.1423611111	232.8774221492	595.4837020680	2275.8445120140	272.6129740316	486.6068140385
735723.1493055556	219.2536458924	412.1515863735	2449.5810156453	415.6088002853	1411.0669790506
735723.1562500000	239.6273058481	680.3321093831	2449.5810156453	564.7391814005	742.6073619304
735723.1631944445	360.4411420031	1347.8475167853	2198.9212209151	221.4592537896	943.9794619833
735723.1701388889	481.0114496072	1144.0164392408	2680.7452851063	350.2126969273	902.7950457460
735723.1770833334	278.9744041263	838.6501666130	2116.6170414873	529.1030774806	533.0791809566
735723.1840277778	246.9214402202	1000.4376585559	2601.4686148053	549.1068270245	613.9892949328
735723.1909722223	337.3291817791	929.1959051478	2444.8182695171	435.2200529843	678.5456651472
735723.1979166667	352.4139434212	796.9471509036	2447.2171499484	405.7836524018	700.7097286300
735723.2048611111	1526.7947096273	806.9207698968	2966.9189933554	388.4948940088	660.0514866194
735723.2118055556	291.8104661132	789.6848752706	3030.9973597722	280.4523547458	397.2510971813
735723.2187500000	455.1273257720	703.1417938234	2793.8160773230	656.7816077978	533.0491792012
735723.2256944445	379.6754346422	814.0970480912	2886.8321884620	514.0094048157	728.7353106082
735723.2326388889	509.0085038455	789.9072025044	2152.1708287649	492.0510582290	985.5663806217
735723.2395833334	312.6886587835	625.4424689839	2129.3668575069	675.2432549032	1108.6521712378
735723.2465277778	228.1437858600	380.6608300679	1802.9054832454	524.1266324521	810.5411329467
735723.2534722223	380.1495435973	577.0680034988	2488.2256288787	429.5660029359	947.0640167527
735723.2604166667	405.3739601351	607.9922655582	2496.7246198165	463.1901178619	755.6528183448
735723.2673611111	330.0137045984	607.9922655582	3078.0215520511	345.8182252396	757.0412264570
735723.2743055556	731.8562808090	903.5312631169	2892.1465106906	587.3297772547	1099.9521078081
735723.2812500000	754.3989345910	832.8780641663	2326.2210814695	434.7907220024	1628.8043700570
735723.2881944445	307.2399738104	967.0966610728	2866.6237200907	397.8014052074	770.8449611869
735723.2951388889	228.9232787900	633.6449494283	2473.5518156849	349.7146406140	803.3959731801
735723.3020833334	708.4241000975	1388.9160332112	4361.3743663139	965.5538290761	892.3722110909
735723.3090277778	557.3329876739	858.8204283564	1985.5813372322	619.4585314087	1494.3772105238
735723.3159722223	1223.6116119892	2700.2300214184	2883.4463171224	578.7514344778	3609.8930703557
735723.3229166667	416.9322493027	1174.5054829537	2736.6644276584	1228.9820542215	1642.9980696442
735723.3298611111	491.4004177248	679.1820418520	2070.9239881601	333.5741852858	1172.6644599767
735723.3368055556	270.8439575442	738.6682667700	2227.6780731150	404.8124928130	2354.6290034531
735723.3437500000	767.6154041504	97.2629101855	2403.5991588583	519.7031600108	2078.9771048682
735723.3506944445	375.1529112669	688.3010303378	181.0421601018	0.0000000000	0.0000000000
735723.3576388889	226.5510796856	990.1461064165	712.8417209154	1073.2439567169	2320.4137357885
735723.3645833334	908.1774381471	551.9323550896	1192.0946532590	1311.1554012288	3066.4586503350
735723.3715277778	622.5059143642	302.0705873346	874.2937894328	776.5357185804	1771.0785336399
735723.3784722223	390.3442971604	499.1368584070	516.6316217780	680.3331767095	1186.6416961727
735723.3854166667	1279.0797639965	1232.4659668635	1027.5223522425	279.2287148107	2016.5988326061
735723.3923611111	1432.5700470672	1416.7323868781	1027.5223522425	1208.7594082106	1680.4814036966
735723.3993055556	523.2680296499	607.4071752996	407.5153272275	480.3836895624	1002.3845950817
735723.4062500000	491.7281291290	325.7060701461	683.1258660528	630.7299322221	1481.2448242755
735723.4131944445	611.6238279118	253.5443716625	356.4517074026	457.4824339677	1330.4721297570
735723.4201388889	190.1554979030	253.5443716625	514.3151396987	354.1045547567	911.4791130169
735723.4270833334	377.0452621104	226.9992296363	300.9949688333	409.5579561935	2130.3007931323
735723.4340277778	239.7197230018	343.1973822855	300.9949688333	409.5579561935	1785.3038141396
735723.4409722223	137.7536296887	197.4682433692	419.1327163394	179.0432597501	877.0728297170
735723.4479166667	267.9851367243	281.0113683979	231.2191220574	333.7443320432	1537.2971296972
735723.4548611111	287.6744200079	250.2275863340	214.7088162171	411.6137576912	502.5788499763
735723.4618055556	292.2574918394	346.2980033278	311.3882434383	274.1275599130	1177.4702528308
735723.4687500000	183.1966979804	169.0950414638	158.9780404079	138.8677081465	408.3132837381
735723.4756944445	168.0789717109	251.6843150102	386.7438603677	276.6262274189	794.7562091091
735723.4826388889	536.0700875609	229.0224725425	301.1339456477	381.0850433222	647.1380120110
735723.4895833334	316.7685760831	300.3199352046	404.8206818088	391.6030346201	667.8919583744
735723.4965277778	533.3304306689	330.7816058959	242.3641969092	453.5726639781	1394.1076465211
735723.5034722223	262.1491550956	401.7191512685	339.3910962413	226.9031278475	805.2210562072
735723.5104166666	92.7086641994	244.8406166644	376.6037675463	363.6461625456	1016.7460212972
735723.5173611111	67.8707080614	370.7464356772	333.5068273562	291.7344799642	1012.3466354204
735723.5243055555	109.8105770184	181.3462959132	361.2242932740	330.9174945112	907.6070638410
735723.5312500000	302.6153789762	241.3440741240	195.4707710404	273.3873270360	944.8534977220
735723.5381944444	84.8376006124	517.5883898626	248.6861313218	317.2460918422	1248.2389187289
735723.5451388889	326.5829776080	295.5185309666	168.7283348877	197.8522763537	367.1188317222
735723.5520833333	217.1122425176	340.3244566486	218.3775804996	249.8373343685	666.1528843546
735723.5590277778	141.6225095017	117.4815299333	223.7011183165	277.8350295152	508.1784942705
735723.5659722223	160.2958203599	70.9198568145	244.7912862000	332.9334981762	1613.8172952967
735723.5729166666	112.7281089799	142.4094612611	267.0479533292	371.9862917909	1116.5178277549
735723.5798611111	536.1342283353	144.7282325144	233.4514236542	490.4094521285	1803.5637509769
735723.5868055555	189.7167269712	327.8005500835	252.9200485520	381.5786045858	670.6612079091
735723.5937500000	530.9543017619	493.1576321052	464.2065291679	375.6481994116	724.8684006793
735723.6006944444	140.8015881032	227.9997911993	467.7273695593	327.3745496361	463.9867910757
735723.6076388889	249.0597866691	291.7375933946	279.7517057999	172.1017921669	778.4550941513
735723.6145833333	482.1285301574	264.6351194914	291.8184600574	207.8450161817	818.4037352929
735723.6215277778	71.4653653772	163.4096042830	376.3822627043	1730.5624685867	1012.3867858437
735723.6284722223	303.3890066401	368.9095057567	382.0540754070	328.3683680304	937.0640546895
735723.6354166666	1046.3986315737	828.3617771750	768.2870606891	775.8498767741	1089.3958871922
735723.6423611111	116.5479713399	178.4188838996	422.4091496139	374.0146292661	465.8476330567
735723.6493055555	136.4656849961	187.8379770588	322.5938832237	528.0765581150	1909.8989048924
735723.6562500000	194.7595362859	241.3567076516	287.6237899159	185.4040390444	409.8175281868
735723.6631944444	107.2650107718	394.6372779985	266.8840248318	342.9347155779	686.5681226940
735723.6701388889	159.7863254736	183.1129484114	331.4480610334	607.4426703233	1180.4967088437
735723.6770833333	414.3634576838	245.4815996989	356.8484292175	394.9484533281	985.0195565289
735723.6840277778	66.8833563392	268.1765135983	312.3797090715	457.1816513504	881.9745968215
735723.6909722223	115.9807836237	323.7561349645	447.9126734116	662.8231441962	634.1408958728
735723.6979166666	90.4443845657	210.3921815241	275.1253671549	311.6935132517	1129.0999018196
735723.7048611111	0.0000000000	0.0000000000	0.0000000000	0.0000000000	0.0000000000
735723.7118055555	116.4319328421	521.4229162841	141.1814804400	228.7760557304	519.4212327030
735723.7187500000	60.0718590341	294.7121895583	202.7051029587	341.4995176041	425.8843388873
735723.7256944444	80.7536461041	748.9426698886	415.8366542525	290.2580548629	605.8191495479
735723.7326388889	93.5955826241	603.0864554247	162.4620724066	276.5377201366	503.7360124066
735723.7395833333	166.5898880526	503.3396253582	256.3363581769	257.7178742098	721.5665230441
735723.7465277778	64.3265896155	408.4533103445	189.0626521406	315.4691160084	758.9657477493
735723.7534722223	48.8815130943	583.5815658536	183.6208350347	418.7523444559	1014.4054140225
735723.7604166666	2435.8184580962	404.8855646316	154.7608938845	159.4129436171	507.4380470985
735723.7673611111	114.4222247158	530.3808814434	178.2048638597	241.4376306927	614.5812256189
735723.7743055555	271.3616879349	390.8730311365	251.8236437458	329.1114325056	631.1496406707
735723.7812500000	151.9462793253	416.8806856538	178.2554106035	270.0604115599	1095.5232237328
735723.7881944444	392.2558942449	1065.7505405347	443.1085570337	280.6063971492	768.2600249986
735723.7951388889	167.7398500862	700.6600174588	254.1333315087	281.7299370097	818.7665326414
735723.8020833333	190.8362935546	531.4285798036	256.1109342989	453.7159285980	464.3605056476
735723.8090277778	145.7734832318	679.8528744460	128.8173299447	368.9914152275	551.5369708738
735723.8159722223	173.1899889919	636.8078533923	262.8815913951	275.6498425234	1151.1769164133
735723.8229166666	106.2382732829	675.1355736022	322.7919866005	475.2217355988	1179.6197352928
735723.8298611111	84.3292286229	400.5120315264	187.5024561451	242.6566798511	653.2079091710
735723.8368055555	213.4802411339	665.5720025703	272.3878502974	594.4505427038	902.0995183899
735723.8437500000	124.2597847594	708.6724612211	497.1714314180	456.7300293621	1365.1661594914
735723.8506944444	116.1592400659	524.8905943232	391.0493292813	197.5116519031	594.7688752605
735723.8576388889	100.4638088908	511.0026409464	360.7693955481	216.5160368192	497.1325836397
735723.8645833333	186.2826772877	496.0902612059	235.8989099923	326.9350241043	1292.0958134594
735723.8715277778	132.3077514974	542.1387851355	201.0913080590	258.7283335531	815.0130169305
735723.8784722223	137.3306835124	483.1735493690	301.4964819785	262.1471805764	523.1735753427
735723.8854166666	90.1293200619	481.4507756155	293.5363571996	270.9047174550	736.3657599703
735723.8923611111	123.0245280575	596.1492976915	242.2676681959	468.0211431499	550.5452489787
735723.8993055555	59.0356490610	448.5040297576	230.6834889310	358.9081035501	1026.8582773945
735723.9062500000	113.6249219550	705.0375692514	495.9051226827	833.7118433202	1244.6470282579
735723.9131944444	114.1378461518	596.9142526086	193.2133449428	452.0175637745	712.6794901026
735723.9201388889	94.4530849623	907.7354774347	470.0402274593	439.0437982133	855.7667792498
735723.9270833333	161.2845653239	350.3318302659	182.7772042855	298.4423161593	656.5836226880
735723.9340277778	148.9813144907	577.5384371371	349.5063863178	266.8396515794	539.9197235574
735723.9409722223	176.0859056096	506.7595714111	206.2555067015	256.5562618829	958.4846500797
735723.9479166666	116.8331347651	311.0049448875	223.5528504192	253.0561066323	245.8153998270
735723.9548611111	83.0361131886	768.4605771029	211.5653825974	191.0808398540	961.3901531887
735723.9618055555	129.8278302010	491.4610864379	292.6635144323	316.6081182000	1096.5918295350
735723.9687500000	61.9169929997	497.7776003650	181.7251561025	233.0970769953	733.8065860010
735723.9756944444	174.5924676003	578.8881507581	304.4158674365	1042.7291175292	1487.7652769595
735723.9826388889	76.5199900386	724.7958347065	263.3261659530	2020.0310127325	598.4976516652
735723.9895833333	99.6218829169	736.3685413977	284.9145783918	263.1993744035	789.4940994056
735723.9965277778	300.2833755969	569.1472020828	242.8985286939	302.2341586428	638.2426845782
