3.0000000000	2.0000000000	1.6000000000	1.4000000000	1.2000000000	1.0000000000
735716.0034722223	345.6386191357	808.7602217352	865.0031263106	2541.0591883934	11017.4355265460
735716.0104166667	503.2289422466	980.8462649148	2263.4477983629	4117.2121312130	15505.1735053351
735716.0173611111	800.6546341414	944.5829622922	1327.2606672387	3819.5237666569	16481.6897682256
735716.0243055556	535.6504302844	1375.4915246623	1361.3600127191	3107.0724814733	9623.8958361919
735716.0312500000	340.1387358452	1375.4915246623	1874.7815024974	5286.8368698336	10317.1089292230
735716.0381944445	582.9847018522	1125.4530067968	1495.7433546795	3768.6256071902	10115.3069024711
735716.0451388889	565.9940787875	1576.6424662902	1456.9192378146	4328.3534106587	11257.6654268454
735716.0520833334	602.5518758127	1327.6443305870	1952.3691916166	2762.5602469353	10002.5577110075
735716.0590277778	614.0247402427	1923.1159773939	3182.4699469452	5491.0600268322	15769.4542964261
735716.0659722223	1242.6007017294	1853.1728457644	1015.3017289630	4672.0072679120	8252.6755366719
735716.0729166667	400.5478521081	1545.1527284119	1417.6244467464	3523.1090240276	10798.0173216145
735716.0798611111	9866.4735053156	1441.6058993887	1407.7874648897	3417.1116638237	11127.7576213064
735716.0868055556	602.1415002139	2266.7699748872	1458.0752587572	1852.2939401644	8715.8100353522
735716.0937500000	455.9942430097	2727.1030156606	1713.1224907100	4724.2437149242	11347.5896347301
735716.1006944445	688.2639620911	1792.0734077346	1688.8582038925	4886.7945261960	11134.8713477725
735716.1076388889	508.8109976069	2036.0821860017	930.7993852380	2614.4833126893	9939.2155126356
735716.1145833334	1551.8068405169	1943.4009497153	1081.7222947885	4007.3447760635	9276.5049663385
735716.1215277778	742.6315301758	3042.7727703719	2312.4126042793	4226.9790269838	7108.4377842444
735716.1284722223	483.3574635169	1289.9512844549	1169.9210370539	1777.8065754699	5172.6423567541
735716.1354166667	302.9877965311	972.7374644282	1341.5588764439	2409.2076033107	4734.4604206118
735716.1423611111	449.6400899931	1079.3385844826	705.7982424414	1174.3293459872	6040.4384018275
735716.1493055556	192.9311245266	1095.2646202199	776.0320830716	1815.8131228024	8854.8050528205
735716.1562500000	642.1362682733	985.5285140441	1906.9495152882	1842.1100045290	6126.1076877901
735716.1631944445	492.2963749079	1012.0740736397	729.8916077578	1540.8363638873	4939.1633604552
735716.1701388889	405.8704042271	823.0270964653	454.3895415424	1179.1942784130	4411.6119870943
735716.1770833334	385.2688473304	1413.8825444554	1062.4095464353	2252.5927783009	6158.7611195177
735716.1840277778	385.2688473304	1419.4133446894	1081.5151285059	2252.5927783009	9589.5899100254
735716.1909722223	298.7458920755	11339.0862154925	975.9168284350	2974.5484238730	10456.7266510374
735716.1979166667	392.9379428191	834.7144398124	1611.5694904814	1682.6580850339	8599.8867549990
735716.2048611111	442.4434686003	1456.6428220276	1088.7223443979	1829.2804157851	7569.1232041575
735716.2118055556	534.8522103189	1403.8338140767	1236.2626997060	2933.6254556717	9531.5792849244
735716.2187500000	973.2065329412	3217.9289858621	1407.8411671550	3415.2101629812	10284.1081854220
735716.2256944445	358.2545209654	2088.7655031333	720.3851166579	2089.1957494147	11023.9398403828
735716.2326388889	464.8108819524	6268.4005439161	2121.5587033402	3580.3715803294	7682.5953666255
735716.2395833334	516.2687684923	868.4574470340	1324.6735026854	2353.0230381366	8043.8053179951
735716.2465277778	263.0042057531	1944.9076596551	2063.4713973335	4586.1139894374	6043.5638830011
735716.2534722223	507.0380849451	1290.5217059874	1013.5571457328	2066.8462643100	5956.4835363772
735716.2604166667	523.0110865990	2101.4941490394	1524.8070624163	2711.5978943662	5537.0474950305
735716.2673611111	794.3594510987	1613.2116953502	1616.3330078062	2244.7262557914	8176.2877426463
735716.2743055556	742.5619045959	2201.3601485139	2234.5330688553	3930.1459056283	11474.4988338058
735716.2812500000	468.7719901754	2201.3601485139	1526.5764604029	3930.1459056283	7588.5511817112
735716.2881944445	582.1348539514	1827.4028870000	1873.0131435586	3921.7968153991	6504.5628787117
735716.2951388889	546.2082239526	1574.2358847233	1873.0131435586	2401.3868005759	6504.5628787117
735716.3020833334	513.2739376247	1525.3975388227	1070.6698040515	3506.9832652091	6443.8453959004
735716.3090277778	513.2739376247	1112.0011380720	701.1978086981	2483.3488755581	6585.8088256815
735716.3159722223	349.1666861629	1130.7421501206	1725.1139523269	2150.8868507735	4443.5255878629
735716.3229166667	314.0610583595	1047.5741012363	1005.9427520100	4031.1535222000	8849.1655965148
735716.3298611111	448.8083268445	1237.2959389914	1974.1225835532	2542.3382739783	9258.9367951956
735716.3368055556	479.8607667762	1094.7415632727	1034.4561925735	1696.2250698433	6438.3612491758
735716.3437500000	2677.7551876363	812.3678544686	854.5090100840	2106.3656851391	7084.2652942956
735716.3506944445	303.0495145869	885.6370316896	1394.7182555911	2422.7574706557	7424.9154705058
735716.3576388889	665.3416068330	1715.2977296787	1169.6643759965	1657.6005702791	6140.9402456659
735716.3645833334	1251.7353398375	688.7530362573	1084.6206857459	2125.5311992654	6667.8245236085
735716.3715277778	504.0896942291	568.0014756512	776.7464387222	1910.5006595849	5925.2345502812
735716.3784722223	333.7557022968	490.1122485546	791.1871637937	2310.3019605845	5869.0924162443
735716.3854166667	57.8400640363	683.9835258911	0.0000000000	0.0000000000	0.0000000000
735716.3923611111	198.0516407274	1265.7506412582	723.3142241604	1280.4687583865	5330.0000351613
735716.3993055556	454.2877549647	2103.2970806585	2555.4704457313	3087.9197774519	11429.4066004050
735716.4062500000	811.6046768917	2950.5122502363	2093.1017713235	3001.7778327915	9531.9075894764
735716.4131944445	331.8988370621	3909.4440718036	1313.1306842323	2339.9845045570	5827.1620233178
735716.4201388889	170.6162802499	1076.6598755902	899.9474932713	2614.1057423728	6530.1466586166
735716.4270833334	175.9750173502	548.9584977354	456.1814893419	2539.1083866201	7090.4166015646
735716.4340277778	281.4911705663	1064.8549400902	475.1782617109	1821.7849772843	4775.7102358585
735716.4409722223	319.6756886686	1474.4884623307	1240.3660421629	3741.2268860662	9971.2430289085
735716.4479166667	216.3479820298	1281.1987022403	1470.7265611845	1588.8053156147	6332.3178382159
735716.4548611111	287.2486954704	1845.5020754463	549.5688364035	3135.7359038188	6094.1446606361
735716.4618055556	823.4608114296	809.2361153630	646.8917706458	2594.7167424256	7109.8299907358
735716.4687500000	223.1014584763	1436.5943879973	1680.4447954011	2720.8728736562	9083.2796667683
735716.4756944445	255.8189797849	1847.0703936184	1463.3865361969	3475.0229296690	10487.1656425650
735716.4826388889	408.8638230658	1931.4204316370	1443.1581839829	3806.5232096195	8558.4773139710
735716.4895833334	193.1703316738	1031.0920761210	1017.8574929021	3713.2994827151	14775.0516484474
735716.4965277778	402.4592482142	1029.6675941873	1444.9163538893	2935.9652855889	8071.4988322159
735716.5034722223	216.0153853245	1274.3523875644	1714.1045910068	3102.1368749234	13255.3826190310
735716.5104166666	729.7739091748	1086.9944386152	1900.9549943879	4467.6957496096	6928.6249764669
735716.5173611111	580.2553860480	2023.2605599328	1094.3396362505	3121.1066650244	7035.9736559534
735716.5243055555	316.5112743336	1552.4171998337	277.1786605653	2741.9272849741	6625.1591839949
735716.5312500000	414.5928766758	1991.5174275525	1498.1336509054	3107.1459666353	7236.5977811896
735716.5381944444	647.7332767420	3376.3680847495	1786.3483010521	4130.2228832918	9911.3108276092
735716.5451388889	766.4172281379	1834.3399521598	933.9373554986	2052.1429388660	7063.5946703984
735716.5520833333	283.1233784643	1571.8960513661	813.3288981903	2474.3308607708	6191.0113994518
735716.5590277778	410.1121254676	960.7526966923	1730.7086538653	2117.9960180180	5817.7033056130
735716.5659722223	317.6928034987	1721.0681805906	1622.1629644143	3496.0978354947	4906.9976050500
735716.5729166666	251.6302836226	959.6546697349	636.0580522385	1594.0750405230	7544.5105303450
735716.5798611111	297.2688114555	2130.9109151564	1497.6099783672	4686.0387694098	8141.9998509423
735716.5868055555	297.3600047614	1527.4941874260	721.1447749706	935.6689883918	7791.0529213240
735716.5937500000	202.1420949729	2240.7494331077	2298.8344506555	2775.0112960839	8405.5529155466
735716.6006944444	475.8657949534	1799.9844616341	1202.5305694374	1819.3425441087	4132.7620237008
735716.6076388889	195.2135918618	2215.6683225729	1910.6699260851	4356.7255804573	12768.0392774332
735716.6145833333	322.1847826661	2204.0765072553	2153.1888003337	5121.3746867462	6921.0588711201
735716.6215277778	354.7934545354	2604.4570506238	1448.6255673586	1581.0286572133	7072.1577841962
735716.6284722223	330.5066761816	1035.6847721084	842.5417322086	2782.6046749671	9620.9069328057
735716.6354166666	284.4888657476	2604.2721454916	1372.3542448991	2412.8944985131	10257.0418383070
735716.6423611111	375.1339840632	1896.1030271070	1024.7211322480	3386.2980564762	10385.4486698345
735716.6493055555	167.9277726558	3113.2350641485	1798.4869140493	3288.2295221274	6778.8764262245
735716.6562500000	248.8051629695	2003.8462338767	723.0683305943	2789.6542012806	4824.1790303363
735716.6631944444	290.1968827479	2135.5596555392	876.0003571854	2718.9860498883	7215.2114595103
735716.6701388889	288.9358957846	2085.2838705695	1061.2325600266	2961.2597682096	6503.0326252450
735716.6770833333	256.6359022722	3243.5748852278	1098.3894709919	2915.5654965759	4567.4518960608
735716.6840277778	282.3432022884	2199.2316995816	2588.9994287140	6226.4485040858	10980.3486271130
735716.6909722223	206.9908028865	2159.0370117721	1469.8255174313	2313.1269293989	9218.5689183943
735716.6979166666	244.0219575035	1949.7565591472	925.7641158899	2464.8475263024	6582.9232238281
735716.7048611111	276.0235566218	4285.6433943488	1158.7137296536	2512.2435635914	9056.7213642494
735716.7118055555	283.6673405701	2534.2470527266	925.1837705993	3232.7593168026	7959.1962139840
735716.7187500000	3491.5893776103	1610.4355825202	1405.3055755684	4844.8218511371	10735.5390279706
735716.7256944444	479.5805248240	4436.9440062545	2170.4131498442	6474.7260076739	24978.5485494309
735716.7326388889	14166.8533504361	3263.8330061013	2650.9511820538	3648.7615279551	15789.4111576029
735716.7395833333	366.1547843447	4292.1605738117	1351.9438600219	8566.6293689154	18562.5535724908
735716.7465277778	35733.7062368712	2444.3501985206	2695.6253843560	4048.3024784120	8222.3890679358
735716.7534722223	16.3630513639	2826.1226639522	1455.6711276480	3677.6879536850	14480.6142312681
735716.7604166666	13208.7835891368	2488.0628041795	4438.4840085760	6731.5583560240	35973.8673702504
735716.7673611111	254.9600464362	2727.8195531307	3464.1978767594	6833.7720931545	21223.9219573263
735716.7743055555	329.0583509125	1480.7569940802	5002.2646338994	12398.6046072085	52957.9034211793
735716.7812500000	509.0150345495	1641.8029553814	4738.2009694126	18622.0188176086	83588.1256869413
735716.7881944444	465.9803389106	5102.9394222332	6530.8540919578	12017.0627029456	14276.0098703218
735716.7951388889	408.9740487089	3120.5244196180	7598.6449822285	12225.9800242989	40590.1180071998
735716.8020833333	7886.1121704806	4499.8358163135	4080.5313256681	15509.8844534847	36570.8790253656
735716.8090277778	1145.5967843295	8526.6535335117	12735.8662879008	22085.7308345205	54531.5948015998
735716.8159722223	12865.5140506880	7616.8204210739	6143.9980718686	11456.7153085882	48302.5144347855
735716.8229166666	1109.2549914579	11841.9263919174	15794.1746044255	14724.1245900509	43892.0100194966
735716.8298611111	951.8119773900	9392.1295297598	10631.6978288735	12876.4246970997	40009.0638990695
735716.8368055555	1153.0196513478	11572.7754926929	9880.5135521063	20369.1316546211	47361.4821184306
735716.8437500000	1387.9415083389	12792.7733910361	13859.8207132983	16456.8748687725	43938.4905182381
735716.8506944444	2059.2261202192	16622.9927058146	12433.1473321791	17023.2190622733	47651.4599946905
735716.8576388889	947.5145912267	8973.2735681112	6232.6866400154	13391.2239037487	32152.7822631414
735716.8645833333	916.1145923334	9618.7577380383	11642.4931407406	10303.5020625392	38924.4188836440
735716.8715277778	961.4548526456	8632.8917928697	6727.1792835135	11483.7210203881	36249.7903817172
735716.8784722223	921.9815011740	7403.2405620411	10585.6891680660	19307.1243058381	34097.6153878686
735716.8854166666	592.0268193932	7527.1368407201	10741.0577849602	13527.9309384388	25418.8076611933
735716.8923611111	822.7925713758	4465.3630883168	7667.6680354940	11050.7869492086	40151.4734462519
735716.8993055555	940.2735077350	6820.1627412523	6501.5158589247	9764.4920832847	35357.3526140140
735716.9062500000	1268.2576271290	6253.1359096207	9756.2230802715	11011.2545068613	33041.7162044253
735716.9131944444	706.6293142691	5647.1307907913	4362.1719478996	9728.3054724556	30638.7308414375
735716.9201388889	1006.1588260379	4109.5598667388	7242.4733385470	8467.8769733879	36839.3556226896
735716.9270833333	704.6653776580	7197.4545925049	6774.9204775730	11977.3644802018	27718.6228718038
735716.9340277778	697.7995149659	4471.8377806120	7111.4039075556	10470.4331333816	23250.4492540161
735716.9409722223	620.3021156679	3265.7381359746	6973.1872954866	8857.5053779125	27283.3165139351
735716.9479166666	523.1648019594	5436.2817926446	4257.1854172809	11146.5771443703	29133.0849163481
735716.9548611111	1134.6561085738	3634.5506383833	6494.1050662503	9113.4484604400	21499.4967748319
735716.9618055555	665.2316233347	3903.5687792712	4366.7234767343	7717.9300806425	23009.5481669334
735716.9687500000	1036.1451673778	6170.1399772073	5726.2078063388	13776.2948562406	40567.5318708181
735716.9756944444	1230.9751379024	9904.8666538956	5936.0974584127	8118.4861375923	27909.8487144845
735716.9826388889	905.1070292431	2999.0808950710	5560.7229352958	13610.0115626169	42597.9816915256
735716.9895833333	1550.4252975107	5967.0246926750	3229.1458171786	12931.7087505884	21475.6528102497
735716.9965277778	914.9300993954	2972.0605131218	4369.4806112913	9129.2350139579	26389.8835666479
