3.0000000000	2.0000000000	1.6000000000	1.4000000000	1.2000000000	1.0000000000
735703.0034722223	113.2383240519	601.3210967969	847.0637411572	114.8139463222	1328.6860797718
735703.0104166667	477.6812145474	1365.0916011157	1059.7705525448	133.7479071629	1493.8069054079
735703.0173611111	140.1214425817	971.1105950341	1059.7705525448	81.1632603178	1315.5430488602
735703.0243055556	90.5982428347	1394.7260612260	1131.9844325558	172.5056054957	887.5364864004
735703.0312500000	90.5982428347	1127.0468726527	1419.4619906771	172.5056054957	1753.8298406003
735703.0381944445	115.5465000950	826.3301637294	541.0399252702	155.9831340158	827.3685790583
735703.0451388889	115.5465000950	492.0982398938	272.3259463572	172.4234307185	632.3455716054
735703.0520833334	115.3802656289	409.8699915473	315.6392123665	141.2804470602	1240.4936069900
735703.0590277778	115.3802656289	395.6963614813	315.6392123665	149.7289972972	1240.4936069900
735703.0659722223	152.5046121536	275.8839926000	423.4957352391	229.6158842022	735.8833119237
735703.0729166667	80.2970634897	440.3308818241	409.3072081983	255.9222273541	1106.8986083169
735703.0798611111	90.9961696546	773.2260364884	269.1132209477	175.7191945202	963.9005350988
735703.0868055556	114.2115010842	958.5688251033	544.5425785531	51.3261914754	233.7940451879
735703.0937500000	51.8121550764	831.0019501601	493.4750031860	145.9615516282	951.6706654500
735703.1006944445	176.0995467404	783.6909450607	503.7472497887	139.6694056493	339.2249560873
735703.1076388889	90.3181586051	522.9070130830	405.6727944115	110.5533366149	1880.5594648943
735703.1145833334	81.3143393064	955.1175993410	451.9355743188	73.9713948823	1176.6963254674
735703.1215277778	102.8106908153	538.9962183049	550.0226700234	38.0955128588	1067.3860234674
735703.1284722223	112.8503177853	386.2153392297	479.0993341662	51.2299521563	971.6177416805
735703.1354166667	83.8631330316	712.7129836088	299.4289208024	22.7623765993	1226.8519097721
735703.1423611111	95.4738469629	412.5988659867	445.3890555079	142.6335763806	1369.7780242546
735703.1493055556	109.4545550820	368.2068300543	529.1840154901	85.6176916067	1245.9875424220
735703.1562500000	118.3640421581	197.2445235496	529.1840154901	136.9240398270	1369.8723110401
735703.1631944445	85.6484265266	287.2795651638	578.1015160940	159.0406881876	798.9895721358
735703.1701388889	112.5247369356	1069.3818293209	649.1901883783	161.7519232937	1530.5619427305
735703.1770833334	132.0765448905	1071.7134519368	958.0565023915	4.3035715986	983.5948447469
735703.1840277778	105.1060970697	919.8942493390	648.0627412577	32.2507238637	1490.9718014867
735703.1909722223	107.7335380401	809.4260670440	903.9185530546	57.2825985800	1183.3565201013
735703.1979166667	101.5055122729	1232.7864166620	648.6289853478	70.7542626542	1326.3767193038
735703.2048611111	109.6363092172	1191.9559053134	902.4769849673	54.3282598823	915.7927342256
735703.2118055556	99.4613016537	607.9003088804	880.6100720386	37.3884217546	1031.9266333685
735703.2187500000	251.9922881086	1971.9311877314	884.7524216963	84.7454566370	1767.2312692412
735703.2256944445	82.8159677923	530.1386523390	748.7881827782	61.8183955131	1779.9189628643
735703.2326388889	114.1354686556	917.5478071560	579.9702406575	322.3784000780	795.5356479500
735703.2395833334	156.2463094861	1118.3493218201	789.5635513855	15.7667274922	809.9731685677
735703.2465277778	334.7468280052	516.4624814179	1013.2359289639	133.9286971657	376.9386086941
735703.2534722223	85.7672437995	1325.4670621231	798.8240101289	88.3463941966	1050.4142854638
735703.2604166667	122.3158944931	866.3042970116	847.1751592374	198.5321666080	506.2609527448
735703.2673611111	134.9405292129	1276.2381560852	847.1751592374	55.1643956604	446.2922330212
735703.2743055556	142.7405890237	999.9302043584	929.1832623976	313.3382811705	765.3875135694
735703.2812500000	142.7405890237	1419.6851793475	787.1560779134	277.4460610855	765.3875135694
735703.2881944445	204.7249106927	1952.8784098852	1073.5561015195	43.5485882347	642.4921611257
735703.2951388889	153.0234237688	1725.2151381435	1073.5561015195	63.4081284687	995.9823894767
735703.3020833334	111.1287751139	902.0923128379	494.5637374616	111.6615569111	1669.0793945155
735703.3090277778	60.8220512651	902.0923128379	760.4453010066	53.9707355526	1146.9565242781
735703.3159722223	192.8772187468	1779.6795746305	394.6769490022	10.0132214485	56.6818342171
735703.3229166667	434.6238465383	1428.9255356788	1301.6807759465	368.4838517934	763.7302000754
735703.3298611111	162.7287239743	1067.2030810489	651.4384459680	119.4164220123	421.8599106006
735703.3368055556	133.7790673263	1742.5451972027	833.5901776377	225.1728009908	1040.6967532659
735703.3437500000	120.8603699186	1329.9996462677	1008.9644905928	83.2120991839	518.6078754562
735703.3506944445	100.1075660751	1118.4925403881	357.0433571627	14.4048030773	204.0462720691
735703.3576388889	0.0000000000	0.0000000000	0.0000000000	0.0000000000	0.0000000000
735703.3645833334	75.6368630378	168.0458834274	375.5096161775	103.6742790265	391.3903245564
735703.3715277778	121.2148255170	130.4068165389	448.5421856680	89.4030725012	681.2861829203
735703.3784722223	147.0002750898	262.9456085670	689.8982849405	173.0404261682	799.9042637187
735703.3854166667	165.3896745388	485.6733334762	1064.5884238957	269.0314571584	1004.2937033378
735703.3923611111	218.2928928610	485.6733334762	531.7722650416	420.2753156460	1004.2937033378
735703.3993055556	118.1193080991	722.3030676618	678.4066851304	472.5979235105	864.4497488003
735703.4062500000	181.6917343951	541.9925335408	567.2426403902	300.7253710331	864.4497488003
735703.4131944445	75.0846803748	424.5348385306	1070.6678786600	312.3209333669	962.1980300269
735703.4201388889	129.9923195031	819.5001047870	685.3172040068	303.6598319457	949.8219203620
735703.4270833334	151.6371098059	808.8875223085	1949.1676388960	190.8428594135	2065.7497450708
735703.4340277778	139.1825515629	616.0720342679	993.5250802118	520.0423442770	1730.9724428107
735703.4409722223	236.3650343906	1217.9396025473	728.7588269186	228.1339932109	1104.3019576199
735703.4479166667	161.3721637581	701.2762509948	473.6658505368	238.7228016500	1059.9314055521
735703.4548611111	140.0079451252	446.5740262604	2138.8769210656	554.0754910699	1048.2972842617
735703.4618055556	190.9891310353	371.0289453198	357.4688790498	164.3072731279	1811.0167990274
735703.4687500000	129.9377613240	395.1004845736	673.2071977481	541.0509467270	1951.2045185487
735703.4756944445	171.7415374101	406.8191529062	342.7430651042	273.1354390908	1614.2268136637
735703.4826388889	141.1799543118	394.7769366218	714.3959925241	576.7524397363	1319.3587465779
735703.4895833334	152.7212078371	141.5450368008	592.8483507155	91.3377521592	1503.6553685042
735703.4965277778	256.3038848735	479.5459571109	872.4987406549	354.7829669687	1955.5304513778
735703.5034722223	114.4822375517	211.5996560791	1069.5814111435	313.9403313754	1009.9054105096
735703.5104166666	186.2600832398	428.6666639004	584.6529980893	217.0620181949	1496.5372691646
735703.5173611111	163.6140788622	350.0261413501	1418.6522547188	516.6839157812	1226.7838368571
735703.5243055555	507.4345496059	588.9387015084	630.8410586507	193.7663803953	1451.2659256341
735703.5312500000	387.3377065348	599.2223612327	955.5440720717	556.7685385635	2093.9340303880
735703.5381944444	893.3945560215	156.1167382204	952.1522947053	358.0488131358	1879.3361658469
735703.5451388889	200.3528402787	212.8390526365	1031.3904729911	643.3065601480	2837.6057495667
735703.5520833333	312.5928410792	314.5694138808	657.1224265778	337.4356665724	1356.0869204756
735703.5590277778	108.9387484195	122.7568169245	612.3013431732	355.0467272055	1561.0606293608
735703.5659722223	126.5418140702	619.4518546228	1395.5813985526	636.6591971238	1598.3698640319
735703.5729166666	89.7762370280	830.3812382416	783.3885858663	658.9423020035	3426.3140199751
735703.5798611111	147.1893257294	712.9267529335	503.5362227493	1090.8323907415	3436.4214509992
735703.5868055555	415.5937767108	813.1029242025	1098.5728645636	956.5393098040	2670.9957360965
735703.5937500000	637.7402555320	1167.7600939476	1253.8300993068	2600.6635393354	6766.3545553646
735703.6006944444	165.9093191109	1023.1245755343	2577.5624997628	1292.1217329301	3979.9861803655
735703.6076388889	163.8128163270	344.1584705544	857.7402089016	820.4389585773	4284.1635872262
735703.6145833333	231.1242312126	362.9581869254	648.5450063473	1185.3493899926	4031.9409562569
735703.6215277778	220.0732967568	236.7276535589	539.9779612652	1013.2337731288	3927.8908159813
735703.6284722223	153.7563735866	191.1067722666	715.7028127820	1207.6426694723	2816.6444659738
735703.6354166666	172.1699822058	348.7887277581	868.6723089358	1512.5601778740	3000.0986957628
735703.6423611111	184.0340459864	498.9137985321	600.5005162721	718.6873365743	2760.1209755986
735703.6493055555	166.2750413410	1087.9142722370	3091.3162490876	5216.3574516613	4639.1144290532
735703.6562500000	158.7840977647	311.8072097413	817.1832672141	536.5464986971	1964.3485214160
735703.6631944444	232.3210476714	700.6524600684	798.9228010030	795.9840385558	3091.9106429755
735703.6701388889	242.5951917750	432.5339321204	313.8388091493	1227.8982567436	2429.0737128441
735703.6770833333	351.0713933703	1604.1603775914	457.9925871344	816.2576645954	2708.4945287375
735703.6840277778	180.7928665062	1214.5823083864	358.2022336022	1517.3502971201	3730.7521255870
735703.6909722223	445.1311265540	3417.9222239915	579.1397269415	1058.1955253608	2622.2243627510
735703.6979166666	215.0868100033	846.0099991169	346.8009486882	586.1450661277	1961.5115949317
735703.7048611111	226.4411955300	289.7893067539	1550.2772677682	545.6683326600	2709.2779603878
735703.7118055555	267.3117544579	214.4692568910	892.5918603393	530.4592621565	1639.3415340373
735703.7187500000	737.7694218367	545.2165178336	1624.3646605216	1375.2540029643	1657.1275570207
735703.7256944444	251.3150816115	518.8198837448	392.5626085760	794.8237613755	1946.6200072373
735703.7326388889	180.4589737840	627.0133575566	1070.6619989196	1551.5900833812	3076.3900343121
735703.7395833333	415.7139328784	446.3563945983	1144.7372307961	704.4023446849	2425.2553358581
735703.7465277778	314.3574444954	480.3894446391	1048.5281206939	427.7046654959	1950.3909785922
735703.7534722223	424.9217300849	376.9365515366	482.6351527284	1116.1781224753	2282.8115546662
735703.7604166666	1258.6770764584	1497.0665886044	1193.6052935503	774.5860129571	3587.8190225705
735703.7673611111	116.3524359190	147.8156922965	646.2806466848	732.7527505016	1777.0527808997
735703.7743055555	273.3866365955	405.0775336507	921.2635426635	1088.1426974478	4552.2521893244
735703.7812500000	0.0000000000	0.0000000000	2.7819806765	0.0000000000	0.0000000000
735703.7881944444	155.7890317541	1717.6043573545	2058.1263580216	298.5192767731	3527.3786239348
735703.7951388889	158.3728618870	1080.4973795776	1980.8558698380	836.9638293483	3834.9094736233
735703.8020833333	139.6589508701	1427.6185236807	1490.9509444476	1244.2765252703	5854.1362301696
735703.8090277778	259.6784310865	1433.0343724412	1459.0954927515	1510.3704376538	6378.2695485728
735703.8159722223	201.5821976755	1343.0395275091	1374.6338638452	2418.7622776897	5637.5858475554
735703.8229166666	222.1953897684	1238.5111287952	748.8701076857	2067.6594956073	5725.7248624985
735703.8298611111	188.8203523834	1245.4999098184	1211.1634154656	1449.6203940452	6393.4474985203
735703.8368055555	149.5886207777	932.1134460598	1859.8196098178	1067.4897930050	8997.2627251156
735703.8437500000	240.4354854762	1227.5933518577	947.1781658806	1917.9840370753	5708.3693630735
735703.8506944444	405.0768024458	1330.7835351071	1186.8197194283	1608.4567048253	5301.7331002701
735703.8576388889	417.6479629147	1870.3965734505	2633.5028359054	1723.6640696034	8342.0292942581
735703.8645833333	157.3684245808	1346.5735900174	1822.8402228842	1741.0384736745	4240.6748942664
735703.8715277778	347.3144202685	1548.8741602521	1957.3690261205	664.4154731306	4138.0983613573
735703.8784722223	167.4334498861	952.8742750374	1642.6890312885	1291.8587614978	4206.4499875437
735703.8854166666	298.9285842030	1438.5508347036	1291.9221432102	1524.4628786896	5677.2237913899
735703.8923611111	285.2051708978	1090.8778999948	2582.0101757096	1116.4847036717	7914.5771579939
735703.8993055555	93.3281536903	1331.9610574400	1377.9212805331	1201.2442683776	4427.6441512839
735703.9062500000	305.2532473494	939.7816033699	660.1344471025	771.5742037836	2747.1658091862
735703.9131944444	170.8830142880	1540.4909778229	847.9228283359	1011.7691096372	2015.1449588714
735703.9201388889	247.8237685460	1254.8201347466	658.2660414511	599.4492251792	1710.6044311266
735703.9270833333	255.6584231295	1319.2707450143	669.7659910766	576.0831212660	1462.0986054349
735703.9340277778	167.8388535661	1251.7837378167	1103.5417477514	724.6620743584	1413.2398473501
735703.9409722223	640.9942309170	1025.3953507604	569.2908108465	370.1973413147	1058.9991944030
735703.9479166666	328.6180665735	1110.4420138484	661.9743892461	515.4162308987	1757.7442214229
735703.9548611111	227.9841108614	1322.4395372962	1041.9419378884	1092.9959092542	1893.8456085279
735703.9618055555	125.1032519121	1670.8858351120	1624.4454056323	1015.6061140363	2141.8455103500
735703.9687500000	282.6810959292	1015.0739570685	492.3396150806	779.4697952781	2782.2081231006
735703.9756944444	183.9243008917	1166.6319457221	649.1146929104	640.3516496703	4493.3462312774
735703.9826388889	180.3011970696	1392.7711553947	1336.4500193375	1471.1217464825	3010.6348921675
735703.9895833333	207.8718311155	973.4611115337	532.5197822734	914.4396647498	5884.5019915305
735703.9965277778	263.8504876313	1623.5890343152	471.2161958948	865.9579815124	4159.9341623583
