3.0000000000	2.0000000000	1.6000000000	1.4000000000	1.2000000000	1.0000000000
735744.0034722223	307.5218238044	383.4191658127	1161.2044085351	826.1562764493	1516.0784563779
735744.0104166667	355.9860828925	621.3840881300	658.6048503530	930.6377867940	937.7476487999
735744.0173611111	301.9460866904	674.3006347530	704.3645450490	1599.2885830988	1113.8823416609
735744.0243055556	262.5983276790	710.1490558558	760.4923970977	923.7473993403	1396.5204575490
735744.0312500000	248.7219336620	771.9466970704	595.8076970070	1458.2374288497	860.0385394924
735744.0381944445	202.9933682578	518.0543831819	379.2475646665	862.8494903345	2119.0736250763
735744.0451388889	203.1740787869	377.1175802264	502.5624617176	777.6327030820	2119.0736250763
735744.0520833334	176.7635564159	592.4778534498	781.1828044384	882.9076580260	870.3457278248
735744.0590277778	217.8740446510	867.5274986326	781.1828044384	793.9409830103	2309.7099142498
735744.0659722223	215.1924128455	563.3590605899	1100.5135222034	500.4710143718	2111.9957664309
735744.0729166667	303.2547609954	540.5066379744	820.6285932128	930.6651076775	1275.3598417353
735744.0798611111	255.3572590598	453.0389967422	858.2630275796	656.3859208991	1114.1831945172
735744.0868055556	217.6047267064	668.3292564121	783.2572450697	1133.3460394646	2307.4072088981
735744.0937500000	380.9870309778	840.2025145381	953.0145792395	1538.5359171102	1196.2208293927
735744.1006944445	232.8993758411	307.5975477578	402.5980850952	776.6516599841	2230.3200712039
735744.1076388889	299.4842656294	534.1037839021	629.5999624443	511.3936056276	2399.9641645722
735744.1145833334	116.4427270280	1622.4790261582	589.3295133754	873.4890985127	868.3704624972
735744.1215277778	175.7230940347	766.2066808447	797.9305167529	741.4641418515	1091.4106331368
735744.1284722223	198.3179906552	419.7553049969	641.4169997199	235.7625871930	820.4228363966
735744.1354166667	112.8597223119	520.8714315720	775.7694302640	698.2997977007	909.4271015926
735744.1423611111	119.3895434358	301.4836108244	794.9851229303	698.2997977007	909.4271015926
735744.1493055556	280.6013044265	565.1786888310	736.3096549236	680.8426653565	1709.7506500871
735744.1562500000	197.3588568150	584.9223615125	918.5290452495	319.8073588590	631.1996337511
735744.1631944445	191.6100996042	408.5855181768	397.8690208469	506.0386857281	644.0357413392
735744.1701388889	188.5833883515	223.9253480212	526.1707758410	615.1684408468	1751.1407698461
735744.1770833334	194.8221453684	623.1158939066	1444.3216129014	1067.9401318318	1089.0350616408
735744.1840277778	207.8939377341	541.8041586367	1082.2112552686	412.8507704443	1408.3923223797
735744.1909722223	218.7437270093	977.6236082564	1028.6076332025	1371.5369536962	5914.0202635618
735744.1979166667	271.8937798910	498.9149520914	882.5806095670	896.6346121875	1912.8589717639
735744.2048611111	212.7422725004	963.2367876140	686.0461249694	375.9691398663	1176.7554180043
735744.2118055556	167.6524766294	504.3721880354	914.5652803004	2227.8231560396	2083.1391573632
735744.2187500000	513.6418768456	1066.0452313191	1543.9049998839	1190.7879709311	1471.2065837461
735744.2256944445	374.2253397901	428.0704839356	270.4491615833	525.9692722694	2249.7460688301
735744.2326388889	399.8765754095	903.9296072170	980.5551090982	1753.3763235778	2275.8803472966
735744.2395833334	660.0039148938	1218.3376123006	720.0352120603	731.7040443840	982.6219350896
735744.2465277778	198.7867685141	558.4354290099	597.2031485607	767.6087985777	3370.8453252419
735744.2534722223	672.2416639592	259.3457703245	403.7550016175	1112.9077570949	5328.2615142782
735744.2604166667	331.9887416421	565.5918947606	938.0661678669	610.0084283032	1184.1435026451
735744.2673611111	209.0531070828	607.1182293060	865.8235929946	899.5496281254	3718.3213549950
735744.2743055556	266.7005323724	434.4735270301	790.4456844767	556.4765164807	4732.1796397202
735744.2812500000	154.3598941685	615.7922022734	317.4166827466	604.1715869195	1029.5864134994
735744.2881944445	162.0938239786	595.5638848205	645.4693204146	599.7541718714	878.7124467489
735744.2951388889	194.5360026176	380.2836450482	645.4693204146	1292.4796951702	1770.8192245580
735744.3020833334	354.9655892385	593.8467782573	1034.5722887514	1471.9849042369	2213.5756636670
735744.3090277778	217.0812535218	842.9482382157	946.2539923952	640.3875782531	1317.9773298272
735744.3159722223	127.1872223301	428.7587145142	632.4997344417	852.4608190242	2345.3179958347
735744.3229166667	145.0601153556	197.7723338770	333.3689958167	434.1313668072	1205.5185309928
735744.3298611111	283.6533509635	727.7194539313	502.1794411969	715.2848667662	985.0280982726
735744.3368055556	89.4407332682	691.8235278202	836.9369101886	1672.3175156619	1099.3837852102
735744.3437500000	398.1393528807	503.6853638799	781.8761287811	1039.5357809620	4728.7602767526
735744.3506944445	158.2913502902	357.9737677917	360.5076209625	383.5123064977	1266.8894762609
735744.3576388889	112.9105667281	514.4560389568	478.6690331396	597.6354430912	1839.3467306392
735744.3645833334	500.7811341850	1191.5085964245	578.5074366796	1268.7392187069	3595.4376882867
735744.3715277778	0.0000000000	0.0000000000	0.0000000000	0.0000000000	0.0000000000
735744.3784722223	131.8610002967	453.0357589921	504.4937061378	925.6498767032	1141.5380735643
735744.3854166667	137.1575118365	737.6041111251	981.4217308046	1102.8181686441	1628.2240479091
735744.3923611111	224.9146310545	1158.7519873138	606.9494537898	1965.9676451625	4642.1575543801
735744.3993055556	248.2046308638	774.2040784743	1157.9249907286	949.0951189509	1458.9021048198
735744.4062500000	287.8649397664	498.2061285585	902.3625246107	1072.5600268629	2565.7886774999
735744.4131944445	286.6605435228	823.5714901665	786.9345848730	1164.0876716483	2429.6850251961
735744.4201388889	200.7096671188	812.4238898563	809.4249847607	1175.9371905159	5150.4710461499
735744.4270833334	185.0629521099	477.1631640347	1192.1472345047	1346.7223138117	2758.0467408864
735744.4340277778	294.6334041065	477.1631640347	1088.7580595243	3533.2856858789	9219.6910854303
735744.4409722223	278.6577844307	602.7706913626	1218.6205189445	2409.8932506728	9596.7221948053
735744.4479166667	276.0256697549	537.1176065188	869.5930102202	2635.9798004383	3118.9192072305
735744.4548611111	272.2506661181	1382.1420080453	1130.1179861633	2675.6941562627	3531.2577480614
735744.4618055556	216.6004983800	864.3853730030	3329.1841082821	2588.1090477400	7176.2431218876
735744.4687500000	397.8697154135	969.8833697113	1235.9219286156	2277.5352574060	8866.6283733968
735744.4756944445	693.8537215556	2340.2002873864	2229.6830812658	3749.5172433625	11348.8671386991
735744.4826388889	908.3870408551	2896.9484480726	3796.1617784691	5362.0726598209	9908.7657753245
735744.4895833334	1271.1016256300	1686.2655940835	4403.7055775701	5289.4429416116	5416.8479315323
735744.4965277778	1404.5449803564	2651.7688817185	4251.3536544141	8295.8058996641	18297.4319372522
735744.5034722223	1339.4305773529	1115.0778974429	3769.2438770583	4624.4605497091	13304.7754270609
735744.5104166666	947.9810285961	2024.8222788729	2882.6276903019	4193.4446760249	7773.7099487569
735744.5173611111	807.5882493263	1419.3621476944	3837.8073296898	2434.2029329481	5181.3068845024
735744.5243055555	1059.6315614700	2920.7505836173	3016.5649929239	3735.5926955059	9236.4325426473
735744.5312500000	639.4529069145	3157.9163965716	3122.9383587108	2628.5450626488	4526.8301291628
735744.5381944444	968.3219288282	960.9745272428	2166.2574518719	3208.2063428738	8360.0754073469
735744.5451388889	631.0690238130	1638.9329878770	1933.9793489616	1841.4694046289	4572.4060622142
735744.5520833333	1014.7326143413	1176.1437103093	1845.2480910341	1317.4684357594	2308.0368652118
735744.5590277778	390.8298243591	591.2256026765	719.9579251967	3356.7343331387	4643.6349269372
735744.5659722223	362.9381335231	419.6237344976	1218.8340182996	3327.4004578235	3526.6167815997
735744.5729166666	230.8470034767	1117.0016104806	964.9780254417	676.7864741731	3345.4324994568
735744.5798611111	198.0742746577	581.3419072740	581.6624701328	1492.5429538860	2390.8755201068
735744.5868055555	301.4818969745	638.4388945740	1594.9227587396	2115.2182308556	3165.8718922646
735744.5937500000	149.5092125196	573.6406033131	1411.6458133092	1733.7627620191	3677.7325759253
735744.6006944444	350.5336620258	1049.6061015174	1165.1256574078	703.9939528110	1235.2369406175
735744.6076388889	704.5514749316	1000.6985869126	738.4775913386	1936.0472772260	4728.5902744347
735744.6145833333	406.9053807698	853.0916987784	1350.9321969966	1117.2215988610	2803.4266715173
735744.6215277778	166.8796284705	1510.3085074363	2454.1715857955	3894.2066492028	3513.3336543534
735744.6284722223	308.2600289834	725.8488881492	1135.3787895931	3336.4763926198	3877.0870281505
735744.6354166666	313.5582042550	793.8006349828	805.1849404725	674.5598774077	3104.3961901404
735744.6423611111	180.3167522264	273.7524338279	1294.2468238752	2123.1788346100	3526.9088449019
735744.6493055555	522.6048206753	508.9577584341	570.2012222626	1468.3345438454	2675.5282418024
735744.6562500000	250.6945308187	1371.3683751436	958.1702936482	1068.9782407648	4062.2264182397
735744.6631944444	847.2596418873	969.2419582377	1673.6846985207	1839.6085663558	3203.5273736598
735744.6701388889	342.7151699132	913.6264064088	1850.9578576868	2745.6020857233	6442.8150649157
735744.6770833333	236.6450713783	1180.6440152877	1506.4318991795	1904.8786058072	6089.2159518567
735744.6840277778	145.4170527975	471.7102569380	876.4994758201	1758.5561556649	2656.2306915286
735744.6909722223	223.1718487345	586.3095557557	1073.6570529309	1599.9172469664	2422.4795980085
735744.6979166666	328.5173230619	726.9906466234	1363.8830229879	2104.6292327791	2147.9496790666
735744.7048611111	312.8244015636	644.5380380075	1176.6440877078	2624.1086908079	3589.7205706202
735744.7118055555	352.0740314272	523.8086480808	896.5800700060	1005.2387684413	2643.3189500845
735744.7187500000	331.7235177872	277.8192075042	1037.1213954962	614.5481893135	1899.8461066394
735744.7256944444	280.3464056837	1094.5798645582	1078.3693084399	1202.8985782705	2080.5504960977
735744.7326388889	769.3338374552	1346.9832267812	1501.7099387158	2748.5747005592	6043.1807838956
735744.7395833333	571.7319197866	714.5279657597	1852.7140056345	2280.3912050047	2619.3775459353
735744.7465277778	273.9517440228	1093.8647642189	1086.8672661100	1739.4526515939	2790.3977855387
735744.7534722223	351.3645499270	1467.9703707515	1202.4869154754	1165.6328919223	1519.4449816702
735744.7604166666	177.0182472636	756.8675125899	1002.5794424581	1893.2245947207	2869.3731050704
735744.7673611111	194.4618727738	426.4409065404	535.1307273599	952.8152423068	1597.6906885694
735744.7743055555	234.2921037782	1201.7492720154	1729.4526386657	2029.5235027861	5253.3839158301
735744.7812500000	616.0051640095	656.9325732756	1227.6388102865	2147.0962054992	2739.0937301314
735744.7881944444	237.0901273818	0.0000000000	0.0000000000	0.0000000000	0.0000000000
735744.7951388889	415.9623395242	313.0165197327	630.9651360025	1405.3585977911	2843.0551745584
735744.8020833333	690.2041466334	1923.9819024289	2339.1010855094	3823.8564789972	5694.5115670106
735744.8090277778	405.9461368642	1020.3105375883	2098.1133771662	4304.4480439806	6793.4981052783
735744.8159722223	525.6167464291	1416.7574115138	4099.8165285468	5219.8975012414	11163.5973363525
735744.8229166666	616.2004212122	3278.1096581114	3792.2508085086	3246.2666365189	8670.8432027231
735744.8298611111	483.4395268808	1104.9281095062	3051.3227468126	3485.6012024369	6315.1941207087
735744.8368055555	505.2186794375	2077.4067095412	2533.4655389740	2238.2797537064	10855.4603290212
735744.8437500000	436.1293991552	1795.4268378438	3907.4348069148	5702.8736195037	6810.0113154812
735744.8506944444	462.2466982283	941.4526131800	2609.8077270463	3710.3058209620	7994.4962789163
735744.8576388889	501.5723534679	1595.9549984184	2124.5736437282	2355.7425448077	6497.5066995915
735744.8645833333	419.0516585805	1185.4443739010	1853.9562314289	3454.6609808050	8077.4836547104
735744.8715277778	327.4028732197	935.9229706271	1119.6938469810	1276.3449616893	3195.3172576234
735744.8784722223	416.6523382694	893.9231740430	1127.2828535519	2089.8438830266	5479.4423886237
735744.8854166666	417.0345578946	878.7506316976	1134.0962481652	4067.2963035082	5563.2277712610
735744.8923611111	1027.1901829397	665.5949267175	2287.0847106566	1783.1930854277	5610.7233961302
735744.8993055555	425.0474060911	1153.9863381483	790.1209458643	1166.6876302166	7010.4841615986
735744.9062500000	429.1458033916	399.6288720864	1072.9172360521	1296.3104962369	2631.6762134271
735744.9131944444	457.1587656987	4225.1365776226	2441.3415815046	3336.0470344517	8203.8155372681
735744.9201388889	556.1693008825	2378.7558505063	1981.1773040756	2379.1392472310	4333.9684548852
735744.9270833333	480.8002099001	3898.9905026510	2964.5053865702	3700.7889339268	5223.6169330087
735744.9340277778	310.8393096957	1422.9417902772	1060.8544597453	1437.0209321836	4889.5318981265
735744.9409722223	589.1519992750	969.6440665343	2114.3168540312	2416.5041446124	6743.5262659886
735744.9479166666	431.3897569381	872.5185257242	706.6123401554	919.3426511070	5866.9436015404
735744.9548611111	667.9775322683	3904.2668542790	2777.4013179072	1903.4304859066	3075.3714449510
735744.9618055555	382.5789257444	667.2324807246	1680.0882860424	3618.9558147377	4228.8398811479
735744.9687500000	390.9843538694	1663.1550392157	684.7452618309	2145.7753009372	1873.3149855153
735744.9756944444	255.9213950467	667.8857981058	1542.9779446583	1098.9376359281	2023.2913537581
735744.9826388889	234.8399904194	1337.9668442651	2009.8180438155	1907.0396272971	3044.7455148369
735744.9895833333	441.2398389487	8448.7405773886	5647.4677047123	3752.2735750376	3591.6808216924
735744.9965277778	491.8761606841	1718.8875690546	5341.9708311446	7160.4023571415	18899.3388003690
