3.0000000000	2.0000000000	1.6000000000	1.4000000000	1.2000000000	1.0000000000
735715.0034722223	145.4127149983	785.2730035917	667.6209680882	1195.1921197554	8462.6097555319
735715.0104166667	379.6275520273	1043.4349129376	747.0526380107	2350.2450342782	8274.5616111796
735715.0173611111	195.7338552389	1881.5847894625	1445.2226113626	2240.4908861102	12507.7513200522
735715.0243055556	396.8527067922	1895.5343086498	1684.1994531574	4377.8517313083	13407.8160586039
735715.0312500000	396.8527067922	3070.7545931801	2748.2213754306	6103.9294593986	11552.3898324638
735715.0381944445	295.6039316791	994.3864427159	984.5356608684	3429.6140412637	8563.6453392702
735715.0451388889	546.2177957983	3097.6951993435	2423.0201917880	3792.6777186369	8911.9882484027
735715.0520833334	460.3943588394	1714.6925933139	2733.9047866044	6028.8003985820	19039.2947792696
735715.0590277778	410.9194724316	977.1643009981	2733.9047866044	6028.8003985820	11449.4102531548
735715.0659722223	458.9337544531	3273.1433154243	2209.3073086376	6485.6598802585	13152.1805751280
735715.0729166667	426.8711887404	2013.6835731948	2312.5398548025	3806.7411919632	8494.7502368622
735715.0798611111	246.5312653153	2369.1932154625	1933.4593273141	3341.9006863961	6917.0371268142
735715.0868055556	252.6141130413	1422.4449780036	939.1327195435	1497.1312406826	7773.9758739304
735715.0937500000	265.9928484057	4080.0635233230	275.0177976060	1417.6667343777	5069.7307666913
735715.1006944445	327.9509251742	1401.9264114191	1003.1326802745	2154.1652855475	6050.5038130295
735715.1076388889	3387.7626519368	2113.0341595479	1408.6467390709	2711.7497984737	12722.5689359598
735715.1145833334	638.0244315794	1199.0411502241	659.2523383117	1129.7459166822	5006.0712441692
735715.1215277778	249.3132391296	1110.2715168558	539.1410612585	2800.4339706141	5704.3120188175
735715.1284722223	391.7413363864	2069.5422348834	430.4360367527	1500.9425980392	9838.1440647025
735715.1354166667	289.2306560248	1144.5749512955	569.3478302779	1480.2813232620	4544.0456563755
735715.1423611111	289.2306560248	1289.9277613312	569.3478302779	1480.2813232620	7533.4381133450
735715.1493055556	153.9254052339	1353.5897006922	893.5797280044	2029.0725879500	6792.4604529833
735715.1562500000	153.9254052339	1095.5770948719	893.5797280044	1849.0468377221	3344.4165260129
735715.1631944445	194.4060960189	1184.3122403932	772.8496682750	1157.6796120860	8519.4120094233
735715.1701388889	246.6942436790	1240.1759434611	492.6726814065	836.5019763637	3277.3621387609
735715.1770833334	664.6255290933	1697.0092287788	1710.2409296305	1354.9515279728	4082.9883352922
735715.1840277778	1437.6040049993	1697.0092287788	688.4128687676	1133.0467240014	3361.2359333186
735715.1909722223	252.5726967782	1125.3324596886	667.7992133738	1925.8861299892	4142.6961982863
735715.1979166667	480.8379826303	1743.1790676403	511.9155205476	1605.1145287735	3562.5152396884
735715.2048611111	434.8705332390	1596.4725350858	1423.7061650536	1753.2598054991	4037.3164092692
735715.2118055556	475.7474630163	1895.1714754990	1214.2851123893	3308.7816340468	5777.6993082488
735715.2187500000	199.9195471659	1334.6450015444	890.2254926552	1108.1258113000	4454.7773084177
735715.2256944445	486.1165056434	1584.2886018597	621.3655331398	1560.1438530146	4307.4817625330
735715.2326388889	543.4680400616	1224.4315727384	1410.7835119178	1046.2290475137	1730.9119707035
735715.2395833334	387.5091677189	3092.5255708006	772.0647108667	2268.2049897469	2267.0889381491
735715.2465277778	297.4743707039	1953.8674903491	1062.2104325226	1878.9229814958	3463.8103463751
735715.2534722223	688.8396318809	2138.3666307441	729.3506031721	1538.4292661134	3043.5734913971
735715.2604166667	341.4591239629	2334.9346690319	1256.8719486262	1088.2675717752	3221.2682576935
735715.2673611111	257.9919529205	2384.4894871614	1256.8719486262	2022.5212830646	3221.2682576935
735715.2743055556	1358.8901598356	1987.0572418279	813.7581188751	2030.6342282792	6600.6980986026
735715.2812500000	374.3173125216	1884.7447978952	1293.5274182623	3920.6472477730	5764.2338565953
735715.2881944445	466.0708961628	2079.3085632746	1764.2611937111	3080.6244552174	6892.6399332422
735715.2951388889	617.2776199588	1194.7174157045	1907.1385217727	3762.8597293708	8187.3563400236
735715.3020833334	218.0651715667	1974.6072770013	2127.8265860800	3201.6670902928	7511.0102516775
735715.3090277778	218.0651715667	1974.6072770013	1875.2754203809	1707.5476892149	7511.0102516775
735715.3159722223	195.6444059566	2400.3680949468	2439.4992767087	2068.0412008985	7452.8610071368
735715.3229166667	328.9948980674	2345.4582609737	1798.4559166451	1529.1500181991	4687.4812024724
735715.3298611111	2733.9841112626	2134.3983655203	1647.8222651897	1293.6782903418	4680.1657566369
735715.3368055556	151.3017429511	1479.7054034760	1071.3825018570	1173.9134314869	4239.7400713506
735715.3437500000	1838.6681591290	1887.6674818857	701.3613034553	1061.4165807960	3950.8834002281
735715.3506944445	160.3427763059	1957.3879786170	299.7265078101	2797.6019841800	6203.6187761154
735715.3576388889	144.6885882620	1880.0583512077	433.2583045942	2093.4185353745	6900.8307710271
735715.3645833334	115.8610541910	1716.1549197052	1448.4182644764	2513.4651738751	7234.4634440276
735715.3715277778	134.3492949774	1577.0264694166	848.0992483624	2157.0724658808	5897.9116436727
735715.3784722223	90.5801848001	0.0922034718	0.0000000000	0.0000000000	0.0000000000
735715.3854166667	274.6765497352	1618.2924278723	397.3011446375	791.3250157600	4356.2664218239
735715.3923611111	265.0270049097	2439.4212417884	768.1259115497	1688.6694934486	3345.9191887771
735715.3993055556	375.9469085390	3378.6390673558	1035.9431663112	1582.9263052462	7476.1302469909
735715.4062500000	336.0909809888	1399.0716729399	1083.8840836869	1564.5878565470	3092.5889883716
735715.4131944445	474.9746270239	835.3088562533	1072.8033802786	952.6203954763	5287.0487474522
735715.4201388889	311.3153323041	1025.6628816168	542.4163991607	1393.3753726511	6143.1261005660
735715.4270833334	372.9631751448	2291.0637914988	716.3624115771	1668.9948596801	3171.7196340441
735715.4340277778	372.9631751448	2167.8717553761	629.8787299455	1274.0881763800	4071.1412549624
735715.4409722223	299.1479639622	1071.5699760371	661.9514811333	1088.3694156880	2521.1369399242
735715.4479166667	513.6352543035	6632.6485294739	3738.9695160356	939.6063010890	3905.7050937715
735715.4548611111	1102.4840384963	2592.5777362073	2553.0970941164	4240.9403872739	2854.6734044244
735715.4618055556	398.5830559778	623.0073793520	848.3069614549	3229.3193722071	3333.9433014446
735715.4687500000	526.0989609915	522.0209760640	574.5352912660	1377.4946738197	2096.6925286814
735715.4756944445	224.9530952731	785.8229391801	552.1559111431	886.3686360174	2556.3717429492
735715.4826388889	220.8096983449	1222.4441550926	595.2949695353	1010.1120387918	1529.1554447522
735715.4895833334	275.9508462696	860.9040428452	675.3023704111	704.4674257055	1862.0565523958
735715.4965277778	261.3188544938	366.0727563259	523.3728595748	814.1504286056	1066.2334306964
735715.5034722223	315.5852257730	484.1704164850	548.4792528931	894.5135630764	2668.2902499193
735715.5104166666	280.3532700594	718.8273631432	625.3823051001	1064.7260470967	2451.5910039344
735715.5173611111	448.0713659122	521.9272638654	650.0366129710	856.9745986023	2438.6466326463
735715.5243055555	305.2177329884	411.0728400297	684.0802552408	1136.2156345921	2826.0576441517
735715.5312500000	430.3100278658	493.3661278698	741.2746428912	951.5464708166	2569.0173085435
735715.5381944444	350.5178211334	546.8285581949	538.1171714232	772.6348795703	3807.4171194931
735715.5451388889	439.6904473258	228.7892502970	551.3374944196	900.9209636767	2488.9321576434
735715.5520833333	263.8889839831	464.8001412667	486.2013512950	1169.5036209453	2300.7412475872
735715.5590277778	214.4771352296	677.9450935011	711.5134228765	722.8032052958	1417.5044168709
735715.5659722223	319.6595176017	624.0005033714	723.4495529856	1054.9484499011	2631.5507191290
735715.5729166666	198.0397403752	663.2176640986	659.6766094904	1472.3817694830	2025.8235254642
735715.5798611111	340.4605225222	887.4972926268	702.6921687269	955.5674960119	2197.2599651553
735715.5868055555	238.3273670898	335.8998463651	934.2548608626	1093.4769141165	3667.6031893564
735715.5937500000	576.9162133432	554.0712546061	592.7647476109	953.5762376943	2448.8164559495
735715.6006944444	363.1210000889	621.7402129915	607.2438798521	1036.2762913697	2320.8916246889
735715.6076388889	225.7399463956	537.5088095956	626.2922425557	1313.5235198859	3510.9080016483
735715.6145833333	209.5991420277	432.3293373904	1016.6195797323	1587.2571972054	4071.2270505086
735715.6215277778	248.5092488458	458.5759493579	750.0433743901	1112.2944421717	2944.6975292693
735715.6284722223	251.5349453278	639.7426786914	499.1461049866	897.6865170885	2132.5140960077
735715.6354166666	268.9523273432	436.2893087904	889.0705733453	947.7635201172	3213.9184831225
735715.6423611111	361.3708813774	533.7774898925	476.6760783197	979.5484778511	2542.5617801724
735715.6493055555	348.7334384940	425.4347533318	569.4754256715	743.2075666606	2735.6383469227
735715.6562500000	352.2407489549	657.8157578696	585.2436450966	788.6214098546	2422.0611143829
735715.6631944444	292.4723612426	454.9861457062	411.8425617572	841.2463036091	2191.9972702178
735715.6701388889	267.8673771943	521.8417727862	389.2032973398	869.2432797988	1999.7692901024
735715.6770833333	410.0659981412	1002.5883528303	824.3368545653	1249.8730796104	4140.1198852027
735715.6840277778	319.3072389566	278.3028136016	464.0990117313	1058.0070171623	2534.2070661569
735715.6909722223	199.8517560690	354.7826532899	656.5945565692	987.2803502011	3741.4499628493
735715.6979166666	356.6254954351	477.4396863022	420.7146341763	1111.2139322957	2838.4261680399
735715.7048611111	222.7385827691	768.4177035167	507.0077648259	1461.2749545382	1950.2283975816
735715.7118055555	213.4270350939	924.3110818945	480.3320150404	1753.0685023149	2621.5233913173
735715.7187500000	724.9989348877	814.5213986911	1093.0269660994	2119.4936765881	3791.3085821556
735715.7256944444	353.2130492923	1748.7568072479	848.4262554378	1448.2279071283	3842.7982294674
735715.7326388889	1297.8074475096	973.8047754329	530.0548886754	1518.1355262550	4240.6642146714
735715.7395833333	775.3751152920	1734.7421098520	806.9558911327	1578.0898252968	3672.0775231587
735715.7465277778	558.6857844336	733.9528359661	725.2111136713	1946.4275458841	5743.6475390445
735715.7534722223	525.1717748996	1131.6855767041	514.5144260517	2339.1655672892	9073.5110034408
735715.7604166666	0.0000000000	20.2192249864	803.6982409751	640.6327333612	1093.0172369508
735715.7673611111	56.7083538263	674.2627726329	925.5420918171	2722.8619898724	13975.2502567156
735715.7743055555	382.0385877944	1166.8847826761	1269.7429385421	2674.8191301097	9550.5848194239
735715.7812500000	853.2761401592	940.3109454237	977.1113668176	3996.2136345468	16766.6571203978
735715.7881944444	844.1561475092	627.9450742994	1088.1969661662	5249.8691316060	11168.3462459024
735715.7951388889	311.4548903234	1297.6670892589	1768.4057891903	4080.4961198298	15287.2171888133
735715.8020833333	200.6954269376	826.5420947543	1666.7144078544	4702.6697180125	12014.5942068768
735715.8090277778	635.8360874133	1208.6964805070	2517.0291609588	10277.5713248162	24080.1290063320
735715.8159722223	443.0250124088	2783.2719949654	5640.8909633852	10593.3641443206	19882.5500243046
735715.8229166666	629.0604972173	2730.9747828602	4410.8214664389	9919.5624124035	25444.1630885729
735715.8298611111	491.0355213108	4263.4920022337	3299.4353433030	6601.6252433256	27011.3923306352
735715.8368055555	660.0030172984	3056.3246072498	5467.3038086907	11637.2201200630	24958.6876267593
735715.8437500000	4179.6389246286	5207.6365602773	5706.3071210039	14036.6213294002	24642.9252554913
735715.8506944444	445.3558020771	3060.6466826773	3541.7054514898	7796.1948798792	22286.3362816376
735715.8576388889	539.5292751070	3119.2146362575	2695.5310525355	7993.4689882822	19771.9157270611
735715.8645833333	852.5779078378	3518.8935746473	4713.0662902231	10890.2668890254	29729.2313253000
735715.8715277778	443.0375682070	3182.4144140121	2804.9258290336	8464.0148307730	30624.6691155651
735715.8784722223	423.5217064322	2078.2518447079	2138.4878295984	6443.1164764440	17868.0990523211
735715.8854166666	2960.9229078696	1604.4139578868	2233.9051940816	7603.3069983419	18869.6929308136
735715.8923611111	537.7298768127	2184.6198362067	1713.1825521123	8138.2378620227	15054.2205655378
735715.8993055555	12724.7797710150	2292.5344069314	2517.9916204284	7296.4162167079	17071.4885422663
735715.9062500000	579.7557794868	1758.6859154766	2392.2074386042	5141.6113666673	19803.8675948432
735715.9131944444	408.9666320123	1645.4221303088	1624.9536855325	5707.9183994737	16450.4858537666
735715.9201388889	387.6718547140	943.2012510188	1936.1999510213	4225.4737625433	15015.6216288664
735715.9270833333	521.1667980431	1328.4828126063	2993.9858024726	7445.7308752780	16052.5148297377
735715.9340277778	413.7663339235	1294.8020055712	1985.5172959408	4390.9856357432	15542.2728171839
735715.9409722223	607.9012208225	2036.5696293212	2259.3849296963	3866.7610372340	12162.0423931895
735715.9479166666	558.2371883962	1017.4627152561	2570.1417959924	3893.4830909350	13065.2750829669
735715.9548611111	344.8543446576	1173.0593339343	2626.5736031574	4272.0902417301	15567.9176594905
735715.9618055555	408.4324011004	1284.3439153240	2069.7373777118	4341.0000366064	11687.2917761597
735715.9687500000	377.8237044744	1716.8103991676	1787.0784086524	5784.5579301884	14330.4334096576
735715.9756944444	345.4548736176	1648.8993187580	1625.7403481664	3822.4530345196	9102.9555221234
735715.9826388889	741.1609934019	1116.6573468963	973.6150523042	3481.2058371137	12094.9532279110
735715.9895833333	787.8470739080	2593.2033793507	1324.7315281414	3208.4848399254	8531.7070899401
735715.9965277778	499.3077792862	1369.8463898204	1578.8623484924	3401.5855055844	12775.4941489736
