3.0000000000	2.0000000000	1.6000000000	1.4000000000	1.2000000000	1.0000000000
735718.0034722223	544.2384146616	4502.3983447452	6719.0415163446	11835.3259566273	36737.5300392507
735718.0104166667	990.7938681584	4567.0270919853	2742.5757428018	6226.6143153517	36899.7065950295
735718.0173611111	786.5575355705	8147.7462105179	6280.6247770894	10506.7824426738	28895.8498073852
735718.0243055556	544.7795127471	10731.0780267140	7220.5287267299	9018.3778653576	24521.8799959423
735718.0312500000	878.3339295552	11131.2338244175	7882.7715344083	6043.2878314151	27634.3297346501
735718.0381944445	989.3618960207	4798.0650888965	2741.2069746275	6725.2523873547	29501.3517330212
735718.0451388889	686.7417185269	9501.2216978138	8192.2654273165	7246.2755555536	27407.3965513237
735718.0520833334	1303.8458437191	15291.1301124109	7174.4142691713	14342.0661307970	37704.1082507248
735718.0590277778	1303.8458437191	8398.3306113047	5308.6444030393	11563.1649626192	27944.6528493466
735718.0659722223	578.7743897429	6609.9596044980	8947.0702324449	8752.8565257369	30903.7059580568
735718.0729166667	1465.0601639588	5623.5788312963	5435.4103341643	6695.8116512315	24967.8089883922
735718.0798611111	580.1469003747	3479.5716864039	2384.9945105303	7461.0172667197	22436.0949157233
735718.0868055556	605.7664026800	4823.0261473356	6266.0303912843	7004.5205408412	30462.6693874856
735718.0937500000	706.0725668908	11565.7733573842	11897.1225595701	15942.0622745728	44523.7019659265
735718.1006944445	1093.0901073538	7787.5937668278	4791.2934934530	7838.8723618876	19481.9113186415
735718.1076388889	601.4651249595	6966.3266229975	5248.4099113712	6860.4746581532	19920.9007667385
735718.1145833334	1011.1829889601	5275.6446323319	4822.5388433888	7767.8974690419	34508.9088558241
735718.1215277778	540.4125832387	5327.6491184565	2523.5340659148	1997.6978808497	11226.1765312607
735718.1284722223	5505.4057749253	5038.5520347730	877.4889244281	3512.2543949683	17068.8770836871
735718.1354166667	353.3057964685	4905.2358450653	2352.8224360543	3482.5016542215	16920.6149498780
735718.1423611111	1241.7372024606	4981.5429381894	3535.7544253140	3981.7244205301	17096.3466240619
735718.1493055556	351.6491825134	10971.7118822960	2926.8212741987	4136.7442312731	14236.3095295736
735718.1562500000	1429.9180351087	7583.8913637533	2926.8212741987	3676.6312187188	16426.2346183670
735718.1631944445	577.6169592056	14520.9030459052	6296.4622618260	3640.3770340395	17082.6952112424
735718.1701388889	464.9956469478	8251.1925306057	4594.7508714116	5591.7728568723	14983.4735495115
735718.1770833334	1588.9836699723	7709.5220706343	2720.2426659322	1731.3450783579	9952.4037116188
735718.1840277778	290.5332014025	7709.5220706343	2720.2426659322	2773.5879774964	13583.5003253449
735718.1909722223	4401.6163828870	5377.5056841244	8197.4889232456	2196.6577354925	7499.4390840485
735718.1979166667	261.5237244477	5804.4047275274	4289.5572983523	1219.5846377392	9240.6823129575
735718.2048611111	990.3695568034	5860.7407961901	2244.2347445747	1622.8155551517	9488.7894178629
735718.2118055556	1358.5058697795	4552.7749949161	1823.4971505455	1163.2052022863	6537.3293289211
735718.2187500000	1067.3573455514	8655.4285889332	1817.5312711893	2941.7676327000	6154.3398074441
735718.2256944445	731.3901038013	5412.1105110078	2586.0385403799	1727.9599361792	8079.5517439719
735718.2326388889	242.6469104519	5316.4469057155	6133.9902737101	4724.7151442644	17199.1254373397
735718.2395833334	436.4585450682	5662.0058469229	2613.1191777431	584.6566406104	10229.9986737011
735718.2465277778	393.9312003285	6940.2365461413	7128.0787802201	2094.2151076972	15760.9361696657
735718.2534722223	785.4941292595	8277.1002519112	4872.3710360256	2518.2133674440	13644.3287032692
735718.2604166667	780.4792908417	8696.6371775661	5931.5265731379	1626.6323551165	14980.7505759407
735718.2673611111	586.8828066361	8696.6371775661	7143.8816393123	942.7650551702	13062.2996878608
735718.2743055556	480.8236101037	5560.9645884074	4213.5577599887	1956.6565702931	13043.4617435158
735718.2812500000	547.3178965413	7760.4250532605	4213.5577599887	2132.9292975549	14766.4126983384
735718.2881944445	271.9427082904	6991.3732639980	3415.3315757737	3698.2158483483	12286.5123648949
735718.2951388889	281.9957071298	12670.9567135902	4536.1815991437	2242.5349735972	12286.5123648949
735718.3020833334	382.0477038265	10346.9245247156	4983.5384346985	3589.5418021221	10627.1094285177
735718.3090277778	221.3442428149	2002.8946178762	2242.5167872299	1213.0658324409	6261.0324101756
735718.3159722223	17203.2174159058	1376.0581907932	1344.2401141762	1137.7879315688	6237.3029721253
735718.3229166667	0.0000000000	0.0000000000	0.0000000000	0.0000000000	0.0000000000
735718.3298611111	0.0000000000	0.0000000000	0.0000000000	0.0000000000	0.0000000000
735718.3368055556	919.3724321697	1151.5314728764	1191.5619059388	807.5380156496	3256.6171473197
735718.3437500000	364.9619951884	1702.8084184913	3417.1708500398	1159.1062426625	6426.2195390009
735718.3506944445	275.1739624404	637.4337263460	3009.2499503346	792.2251803062	4881.4624017410
735718.3576388889	8393.0580684599	1128.7441788097	3560.3588735523	1639.0936453717	9026.7113055027
735718.3645833334	499.2330298698	1204.1912900768	3046.8551384941	1773.6602948174	8753.0416727284
735718.3715277778	1340.4199492822	512.3389690153	4606.7125994867	2036.1692711551	10695.6551904107
735718.3784722223	358.1820181191	1097.3211617621	2278.1427384852	1764.4987138423	9458.3736198848
735718.3854166667	344.7377169134	1295.3244318857	2999.8595244559	1127.3179418875	8414.4157480879
735718.3923611111	401.8493771210	1741.6850414697	2887.5222513316	2586.0793877712	7989.3494404738
735718.3993055556	790.9999329079	1221.1278996823	2772.2263129693	2346.6276311347	6582.7689370764
735718.4062500000	831.0155219404	1221.1278996823	3225.5085250864	2346.6276311347	5336.3108003385
735718.4131944445	431.4433874872	580.7424960443	2807.9086677478	3348.2167461197	7192.5741052990
735718.4201388889	386.4309169032	539.0055220111	2379.3105378509	1697.5695482483	3183.9305178281
735718.4270833334	623.9410727342	478.7007400519	1745.8063872546	1622.5889120409	5585.8014969750
735718.4340277778	604.8123531513	478.7007400519	1548.3727935587	3525.6321096524	7824.1419227478
735718.4409722223	2172.2072136501	588.2718253082	1599.7370689497	1502.8053510071	3908.2786601478
735718.4479166667	1307.8038333416	81.7121115910	1290.9378109605	1891.2188791978	2852.4191804646
735718.4548611111	1259.7911541093	234.0111637097	2419.9593659577	2165.3942294942	4324.4521718661
735718.4618055556	570.2577634141	258.5008529263	2143.5010751396	1009.2918118378	2468.8640972583
735718.4687500000	1044.4011216600	3973.8838112463	1606.2728314930	2078.9202286711	1928.1260446489
735718.4756944445	685.0083900424	2071.6016015932	2643.3867627597	1719.9921521993	1569.3211373126
735718.4826388889	838.3837935436	3996.7398487247	5128.0409382316	4701.0924823737	1075.6735048241
735718.4895833334	442.3204029456	3652.4435666968	2781.5283868800	3950.3234197392	3361.9023639063
735718.4965277778	633.8157673835	2249.9720836775	1400.4867392346	5272.7211713780	2220.7840013302
735718.5034722223	491.4297027909	2062.1218265158	2589.6226483130	2744.2192658791	2045.4634189458
735718.5104166666	906.1140198344	4554.5194846609	1368.5325442434	3744.3609385114	1881.5139340260
735718.5173611111	704.4314534510	1819.0940682829	3810.7643867787	1242.2933599451	2265.6292379942
735718.5243055555	935.3287337933	1649.6238268915	3180.8792318512	5223.3225747632	4408.3251002951
735718.5312500000	765.4113072646	2118.7003050476	1636.4432033937	3626.2416037645	4600.4706862245
735718.5381944444	1029.1769262969	1489.0590732714	2002.8957978980	2649.7162049503	2091.8504793319
735718.5451388889	869.4859867206	1945.4543997957	1710.6375401855	2973.1092666730	1505.1400745596
735718.5520833333	617.4239917536	1477.1997122512	783.1592888302	2503.0173538857	4117.6473204842
735718.5590277778	1601.9920594332	2628.0529884040	2464.3627304743	2352.1319332975	2240.5399969762
735718.5659722223	1639.9080546740	2536.1610812074	1960.5233213978	2131.4826313329	1854.2900769580
735718.5729166666	1044.4143527025	3250.5633162173	839.7338678844	4739.7064151443	1571.8958908167
735718.5798611111	559.8202960640	5222.1896502872	4552.3787277598	4299.8676724674	2428.1067021347
735718.5868055555	910.5074252609	4277.3874180913	578.0331282794	2245.6376260890	3027.6722745588
735718.5937500000	1684.4610182862	2770.1693308982	640.1685306396	2727.5759600455	3334.3271001755
735718.6006944444	650.7403103865	4941.8656696302	852.5262316546	1465.6237550720	2135.9303780928
735718.6076388889	1311.3077866479	3140.1309708761	1851.8567562789	6232.9306262815	3627.2512327256
735718.6145833333	792.1654086807	1636.1735140820	4184.5403387201	4397.3848666488	3486.1491990317
735718.6215277778	499.8465596435	1344.8113025115	2047.8442009440	3425.7542138329	1091.3790562354
735718.6284722223	332.2737651389	2225.2020322994	697.3377160932	2681.9619979412	2665.1933414958
735718.6354166666	812.4038797591	1549.4336315338	577.5657921519	1716.1701122385	2109.6613685032
735718.6423611111	773.6595272097	4928.2852357354	1807.1671335413	3452.5249958053	2845.8175955352
735718.6493055555	1461.8505938842	1333.4827297633	2915.6625908368	2508.6337110151	1699.3403071709
735718.6562500000	744.7142412997	2053.1676729690	2298.4213883276	2588.0900115827	3122.4457886210
735718.6631944444	588.7839329339	1116.9160432410	2628.0156107667	3041.6755330994	2532.9871886071
735718.6701388889	605.1173300000	1469.4230081309	1873.7865066530	1524.8220510546	820.8887456593
735718.6770833333	539.7961610437	3786.0424069947	555.0368286974	3067.2729290480	1209.6251350837
735718.6840277778	215.8866709876	1811.1916799328	1230.9938889590	2491.1882121826	1383.3613999250
735718.6909722223	262.9823545139	1930.6748719082	2301.6591884796	3505.2126417703	1667.8915285456
735718.6979166666	287.7285591914	4220.1430116772	917.6344292667	2645.3917742239	682.6968882815
735718.7048611111	398.8271281886	1851.8024513117	1186.2049503847	1720.4761134100	3245.9072172535
735718.7118055555	235.7094132413	1704.4822881248	1609.7004623311	2540.8965137468	737.1599893662
735718.7187500000	409.0384097433	2087.3092073683	823.7786917914	1926.1903515713	1148.8078570952
735718.7256944444	0.0000000000	0.0000000000	0.0000000000	0.0000000000	0.0000000000
735718.7326388889	281.7626367687	522.4431329568	1071.6290822060	1530.5261402985	2032.4499142279
735718.7395833333	442.7337720437	863.7601848913	1176.8670638000	424.1835148126	1830.5246494365
735718.7465277778	831.2609914147	758.5695049677	892.6040077678	811.0822534309	1400.5626931425
735718.7534722223	227.4138002271	844.7618378184	552.1807121620	830.6375905203	721.4610685592
735718.7604166666	272.7284504501	787.8813657782	537.4631914558	581.3039364824	511.1915067601
735718.7673611111	371.5948449804	462.8407164572	981.4910109914	668.3653448667	1222.6166520635
735718.7743055555	705.1587374609	666.5292325563	204.3978229448	1312.0480660237	1064.8704746745
735718.7812500000	847.2985065742	1247.9169634584	1716.0007534950	1030.9374657865	754.4896228870
735718.7881944444	264.7090927474	699.6327091828	846.9085912091	1102.9619376448	1066.2714240432
735718.7951388889	620.8955647477	1342.4272562735	1072.7936783493	707.9458403519	2033.8426267131
735718.8020833333	613.1200723536	737.4917846899	758.6147222367	905.7463700412	2436.2278316783
735718.8090277778	428.5891172507	618.4912479928	1301.8620512393	622.7218495651	3064.3413553143
735718.8159722223	710.0799428687	691.3853396132	433.7947974192	711.6399249625	1514.7561145452
735718.8229166666	390.7398275783	647.3175654922	539.4173598556	1264.5260041229	1278.6167819469
735718.8298611111	672.2822714716	700.4413978073	2388.9269079717	2470.2061641162	2514.3741121442
735718.8368055555	762.2683513950	1308.1522103027	584.2135550666	677.8400468633	1835.2570361286
735718.8437500000	588.5622844400	2071.2009932277	2550.6271967398	2089.1777563941	2445.2009204787
735718.8506944444	1359.2940313535	1595.0840629252	1343.5614652622	2026.8653540903	2638.7038913689
735718.8576388889	1171.5688788675	1122.3319507780	1252.7522756292	1222.8607892721	2741.1276581050
735718.8645833333	460.8697848313	975.3273583021	1158.5432824470	1916.3722877778	1900.1777356714
735718.8715277778	574.5282465977	2808.1488242544	1122.5550133988	761.3759308714	2898.1858485208
735718.8784722223	353.8644392656	1117.9723018690	1941.5897199982	900.0567059227	1946.6696055399
735718.8854166666	584.3378840046	1738.7489618944	1232.2105518865	884.5342205389	2391.2054651996
735718.8923611111	744.6567701079	2796.7110773408	2333.1694033538	2514.2827993253	2478.9131096526
735718.8993055555	465.7149024924	1302.2259284706	1562.1965014872	2172.5651520572	5391.3545988464
735718.9062500000	977.5584836913	2851.8363099191	1221.2133087809	2193.1765766468	2609.8243368638
735718.9131944444	766.5819113169	972.7378298127	1470.2151544944	1798.0748906075	1981.3350288234
735718.9201388889	413.0217105333	1463.3836277734	1170.5286362694	776.4784245326	6589.4666507726
735718.9270833333	600.8196553388	1283.9898521193	1278.9974971748	1227.7097231312	1315.8837224325
735718.9340277778	899.6370990231	1133.5878154009	2189.0682081015	1207.4729741324	2266.0319425652
735718.9409722223	612.5314328006	1807.5672106155	1336.1458763476	1559.8642369276	2016.4902359529
735718.9479166666	703.0190731988	612.6298535584	765.2221048315	722.2341222668	2610.5087427170
735718.9548611111	731.0582419969	1304.8013822876	572.8821277679	1208.8071184282	2452.7638864980
735718.9618055555	842.7193716791	760.2982989015	313.6076654804	1565.8658929916	1070.5577540065
735718.9687500000	1401.8968554128	1812.9514186741	758.3761200908	1163.8403256851	2124.7030671470
735718.9756944444	729.2421547775	1822.5447895084	2121.7471010035	1493.2595306223	2529.0883196093
735718.9826388889	845.8899818883	812.7132027052	516.9911310288	1962.8767116827	1977.3031981802
735718.9895833333	769.8571446733	3994.0086710474	974.3911508024	1009.2643032017	2170.7919226253
735718.9965277778	507.6609754313	1214.2073669307	1689.8378944097	1977.7764198237	3890.1301113739
