3.0000000000	2.0000000000	1.6000000000	1.4000000000	1.2000000000	1.0000000000
735724.0034722223	26.6858360824	600.6424927918	135.8248180692	304.2912635206	322.1468068614
735724.0104166667	75.6558606252	575.7335251723	168.5433049118	243.2243010377	768.0830477280
735724.0173611111	70.9378568442	485.4581286439	302.1272834113	229.2522404307	641.5570035881
735724.0243055556	113.6178410121	611.6074697402	311.0409714335	397.8729641463	578.0708596334
735724.0312500000	97.6776679850	611.6074697402	311.0409714335	392.2960848363	645.1004424487
735724.0381944445	166.9643333586	489.5752519655	236.6615157779	399.6552121704	644.5355228219
735724.0451388889	76.1054514965	497.9189036302	223.3200517312	399.6552121704	644.5355228219
735724.0520833334	116.5756790659	385.2828841296	394.4372249094	435.5354983374	622.6947272801
735724.0590277778	78.8326456428	512.0844669148	394.4372249094	427.8833810437	708.0653198892
735724.0659722223	152.7311432209	351.0222432274	274.6957929665	223.2251368184	987.9346791305
735724.0729166667	48.7816435738	360.8240441724	235.4761099410	517.0704732420	1210.0568049323
735724.0798611111	141.7507489904	704.2002702440	411.9974139874	543.9202281633	582.6676337527
735724.0868055556	144.1285322490	575.0844903176	461.9818176803	439.5565356054	550.3713282170
735724.0937500000	128.4037153154	383.5525155134	147.7294939774	233.1681798736	565.7616443370
735724.1006944445	177.7738452324	367.3214401140	195.2804365777	488.5342004765	490.6814987979
735724.1076388889	134.0587347019	484.6264444524	233.1422514797	667.6864599975	1069.6595131743
735724.1145833334	2585.8485669101	2194.7741431069	416.4344489739	826.4410953192	507.9072443819
735724.1215277778	412.0493537922	599.9141526453	275.6263079251	174.3398588089	609.2361972841
735724.1284722223	110.9284084801	565.2635870043	189.2820823400	429.5851709827	767.7418895581
735724.1354166667	52.6015235721	791.7664647906	231.7215588796	414.2730412950	709.8741348287
735724.1423611111	60.5600846664	791.7664647906	231.7215588796	591.4052979109	1014.6617590591
735724.1493055556	172.3888691574	367.4964586695	148.2743689479	209.8554774699	963.4593199392
735724.1562500000	102.9624903122	472.1930678827	208.4047222174	224.1506342508	303.5843656467
735724.1631944445	78.3201561541	548.1512294991	258.4782322951	293.2471256842	1087.6998886089
735724.1701388889	76.9329862818	548.1512294991	253.4199090383	312.5493545700	779.4379977684
735724.1770833334	284.8447984445	346.6148080465	275.6608354436	342.5915445158	454.5927592299
735724.1840277778	99.1441649129	576.6821573675	179.5441920386	452.8792894354	505.8800440481
735724.1909722223	165.2717518938	504.7176775424	142.0148721819	165.0191239449	495.8625358550
735724.1979166667	66.8333115461	610.7335633657	272.0123061689	249.4976320797	604.0996533106
735724.2048611111	134.2130262065	925.9917535302	439.7347717836	457.5761195314	602.1182604169
735724.2118055556	82.3636619824	525.8289892085	261.2990062346	379.2417388771	325.8912318827
735724.2187500000	155.0578845032	547.7075399784	245.9905294652	390.1192955690	372.4628525607
735724.2256944445	118.2297213700	771.9120280595	222.0488763689	298.0358259022	744.1486939650
735724.2326388889	77.6197049136	806.6135173434	397.9078706083	349.5021892433	392.5687030519
735724.2395833334	134.4645253619	364.4781495700	205.9504928605	703.4256407648	608.6902290864
735724.2465277778	45.1518696567	309.9419752581	318.6176640483	322.5343688050	625.1800407269
735724.2534722223	223.1345693550	716.5398330208	215.6957962000	318.3060455424	604.6503849767
735724.2604166667	246.2981100401	275.1842721484	125.0696303964	109.8393069520	527.6419983645
735724.2673611111	91.4542525403	455.7325678637	409.8576260690	346.5354695608	311.4231667697
735724.2743055556	155.9047765639	715.2166049551	166.3742054518	241.3832229855	758.8256342620
735724.2812500000	170.6527621856	492.0709626604	165.4508346096	178.4548805834	738.9251750380
735724.2881944445	131.7368243126	653.6050378406	119.0095931318	228.6694100622	460.2266771575
735724.2951388889	91.3228174723	801.4622144412	221.3516251492	321.3409520000	459.5591928868
735724.3020833334	274.7664154251	681.1368045234	188.6476313549	356.9923628408	456.3101424564
735724.3090277778	106.4973188572	500.8820720574	171.0904971890	76.3273957853	264.3380568789
735724.3159722223	131.0084647455	782.2382061270	386.1047303795	294.5240075687	821.2915927846
735724.3229166667	107.3337428320	363.3436536790	233.2513181074	225.1028746299	323.2611755947
735724.3298611111	308.4885907480	619.2692535910	170.2393439554	380.1103622992	405.1321861790
735724.3368055556	139.6607264094	492.0794352370	173.7049822457	255.7478896504	605.8583936258
735724.3437500000	135.5996948251	671.2288177378	261.0917244420	164.4581591322	312.6145825599
735724.3506944445	54.8953667876	531.5239838857	345.9486952670	387.0407249187	792.9481766195
735724.3576388889	52.2818278115	426.1592248384	232.7705708765	371.5240689863	585.0863673856
735724.3645833334	54.2168812807	337.8360455544	377.0963236922	544.0282622191	510.9562859577
735724.3715277778	89.4817143977	626.9431368522	218.9077614002	234.0343903106	304.1550765319
735724.3784722223	150.0376731144	318.0260046919	766.4751788795	344.6872601365	1464.2982138663
735724.3854166667	189.0799041570	481.6735682446	421.0691883062	542.9668414536	921.8752496944
735724.3923611111	234.8738718323	728.0284910574	421.0691883062	317.2263794028	792.9211817762
735724.3993055556	173.4549796786	684.2465085230	456.4232514060	1258.0203991357	1444.6549565233
735724.4062500000	139.4171861753	492.4352014471	456.4232514060	877.6818652552	1969.4661371531
735724.4131944445	183.9281872370	554.9774819501	238.1019057224	344.0154128838	1254.5067805169
735724.4201388889	43.9164013732	351.2770754421	211.0694000194	344.0154128838	1777.4477361625
735724.4270833334	142.8337606263	451.9119786271	371.6710283790	605.2132099431	1614.6620672951
735724.4340277778	132.0534117185	630.7543264170	368.2398713040	875.4694560683	1614.6620672951
735724.4409722223	100.6828663879	322.5509403688	367.1261203800	519.0497796721	1748.0734767901
735724.4479166667	106.8835809208	308.5107886221	417.5899094146	689.5165130399	1454.5359774671
735724.4548611111	139.5145606232	297.7675503740	327.4597035268	601.3371362267	1188.6056923090
735724.4618055556	163.3189957431	254.1747080966	271.3278389244	338.2993086639	1154.4953920498
735724.4687500000	959.6972058482	197.5053593691	866.0293154260	506.5657762615	933.5596219714
735724.4756944445	1199.1853251174	1423.9211415980	1238.1242248095	1387.0329996278	1209.0734340511
735724.4826388889	2021.4576874662	2231.0408120007	1446.6165123767	1056.3601833718	2073.5750582660
735724.4895833334	944.9840647052	1336.1284973486	2499.1341585891	1714.9417626575	1795.4115088875
735724.4965277778	1408.1932381626	2761.9832522490	2249.7898942441	2262.1822484333	8411.3331871006
735724.5034722223	2444.3068947493	3155.0692887950	1562.3521350178	3083.2627401694	2186.6274546245
735724.5104166666	2058.5365228658	1411.3435477880	1077.0720903515	1634.2799492716	7500.2094554733
735724.5173611111	857.3734472676	1386.8035688223	852.9749650096	882.9270637257	4010.5191264306
735724.5243055555	2077.2653740905	899.9139055878	1108.1678847645	1573.2153806723	2261.5056012782
735724.5312500000	2442.3461725944	2436.6075901745	2677.3835188000	3443.6825741787	2876.0095030851
735724.5381944444	2191.2720111114	1853.3490799481	3502.5014789170	1858.0573007802	1335.7373661802
735724.5451388889	1967.7638036162	1565.9216328598	1017.8285792822	2836.1516526771	2448.1833209347
735724.5520833333	4174.5442055010	3003.1495833832	3778.5148510971	1364.7233266659	4285.7424640022
735724.5590277778	2704.3807299772	4102.5755040012	4498.6306512226	2461.2510517665	3212.4680627752
735724.5659722223	3094.4289880571	4221.6083746994	3345.3249254044	5867.7662686670	6886.6591619559
735724.5729166666	3274.5211235256	2697.5642639143	2480.4423181624	4868.4741458214	9999.6083007570
735724.5798611111	1881.2005020270	1853.7140157346	4566.0142214745	2518.2468609779	6102.2419413678
735724.5868055555	2391.0372304232	2283.9384532274	3191.9040380181	3999.7156590835	9535.0319318271
735724.5937500000	10376.7088694901	4846.6799560293	6973.8723375451	4281.2405112905	6319.5648750410
735724.6006944444	6856.9946595256	3845.4385639784	4226.0343960529	2293.6679118732	2818.2067005056
735724.6076388889	3157.0633927321	2520.0344442247	2250.5547000784	3937.8905951299	5492.3379440346
735724.6145833333	1741.4286194265	2589.8381855160	1963.7578377816	3847.2238219742	4045.7866297881
735724.6215277778	2780.9129924669	12024.0492316390	12962.8593680859	10458.2977863515	8004.1687971633
735724.6284722223	2086.4158665569	3438.6141904007	1233.8342926668	3919.6022348190	4308.1650016827
735724.6354166666	2165.5033492962	4563.6289206380	5681.6701429327	5040.7864080476	2728.6750670831
735724.6423611111	1575.9997196659	1286.3985163790	1428.2496727220	1386.1007508272	2717.1580196717
735724.6493055555	1558.0417499795	2536.6105340350	4069.3879839093	601.1053862683	2259.5331833643
735724.6562500000	2983.7933988127	5098.5219976204	5197.7674320230	3375.7745480388	2185.2216108581
735724.6631944444	5232.0634293729	7045.4239238646	4455.2607707186	3428.4683985217	4357.6464333751
735724.6701388889	2391.1880393584	1818.1144095452	5466.2492424786	4973.2472950781	1553.4805199849
735724.6770833333	1880.1794717641	1367.4312517377	4739.3241968624	7626.2191921732	7821.5941883131
735724.6840277778	2759.7176065459	4323.4297995594	3728.6207019579	2091.4112249301	5192.4638081501
735724.6909722223	616.2013847283	3703.8518770556	3127.0749939179	1825.5274624446	3113.4641198087
735724.6979166666	1248.1620066400	1833.6775646678	3574.0527315585	4763.6096379913	2913.2538327487
735724.7048611111	994.4966769040	4073.3296186517	2076.3395746645	3071.2110185456	3737.6207121582
735724.7118055555	887.3075002434	3505.7575081610	4264.8305966983	4486.5835603042	4950.7787395118
735724.7187500000	2535.0538218371	1153.4656998243	4532.3956480714	3116.9649274390	3276.1152962148
735724.7256944444	1773.0765449675	2401.3002196585	3866.9069700230	2202.7591193618	1778.1354480217
735724.7326388889	1549.0659907937	4927.8656227398	3169.3703889283	2187.1365108547	7585.0471505298
735724.7395833333	5336.3505516441	7370.8924571055	535.3860920439	2720.8127067809	772.8060247612
735724.7465277778	1932.7005349969	2393.8906474204	6850.1117115765	5736.2036139289	10445.5313898952
735724.7534722223	2508.2514238566	2360.9928458112	1682.8480250910	2197.9607401179	1739.5149761077
735724.7604166666	2418.5046892550	2078.8933643644	4430.2843166500	3455.0143405532	3942.8839110288
735724.7673611111	1108.0167439028	4609.6996532028	2276.8465643849	3417.1532985505	8276.6563609083
735724.7743055555	3732.7070075902	3450.8281113932	1243.0710596713	1537.3534602201	7039.8581880630
735724.7812500000	4200.8328081038	7750.4812290476	5932.0321683198	2144.0677356546	1722.2943915414
735724.7881944444	2669.3064355226	8188.0285623269	5791.9414887035	1451.6485771776	9360.2156281841
735724.7951388889	2710.4322400739	3353.5492044935	7791.1282354951	2233.1201130683	2693.8440836004
735724.8020833333	3587.7326700121	3830.1832293893	625.1299833988	3199.3341264386	8879.4124249734
735724.8090277778	2917.3772289700	4384.1290411079	1507.8131425158	1087.8165762763	833.7362968427
735724.8159722223	1733.1328194969	1162.7672851382	7101.7097727464	2972.3142222824	2421.2407233042
735724.8229166666	1260.8826282294	2414.7614950426	536.0648950617	4853.5756442963	3004.4101278338
735724.8298611111	2215.6742973066	3913.6547187133	2924.8382926263	1482.5289099201	1532.0126880456
735724.8368055555	717.2158033838	2096.9090220592	3200.5471772720	1564.6390909544	4342.6177633576
735724.8437500000	935.7233450491	2508.9541304684	1512.2141974183	2028.6855920118	5982.8829777289
735724.8506944444	2588.0333782438	572.2122652146	1491.3414257712	1150.2438416098	2210.3165536981
735724.8576388889	2437.9259954445	3019.4369472013	1943.7061555260	1383.4115467208	1339.3961968944
735724.8645833333	1001.6979519606	963.6634595718	1312.3191897940	831.6299272373	1016.5398690866
735724.8715277778	771.1686232381	918.8280246310	876.2986029720	982.7656630431	904.1727334032
735724.8784722223	692.4988269449	861.0684554206	496.6050143795	428.6076753083	706.2677039119
735724.8854166666	374.5336258949	127.3047431769	1726.4702277612	1927.3726370779	1854.4445914236
735724.8923611111	568.8775281702	1116.4243806366	627.8519252928	575.0394968474	786.2413607443
735724.8993055555	410.0163536205	132.6967316405	313.2046177832	544.3656203992	1059.1749289855
735724.9062500000	229.1806863290	760.8555920686	505.8897190801	455.2723134076	802.4286167125
735724.9131944444	935.8564940789	378.8724690272	679.3716868984	910.0340324514	1263.1519014295
735724.9201388889	307.6921297427	585.0051726663	321.6296354396	716.7277331975	1224.2678316820
735724.9270833333	172.1562638200	289.6641773651	461.3414835625	372.4341226650	862.2440094245
735724.9340277778	79.3247793905	557.3254601512	456.4735106631	612.7526154759	317.8933020001
735724.9409722223	198.2140778745	377.9249803871	760.6982396367	616.8697455174	825.9595141382
735724.9479166666	1633.7129854329	399.9409422435	490.3303731586	1098.2508072586	596.9356040070
735724.9548611111	237.4627068209	491.9380511501	292.2478849966	538.4183817257	321.8355176786
735724.9618055555	75.0189110708	101.6790007752	573.8960697865	608.4557820814	365.9679649660
735724.9687500000	63.7092570985	137.9005215913	439.0841715594	407.0367813360	788.2781635639
735724.9756944444	109.8455259422	277.4960603546	375.9660901748	456.2452870159	353.8408689683
735724.9826388889	104.0737287594	275.9523777937	375.2250286068	617.8042687422	747.6475135568
735724.9895833333	119.7117369787	221.5666330677	450.3590603111	588.6727177230	1086.2630929354
735724.9965277778	244.5912194988	354.1438764266	450.0525163923	703.9306998323	961.1012531494
