3.0000000000	2.0000000000	1.6000000000	1.4000000000	1.2000000000	1.0000000000
735702.0034722223	135.6860317596	179.5468808198	338.7888300778	343.5233094030	372.7267588177
735702.0104166667	87.8279107759	173.9515630971	240.2762204489	203.3102960623	518.9120918193
735702.0173611111	171.4218211111	230.3241306167	240.2762204489	234.4785581888	513.4058391076
735702.0243055556	112.5975072594	225.5710333587	203.9199306746	333.8029263530	1066.1313593655
735702.0312500000	112.5975072594	164.5986360837	341.6380078587	333.8029263530	627.1237719855
735702.0381944445	99.1565556693	179.4512195340	242.6201522195	303.7430181116	436.1102104338
735702.0451388889	109.5340847515	159.2126648580	334.9425328415	399.8320053552	269.4756547648
735702.0520833334	91.6232154222	257.1517675986	235.2752359200	324.7963015613	545.7155267107
735702.0590277778	98.0081323937	142.0103200091	235.2752359200	227.9227394247	564.9243748216
735702.0659722223	268.2022512606	580.8393576181	424.0652475580	354.8683702133	391.0486473796
735702.0729166667	101.6668420501	167.3065116895	236.7005873370	275.2717947950	599.2559598644
735702.0798611111	197.9792899221	403.8046853102	582.8289657149	234.9854196499	145.0493429411
735702.0868055556	182.5473670136	339.8846557092	148.0018691970	352.3410193034	314.3033856402
735702.0937500000	116.6203686836	364.9622874952	220.1379151325	287.1488783773	281.2462157549
735702.1006944445	104.5246849650	134.5286427323	292.9300558596	426.1871895391	352.6375811050
735702.1076388889	154.4718437985	284.8617823266	381.3580989309	291.9277164209	457.2491716244
735702.1145833334	172.2691121694	337.8511779595	149.0719523402	237.6987935688	549.4611303132
735702.1215277778	384.3192465288	282.0051769173	392.7971826718	235.4911901965	637.3940117244
735702.1284722223	94.3429076601	187.5436588243	200.5252704601	387.5011380971	277.5775718241
735702.1354166667	100.1331210582	162.1691258175	243.2028957979	341.1502589727	634.3063655644
735702.1423611111	74.3475152667	150.8429983336	161.9753594743	435.8518382233	439.4711090981
735702.1493055556	111.3590678112	198.1653811025	220.1577397132	148.6116300282	462.6434795202
735702.1562500000	132.4319013799	198.1653811025	386.9023671198	155.6083538146	505.6973940269
735702.1631944445	105.1843977937	188.8082693387	565.8217582163	306.8205380098	661.2106315759
735702.1701388889	105.1843977937	100.4413206195	278.6771427160	318.3948001797	388.2382711671
735702.1770833334	143.4432939602	155.9976867043	186.1616890316	221.8488501677	666.3001571063
735702.1840277778	102.7191264224	205.2120298189	300.0208135544	145.4032340774	716.2940591532
735702.1909722223	86.2883459048	125.6419135680	235.1546714357	293.2050837725	520.4982724486
735702.1979166667	129.8374122257	255.9323726175	433.6162478002	527.3300662407	491.2784885111
735702.2048611111	121.4415710593	164.1092533586	271.1459453378	264.6504397413	617.4699973992
735702.2118055556	133.1427393241	168.3214730130	353.7195896856	357.2948713287	347.5607566677
735702.2187500000	121.3209275213	237.2259308017	198.7046154098	367.0111168435	433.9014910864
735702.2256944445	85.8035858996	220.1330265400	516.0979016355	288.8162124009	573.6615049011
735702.2326388889	99.6800681676	250.7802825403	269.8835341604	473.0145492241	293.8470439076
735702.2395833334	112.7854020764	202.3184185647	369.8464476038	387.4241964664	513.9079259369
735702.2465277778	94.8379416470	159.8919290480	334.3375296368	354.9869362172	420.3862893629
735702.2534722223	99.8761296807	161.6201300481	345.3883445908	221.1294344679	681.2705532503
735702.2604166667	89.8172769747	327.0345885110	191.6637713115	260.9779192230	460.5831542422
735702.2673611111	89.8172769747	280.4188423373	401.8447470633	139.5062793456	466.3378032649
735702.2743055556	84.0099076994	207.3509420230	239.2325648857	311.1198624951	296.9005434109
735702.2812500000	88.8580311713	280.5765330856	276.1284070932	358.0360183662	296.9005434109
735702.2881944445	83.4850727430	260.5097754434	137.7198503038	261.8925424773	1078.6095667209
735702.2951388889	91.7877961797	239.0987408669	169.8849382913	149.9681832760	477.3005572060
735702.3020833334	143.1993756743	155.9995539530	528.3293458602	111.8967462960	429.9103122856
735702.3090277778	148.9295679279	203.9882069188	512.9379811731	221.6786551860	647.2973754474
735702.3159722223	60.8146058524	130.2841486160	348.9984864870	204.9848621424	608.0582160030
735702.3229166667	120.2655295575	221.6374248040	386.2186063918	226.2386510613	472.6382234628
735702.3298611111	79.3097685797	273.8784562176	248.8216828592	172.2177267060	654.1377315691
735702.3368055556	88.6290975205	195.5218759360	317.8434327832	408.4432722233	722.9706685286
735702.3437500000	274.3765703101	251.7805749043	505.3211997340	278.8131587872	468.1063981719
735702.3506944445	58.3882742688	226.9602387879	186.0893843324	189.4924650906	220.6856932353
735702.3576388889	20.4008924852	82.8588593098	75.1005660008	127.1259213800	208.4697135697
735702.3645833334	42.7398713945	371.0700215384	219.9321260552	322.7070715997	594.2813510711
735702.3715277778	51.9376064061	311.2146401526	185.7355326184	392.9615529002	451.0739429577
735702.3784722223	53.6669342533	698.8881527536	202.7635665564	352.5542726903	607.3258159854
735702.3854166667	37.4513828855	708.6913039167	310.6124884910	491.6607005474	957.8848226227
735702.3923611111	56.4678444367	440.8881520671	281.5432498374	491.6607005474	753.1084978400
735702.3993055556	77.4102707386	392.4899198203	203.5931840966	461.1932305856	635.8667405344
735702.4062500000	77.4102707386	355.3700978760	118.6668323289	183.6586438283	635.8667405344
735702.4131944445	56.7489994018	395.6123871250	273.9748037037	307.5091728858	918.8788783847
735702.4201388889	69.4785483447	395.6123871250	273.9748037037	243.0154849627	1052.3118814723
735702.4270833334	64.1163339759	338.5859437524	296.5916444313	240.7720773308	498.0481116763
735702.4340277778	64.1163339759	332.6160015943	304.9239959550	377.8731789137	809.4916531298
735702.4409722223	88.4398438341	775.6911005278	297.1535375800	353.5823641403	869.3074872279
735702.4479166667	69.5672952328	248.0005064926	214.3653243840	374.1173980883	477.8716680285
735702.4548611111	102.4611702455	360.0725602258	430.4733024671	280.4656669666	570.7372741993
735702.4618055556	43.1338267722	315.1812137677	136.3786631675	573.1495505752	750.4255896628
735702.4687500000	65.0646513487	482.2544247455	183.9167624133	126.8238826044	396.7295140879
735702.4756944445	88.8956698141	704.7215986815	442.7678225206	786.8751017034	2258.7296637853
735702.4826388889	80.0079181203	1144.3804117931	880.8483683166	343.3584305785	2027.1438331767
735702.4895833334	147.6054093748	1898.6760899530	1115.1791560137	456.6115261400	1561.6289817456
735702.4965277778	98.0309944536	1299.0671075609	1316.8055188167	848.3393277497	1583.7924401636
735702.5034722223	216.5279263882	1135.1673351184	261.2610879104	319.1594136378	2156.5460080117
735702.5104166666	118.4139064182	1401.8724894733	879.8425869888	477.9868552688	1798.8504907091
735702.5173611111	115.6824715329	1993.0762678800	814.5745076398	656.4237957966	1506.6804484680
735702.5243055555	129.9173279099	1035.4798326812	700.6422931236	898.1863671575	1708.0062529934
735702.5312500000	96.7461595461	1378.0440541913	556.0591548393	499.5263460368	1442.1373002498
735702.5381944444	143.0954360968	1070.8383878251	710.6446023690	490.5517406403	2487.0071249339
735702.5451388889	176.6200710633	881.4674367008	881.7514687072	675.8956621450	1808.8471445036
735702.5520833333	163.6377936266	962.0009204372	783.5219397883	660.3746899878	2216.3578696157
735702.5590277778	119.6062007723	940.0333413840	1067.3806916000	473.5921971318	1839.7862517069
735702.5659722223	256.8093748876	1388.0970497349	865.9806498691	738.5611811040	2245.7935415524
735702.5729166666	227.3625439847	896.9985249209	1579.6367556830	606.6669116142	2281.0552834471
735702.5798611111	136.7634680375	677.2387488797	1075.8352660180	514.7029383729	1868.9655685270
735702.5868055555	111.6399618202	1038.2343838006	1044.2957892036	731.1397312776	2227.1222566652
735702.5937500000	99.9764841848	1329.8139030599	1507.5455428303	101.5704921694	1931.5432081981
735702.6006944444	99.1620701882	1084.7589857252	1574.8734896460	619.5176642489	2248.7244475239
735702.6076388889	127.5063846524	2066.3079552447	1753.2674453352	875.5645303227	4338.4747743391
735702.6145833333	123.8943412922	1032.1868005494	2275.4637960046	586.1114971862	2728.0658882949
735702.6215277778	203.3096277984	2858.1358239103	2694.0007597897	1429.6848541336	3512.0975416642
735702.6284722223	130.7910925574	990.6535420028	2438.0419291781	1076.4209257883	3191.2980620517
735702.6354166666	238.1702650621	1825.1943037744	2064.0734455453	574.7152119408	2849.3849818192
735702.6423611111	118.8912825737	938.8724662993	1565.7179270324	404.1200425202	3452.2637632283
735702.6493055555	133.5061566603	643.9161674948	856.3146493200	477.7739157178	3203.1002615950
735702.6562500000	133.7877585997	1320.7875132128	668.9571453056	816.8116489908	2929.9893573531
735702.6631944444	180.2492395778	1245.1753766065	1123.3647712344	413.7142138679	2413.8302235504
735702.6701388889	126.1983017418	1262.8868975879	653.9473301183	385.3434590107	3842.6387035320
735702.6770833333	119.3836952862	766.5098526250	1580.1485160520	541.1627236728	2294.7943206921
735702.6840277778	114.0690775989	1205.5401039998	1180.1074421657	468.7004371754	2191.0289637728
735702.6909722223	107.1661842560	839.9407497024	1157.2698578748	186.0832815885	3267.1684667234
735702.6979166666	66.7523600088	708.7313165233	1254.2831670006	351.9257800791	2495.0661741794
735702.7048611111	286.2899076005	1465.4810077526	1525.7060375553	657.3253677503	1786.3065263104
735702.7118055555	151.0667261510	1755.9483689083	1538.3004165021	728.0425509572	2079.4097049025
735702.7187500000	154.8379914877	2474.0021974096	1542.9190556597	748.8548316074	2767.7755298823
735702.7256944444	172.0508005192	2631.9737080757	1497.7395525101	486.5431385122	2556.6668452428
735702.7326388889	377.3262510537	1625.2510922193	576.8285950309	792.1375276643	2423.2141589812
735702.7395833333	177.4481458059	1742.5349489064	1189.8903777719	948.8230747303	2540.3810453933
735702.7465277778	52.1480599012	1024.8002911023	634.5047081342	152.8110506870	90.0761608886
735702.7534722223	93.9500281453	836.3753898436	446.3984561239	0.4288897086	528.5424330931
735702.7604166666	117.3187489253	1434.4524787015	896.5678495529	272.9878242351	1215.8483898188
735702.7673611111	146.4421684340	1039.0750062543	807.5291261873	249.6254180472	1580.4685275785
735702.7743055555	119.6219484471	1214.0686225742	1358.4332220545	365.1015659748	1234.1306822078
735702.7812500000	169.4170735714	873.6591152727	858.1139376184	324.1040935281	1161.0595741601
735702.7881944444	133.0937986606	1426.3091853598	780.9434050904	591.5077600370	1459.5532835708
735702.7951388889	225.8852875553	759.2238183929	1460.5979898588	639.4650595482	1462.1380665017
735702.8020833333	203.5083494670	1914.4642508838	1571.2977467999	463.6183880532	1062.1610107515
735702.8090277778	146.9678301228	718.2373456026	1136.8079059355	207.2365536250	1098.5842817794
735702.8159722223	154.1775620195	1318.6182875958	748.3039053588	447.8838840497	1787.1365570926
735702.8229166666	102.3998214034	891.7992002818	1143.5902943518	307.1707872159	1613.7334166763
735702.8298611111	141.9356835180	873.3728703695	1363.5658337141	343.1002135641	1425.3229482450
735702.8368055555	179.2068078468	1089.9681722983	705.6244889234	520.1090476939	1394.8203949584
735702.8437500000	129.5873319340	970.3476516301	589.4733810844	273.7399836482	1383.4197938848
735702.8506944444	148.7582519202	794.9246987085	764.0900278900	79.2074312625	1421.2066857011
735702.8576388889	199.1273065284	606.2649806414	517.0529568655	304.3616323100	1366.5781296634
735702.8645833333	130.6943261743	511.2807514962	1161.1185468994	308.3548082680	642.1194731883
735702.8715277778	186.3312720567	618.6833127671	716.6141276873	193.3432126760	887.2611702005
735702.8784722223	249.9321562805	758.0883838528	651.6833497510	207.2757314095	1061.3035351130
735702.8854166666	154.5234018740	643.0436214872	941.1534220177	179.2769981793	714.4760283559
735702.8923611111	74.8726291432	497.4761320134	1153.1225586756	289.0875955296	1174.1070035805
735702.8993055555	82.5491051218	292.3340418892	974.0817000089	151.5581638541	982.9542112842
735702.9062500000	119.0726610253	1031.5055353334	498.4923840775	72.1224745050	982.9485307845
735702.9131944444	86.3362684877	413.0152115570	1395.3551652447	172.4550732361	1449.6574783772
735702.9201388889	130.6527323968	1909.6807431749	971.4597544128	19.8481216939	958.9226642631
735702.9270833333	86.9055021899	808.5220406881	1066.1515281340	92.5916194260	1000.2059055030
735702.9340277778	96.7116743395	874.1158050751	725.0972995908	207.7161389297	754.3647245523
735702.9409722223	102.8044162674	558.7700050531	1370.2914394458	134.0469307605	1700.7207623511
735702.9479166666	104.4383138553	804.3828118794	674.4608104703	30.6553549008	1471.9465362175
735702.9548611111	128.1542460824	1316.3917141116	619.2978550604	129.1569029059	1807.9616872648
735702.9618055555	122.5505424711	1172.8382896429	690.2654079813	132.6667471492	1544.7433877624
735702.9687500000	159.4829792230	990.0392784753	930.3842915731	66.6297694291	893.1477106755
735702.9756944444	152.9205492030	1647.5351634701	1285.1481285077	119.5899716915	1697.6139652884
735702.9826388889	231.7658580295	1442.0028414561	1091.2055196998	187.4334239148	1482.3293175407
735702.9895833333	129.7121108948	1334.5242459155	1035.5327809547	313.5889336962	1453.6423495643
735702.9965277778	87.9012593054	476.6518595590	1349.8657430821	37.4984156570	832.7450515324
