   0   0   0   0   0   0  0.000280 
2016  10   1   0   0   0  2.7954715974007300e-04 
2016  10   1   0  30   0  2.7949976179648820e-04 
2016  10   1   1   0   0  2.7411593493258731e-04 
2016  10   1   1  30   0  2.6599476249587067e-04 
2016  10   1   2   0   0  2.7123994435111336e-04 
2016  10   1   2  30   0  2.6809655047150513e-04 
2016  10   1   3   0   0  2.5918245450373342e-04 
2016  10   1   3  30   0  2.6243652305034138e-04 
2016  10   1   4   0   0  2.4720875465585751e-04 
2016  10   1   4  30   0  2.3401473634833363e-04 
2016  10   1   5   0   0  2.2026789340074654e-04 
2016  10   1   5  30   0  2.0826669268985326e-04 
2016  10   1   6   0   0  1.9984328780302894e-04 
2016  10   1   6  30   0  1.8572221314911908e-04 
2016  10   1   7   0   0  1.7362944177144035e-04 
2016  10   1   7  30   0  1.7429354387854927e-04 
2016  10   1   8   0   0  1.7845693764557947e-04 
2016  10   1   8  30   0  1.7782668365849081e-04 
2016  10   1   9   0   0  1.7797133791807134e-04 
2016  10   1   9  30   0  1.5106712316207782e-04 
2016  10   1  10   0   0  1.2286239052996942e-04 
2016  10   1  10  30   0  9.5315194288632388e-05 
2016  10   1  11   0   0  5.7649786606006225e-05 
2016  10   1  11  30   0  5.5422772540845625e-05 
2016  10   1  12   0   0  3.8470748778146552e-05 
2016  10   1  12  30   0  2.7320352584876046e-05 
2016  10   1  13   0   0  1.9843999385622434e-05 
2016  10   1  13  30   0  1.2131127542221270e-05 
2016  10   1  14   0   0  1.4610307593995333e-05 
2016  10   1  14  30   0  2.2471181802771079e-05 
2016  10   1  15   0   0  3.1316202636486105e-05 
2016  10   1  15  30   0  2.5008260016258743e-05 
2016  10   1  16   0   0  3.3043137854525838e-05 
2016  10   1  16  30   0  3.8703971493900630e-05 
2016  10   1  17   0   0  5.2384289142211908e-05 
2016  10   1  17  30   0  8.0250774914757659e-05 
2016  10   1  18   0   0  8.6368785453349494e-05 
2016  10   1  18  30   0  8.2280709587229515e-05 
2016  10   1  19   0   0  8.7663689512142170e-05 
2016  10   1  19  30   0  1.0397143263696518e-04 
2016  10   1  20   0   0  1.3662067358318346e-04 
2016  10   1  20  30   0  1.5289383593038186e-04 
2016  10   1  21   0   0  1.5780319712538552e-04 
2016  10   1  21  30   0  1.7009756284074745e-04 
2016  10   1  22   0   0  1.8424519667531569e-04 
2016  10   1  22  30   0  1.8039514628962066e-04 
2016  10   1  23   0   0  1.7697860484378766e-04 
2016  10   1  23  30   0  1.7170792098274672e-04 
2016  10   2   0   0   0  1.7410141193198640e-04 
2016  10   2   0  30   0  1.8374907938469289e-04 
2016  10   2   1   0   0  1.8456131468051184e-04 
2016  10   2   1  30   0  1.9300747561902168e-04 
2016  10   2   2   0   0  2.0196831444988704e-04 
2016  10   2   2  30   0  2.0706852954599977e-04 
2016  10   2   3   0   0  2.1177259055669872e-04 
2016  10   2   3  30   0  2.1562806980720279e-04 
2016  10   2   4   0   0  2.1602139804844628e-04 
2016  10   2   4  30   0  2.1479599205481400e-04 
2016  10   2   5   0   0  2.1549378121996917e-04 
2016  10   2   5  30   0  2.1736862067073560e-04 
2016  10   2   6   0   0  2.1236383680317330e-04 
2016  10   2   6  30   0  2.1505985108741878e-04 
2016  10   2   7   0   0  2.0546244609278723e-04 
2016  10   2   7  30   0  2.0887204019963917e-04 
2016  10   2   8   0   0  2.1638166131426179e-04 
2016  10   2   8  30   0  2.0781442678058728e-04 
2016  10   2   9   0   0  1.8909460794033054e-04 
2016  10   2   9  30   0  1.6024872488249806e-04 
2016  10   2  10   0   0  1.0968840356872101e-04 
2016  10   2  10  30   0  1.0393634834533411e-04 
2016  10   2  11   0   0  6.2874583191573682e-05 
2016  10   2  11  30   0  6.7468681192479931e-05 
2016  10   2  12   0   0  6.5180316384880774e-05 
2016  10   2  12  30   0  5.3073311987025446e-05 
2016  10   2  13   0   0  4.8380783663160617e-05 
2016  10   2  13  30   0  4.4880169954092578e-05 
2016  10   2  14   0   0  6.6226140604530540e-05 
2016  10   2  14  30   0  6.3623902467835499e-05 
2016  10   2  15   0   0  6.2730188661470876e-05 
2016  10   2  15  30   0  7.3567743099255790e-05 
2016  10   2  16   0   0  9.1318084754576386e-05 
2016  10   2  16  30   0  1.0734014304256550e-04 
2016  10   2  17   0   0  1.0336148509444206e-04 
2016  10   2  17  30   0  1.1590138439435498e-04 
2016  10   2  18   0   0  1.4124395689631662e-04 
2016  10   2  18  30   0  1.5771394099080432e-04 
2016  10   2  19   0   0  1.7357068641590817e-04 
2016  10   2  19  30   0  1.8326324871888964e-04 
2016  10   2  20   0   0  2.0595079339921980e-04 
2016  10   2  20  30   0  2.3779392144468431e-04 
2016  10   2  21   0   0  2.6350176830173633e-04 
2016  10   2  21  30   0  2.6459902660569748e-04 
2016  10   2  22   0   0  2.5476223094652765e-04 
2016  10   2  22  30   0  2.4684690718124798e-04 
2016  10   2  23   0   0  2.5993763715890649e-04 
2016  10   2  23  30   0  2.6167338589900668e-04 
2016  10   3   0   0   0  2.6216541159719125e-04 
2016  10   3   0  30   0  2.6431209896594113e-04 
2016  10   3   1   0   0  2.4244802208002288e-04 
2016  10   3   1  30   0  2.5442181438227734e-04 
2016  10   3   2   0   0  2.5374751191166862e-04 
2016  10   3   2  30   0  2.3199909665475176e-04 
2016  10   3   3   0   0  2.2001103569868236e-04 
2016  10   3   3  30   0  2.0268904367974963e-04 
2016  10   3   4   0   0  1.8471655889913300e-04 
2016  10   3   4  30   0  1.9671935241205013e-04 
2016  10   3   5   0   0  2.0370729861282744e-04 
2016  10   3   5  30   0  1.9963424556615104e-04 
2016  10   3   6   0   0  1.8049321536748022e-04 
2016  10   3   6  30   0  1.9701992976202509e-04 
2016  10   3   7   0   0  2.2366115557123929e-04 
2016  10   3   7  30   0  2.2123705165248944e-04 
2016  10   3   8   0   0  2.2116265914104498e-04 
2016  10   3   8  30   0  2.2401855221709961e-04 
2016  10   3   9   0   0  2.1976467016497717e-04 
2016  10   3   9  30   0  2.0339344156330069e-04 
2016  10   3  10   0   0  2.0687455141061249e-04 
2016  10   3  10  30   0  2.3828189190820998e-04 
2016  10   3  11   0   0  2.4310073461841048e-04 
2016  10   3  11  30   0  2.1911476979426375e-04 
2016  10   3  12   0   0  1.9154287540904756e-04 
2016  10   3  12  30   0  2.0377106010474515e-04 
2016  10   3  13   0   0  1.9702122696915405e-04 
2016  10   3  13  30   0  2.3239054388939453e-04 
2016  10   3  14   0   0  2.1131276515188463e-04 
2016  10   3  14  30   0  1.9246885135912190e-04 
2016  10   3  15   0   0  2.1149212374802829e-04 
2016  10   3  15  30   0  2.0841016248956474e-04 
2016  10   3  16   0   0  1.8609620002555619e-04 
2016  10   3  16  30   0  1.6988645802486823e-04 
2016  10   3  17   0   0  1.7558085228881574e-04 
2016  10   3  17  30   0  1.7191790219201505e-04 
2016  10   3  18   0   0  1.6595996401611688e-04 
2016  10   3  18  30   0  1.7485065207600094e-04 
2016  10   3  19   0   0  1.9085064027830998e-04 
2016  10   3  19  30   0  1.9417462364371371e-04 
2016  10   3  20   0   0  2.2997903613371907e-04 
2016  10   3  20  30   0  2.3820820241206712e-04 
2016  10   3  21   0   0  2.1953687405566296e-04 
2016  10   3  21  30   0  1.7420339566804488e-04 
2016  10   3  22   0   0  1.3151893887598204e-04 
2016  10   3  22  30   0  1.1394408763941429e-04 
2016  10   3  23   0   0  7.8471791503778875e-05 
2016  10   3  23  30   0  8.2503833556230000e-05 
2016  10   4   0   0   0  9.1188485670891926e-05 
2016  10   4   0  30   0  1.0656985440293248e-04 
2016  10   4   1   0   0  1.1334963362482511e-04 
2016  10   4   1  30   0  1.2280808123335936e-04 
2016  10   4   2   0   0  1.2412643329294784e-04 
2016  10   4   2  30   0  1.1885991911395246e-04 
2016  10   4   3   0   0  1.1929244319041247e-04 
2016  10   4   3  30   0  1.2396175367075253e-04 
2016  10   4   4   0   0  1.3136487514894460e-04 
2016  10   4   4  30   0  1.3762446630897240e-04 
2016  10   4   5   0   0  1.3764216793004543e-04 
2016  10   4   5  30   0  1.3620838465151932e-04 
2016  10   4   6   0   0  1.3380894826471530e-04 
2016  10   4   6  30   0  1.2833128719733146e-04 
2016  10   4   7   0   0  1.2291172695409118e-04 
2016  10   4   7  30   0  1.1148081005025017e-04 
2016  10   4   8   0   0  9.9960338503118017e-05 
2016  10   4   8  30   0  9.6289754554059967e-05 
2016  10   4   9   0   0  9.8387542322866538e-05 
2016  10   4   9  30   0  8.0276197707609075e-05 
2016  10   4  10   0   0  8.0761251188085043e-05 
2016  10   4  10  30   0  8.0461236034560130e-05 
2016  10   4  11   0   0  8.2130061829289506e-05 
2016  10   4  11  30   0  7.6659398432720504e-05 
2016  10   4  12   0   0  6.5359866890122643e-05 
2016  10   4  12  30   0  6.1124674060455177e-05 
2016  10   4  13   0   0  6.4990806093427196e-05 
2016  10   4  13  30   0  6.4063000795221338e-05 
2016  10   4  14   0   0  6.0851864680870800e-05 
2016  10   4  14  30   0  6.0337430888813720e-05 
2016  10   4  15   0   0  6.1629643361287261e-05 
2016  10   4  15  30   0  6.7364217441839315e-05 
2016  10   4  16   0   0  6.0562893038900913e-05 
2016  10   4  16  30   0  6.5286061399132507e-05 
2016  10   4  17   0   0  7.1745728842629721e-05 
2016  10   4  17  30   0  8.0139295423253514e-05 
2016  10   4  18   0   0  9.3069366916272104e-05 
2016  10   4  18  30   0  9.9850803926966367e-05 
2016  10   4  19   0   0  1.1583190142122053e-04 
2016  10   4  19  30   0  1.6531168279651487e-04 
2016  10   4  20   0   0  1.9729155349545202e-04 
2016  10   4  20  30   0  2.0292499325177182e-04 
2016  10   4  21   0   0  2.0833790060019634e-04 
2016  10   4  21  30   0  2.0023538785144188e-04 
2016  10   4  22   0   0  1.8747384634199417e-04 
2016  10   4  22  30   0  2.0267047378860317e-04 
2016  10   4  23   0   0  2.0743665207181505e-04 
2016  10   4  23  30   0  1.9334337176046419e-04 
2016  10   5   0   0   0  1.6060671467016472e-04 
2016  10   5   0  30   0  1.6230632705137917e-04 
2016  10   5   1   0   0  1.6322414355803838e-04 
2016  10   5   1  30   0  1.5482600670786641e-04 
2016  10   5   2   0   0  1.5579126014512632e-04 
2016  10   5   2  30   0  1.5987848204080499e-04 
2016  10   5   3   0   0  1.5839171967281136e-04 
2016  10   5   3  30   0  1.5617106243159731e-04 
2016  10   5   4   0   0  1.6104299881592745e-04 
2016  10   5   4  30   0  1.7052463081748765e-04 
2016  10   5   5   0   0  1.8126319414043295e-04 
2016  10   5   5  30   0  1.8171022928871629e-04 
2016  10   5   6   0   0  1.7608559036290240e-04 
2016  10   5   6  30   0  1.8359045178052645e-04 
2016  10   5   7   0   0  1.9408495025411183e-04 
2016  10   5   7  30   0  1.9383069192422734e-04 
2016  10   5   8   0   0  2.0153451083943991e-04 
2016  10   5   8  30   0  1.6539870617511684e-04 
2016  10   5   9   0   0  1.3980489677809568e-04 
2016  10   5   9  30   0  1.1501160002982878e-04 
2016  10   5  10   0   0  9.5908264409713814e-05 
2016  10   5  10  30   0  8.6868043218210392e-05 
2016  10   5  11   0   0  8.2829904045767354e-05 
2016  10   5  11  30   0  6.5815583050623670e-05 
2016  10   5  12   0   0  7.2852059264145078e-05 
2016  10   5  12  30   0  8.1670933844594829e-05 
2016  10   5  13   0   0  7.9661657448589624e-05 
2016  10   5  13  30   0  7.4711097419822057e-05 
2016  10   5  14   0   0  7.7764040100072212e-05 
2016  10   5  14  30   0  8.9777599829460330e-05 
2016  10   5  15   0   0  1.0108860021382667e-04 
2016  10   5  15  30   0  1.1143441090932416e-04 
2016  10   5  16   0   0  9.2846882201974828e-05 
2016  10   5  16  30   0  1.0418521092980957e-04 
2016  10   5  17   0   0  1.1839447249837450e-04 
2016  10   5  17  30   0  1.1022707923400160e-04 
2016  10   5  18   0   0  1.0973772473484163e-04 
2016  10   5  18  30   0  1.0536929997086663e-04 
2016  10   5  19   0   0  9.0584522794938713e-05 
2016  10   5  19  30   0  7.5605040527862891e-05 
2016  10   5  20   0   0  7.5972338442902552e-05 
2016  10   5  20  30   0  6.9067468975166204e-05 
2016  10   5  21   0   0  7.7840296371754639e-05 
2016  10   5  21  30   0  8.6164636608282837e-05 
2016  10   5  22   0   0  9.5856015484026914e-05 
2016  10   5  22  30   0  1.0345335207547554e-04 
2016  10   5  23   0   0  1.0598576980637634e-04 
2016  10   5  23  30   0  1.1430317298020655e-04 
2016  10   6   0   0   0  1.6657793268476574e-04 
2016  10   6   0  30   0  1.8555938273631515e-04 
2016  10   6   1   0   0  2.4045336705030176e-04 
2016  10   6   1  30   0  2.4962834691588665e-04 
2016  10   6   2   0   0  2.7934072419020102e-04 
2016  10   6   2  30   0  2.9640905186967585e-04 
2016  10   6   3   0   0  2.6930855393488717e-04 
2016  10   6   3  30   0  2.3787689424655130e-04 
2016  10   6   4   0   0  2.4102346883075101e-04 
2016  10   6   4  30   0  2.2986217617148601e-04 
2016  10   6   5   0   0  2.3476531043332090e-04 
2016  10   6   5  30   0  2.4358478808946107e-04 
2016  10   6   6   0   0  2.5948696884890861e-04 
2016  10   6   6  30   0  2.4223592722330453e-04 
2016  10   6   7   0   0  2.5714152013442626e-04 
2016  10   6   7  30   0  2.4133072911036271e-04 
2016  10   6   8   0   0  2.6490153826458720e-04 
2016  10   6   8  30   0  2.7578988931265284e-04 
2016  10   6   9   0   0  2.4500278352757851e-04 
2016  10   6   9  30   0  1.8963685583831027e-04 
2016  10   6  10   0   0  1.4646949741861412e-04 
2016  10   6  10  30   0  1.0207827722984602e-04 
2016  10   6  11   0   0  6.0204120018103625e-05 
2016  10   6  11  30   0  2.2855408103671479e-05 
2016  10   6  12   0   0  2.0833786036530375e-05 
2016  10   6  12  30   0  1.8028075371685483e-05 
2016  10   6  13   0   0  2.0918501041089720e-05 
2016  10   6  13  30   0  2.4432204993002559e-05 
2016  10   6  14   0   0  2.6137852010258976e-05 
2016  10   6  14  30   0  5.7174590602581928e-05 
2016  10   6  15   0   0  7.1064722388084826e-05 
2016  10   6  15  30   0  5.7449909539230307e-05 
2016  10   6  16   0   0  7.8085311324114134e-05 
2016  10   6  16  30   0  1.1288304485958600e-04 
2016  10   6  17   0   0  1.2222669753388812e-04 
2016  10   6  17  30   0  1.2487679763382675e-04 
2016  10   6  18   0   0  1.2109000378917731e-04 
2016  10   6  18  30   0  1.2459128846907793e-04 
2016  10   6  19   0   0  1.5277929658092428e-04 
2016  10   6  19  30   0  1.8063275399204245e-04 
2016  10   6  20   0   0  2.4221786288727075e-04 
2016  10   6  20  30   0  2.9328903116317096e-04 
2016  10   6  21   0   0  3.1299708185147679e-04 
2016  10   6  21  30   0  2.8367612583954653e-04 
2016  10   6  22   0   0  2.9357296828131849e-04 
2016  10   6  22  30   0  2.9762174128074797e-04 
2016  10   6  23   0   0  2.9850176620447672e-04 
2016  10   6  23  30   0  3.1031350011477673e-04 
2016  10   7   0   0   0  2.7263097690214799e-04 
2016  10   7   0  30   0  2.8273414440916034e-04 
2016  10   7   1   0   0  2.8969428168839148e-04 
2016  10   7   1  30   0  3.0669303628576917e-04 
2016  10   7   2   0   0  3.4098331633798413e-04 
2016  10   7   2  30   0  3.3300302797713939e-04 
2016  10   7   3   0   0  3.3987572224892577e-04 
2016  10   7   3  30   0  3.4177466975556485e-04 
2016  10   7   4   0   0  3.5202428476246105e-04 
2016  10   7   4  30   0  3.4822973672011322e-04 
2016  10   7   5   0   0  3.6849854286300220e-04 
2016  10   7   5  30   0  3.7200788055248368e-04 
2016  10   7   6   0   0  3.5214400665590747e-04 
2016  10   7   6  30   0  3.7711974270669078e-04 
2016  10   7   7   0   0  3.6175945763599590e-04 
2016  10   7   7  30   0  2.9841553261032705e-04 
2016  10   7   8   0   0  2.5535849039451608e-04 
2016  10   7   8  30   0  2.3203599786175566e-04 
2016  10   7   9   0   0  2.1434081179608542e-04 
2016  10   7   9  30   0  2.0098901140914183e-04 
2016  10   7  10   0   0  2.1116730609472789e-04 
2016  10   7  10  30   0  1.8312055299792390e-04 
2016  10   7  11   0   0  1.9218898864161585e-04 
2016  10   7  11  30   0  1.8627491645512969e-04 
2016  10   7  12   0   0  1.8330601199741478e-04 
2016  10   7  12  30   0  1.6481178242203369e-04 
2016  10   7  13   0   0  1.7428937071909913e-04 
2016  10   7  13  30   0  1.6323655450463232e-04 
2016  10   7  14   0   0  1.6834567947404235e-04 
2016  10   7  14  30   0  1.7393998280541319e-04 
2016  10   7  15   0   0  1.7890101545310876e-04 
2016  10   7  15  30   0  1.9564489912221632e-04 
2016  10   7  16   0   0  2.2801203525296747e-04 
2016  10   7  16  30   0  2.4511790012334629e-04 
2016  10   7  17   0   0  2.4615579365734792e-04 
2016  10   7  17  30   0  2.1997519576433022e-04 
2016  10   7  18   0   0  2.0699418630511598e-04 
2016  10   7  18  30   0  1.8874570692671268e-04 
2016  10   7  19   0   0  1.7152445485436120e-04 
2016  10   7  19  30   0  1.6351536765700801e-04 
2016  10   7  20   0   0  1.4594148918952620e-04 
2016  10   7  20  30   0  1.3171609830386688e-04 
2016  10   7  21   0   0  1.2655445090832177e-04 
2016  10   7  21  30   0  1.2382785308504907e-04 
2016  10   7  22   0   0  1.2479433414080992e-04 
2016  10   7  22  30   0  1.2371699063571003e-04 
2016  10   7  23   0   0  1.2059874188124952e-04 
2016  10   7  23  30   0  1.1170172990217842e-04 
2016  10   8   0   0   0  9.9993805013349048e-05 
2016  10   8   0  30   0  1.0048012257294734e-04 
2016  10   8   1   0   0  9.8585300477357167e-05 
2016  10   8   1  30   0  9.3992087494457172e-05 
2016  10   8   2   0   0  8.5026418793401402e-05 
2016  10   8   2  30   0  7.7377994500808000e-05 
2016  10   8   3   0   0  7.0983115798750412e-05 
2016  10   8   3  30   0  6.9458493215179389e-05 
2016  10   8   4   0   0  7.2654019076941659e-05 
2016  10   8   4  30   0  7.3707017285095898e-05 
2016  10   8   5   0   0  6.5632656189500588e-05 
2016  10   8   5  30   0  4.9104906342958580e-05 
2016  10   8   6   0   0  4.0020474110600869e-05 
2016  10   8   6  30   0  4.2800020630031175e-05 
2016  10   8   7   0   0  4.8248400671675040e-05 
2016  10   8   7  30   0  4.3840619614759681e-05 
2016  10   8   8   0   0  3.0418802926994433e-05 
2016  10   8   8  30   0  2.8431183728814134e-05 
2016  10   8   9   0   0  2.9118445473114188e-05 
2016  10   8   9  30   0  2.3731050957433213e-05 
2016  10   8  10   0   0  1.8597862335915228e-05 
2016  10   8  10  30   0  2.1054281502120647e-05 
2016  10   8  11   0   0  2.4343041623092160e-05 
2016  10   8  11  30   0  2.9711527789846591e-05 
2016  10   8  12   0   0  2.7264356434157846e-05 
2016  10   8  12  30   0  2.2897463766815503e-05 
2016  10   8  13   0   0  2.6293980404496611e-05 
2016  10   8  13  30   0  3.7700517780233695e-05 
2016  10   8  14   0   0  4.5374573338717271e-05 
2016  10   8  14  30   0  4.5347007562501648e-05 
2016  10   8  15   0   0  4.6720544876892839e-05 
2016  10   8  15  30   0  4.8883279925907757e-05 
2016  10   8  16   0   0  4.9078922381179919e-05 
2016  10   8  16  30   0  5.1970314262663471e-05 
2016  10   8  17   0   0  6.4682555346568782e-05 
2016  10   8  17  30   0  7.4337571129298358e-05 
2016  10   8  18   0   0  8.1777501108528953e-05 
2016  10   8  18  30   0  8.4517609892199695e-05 
2016  10   8  19   0   0  8.1452759441789327e-05 
2016  10   8  19  30   0  8.5320620715422302e-05 
2016  10   8  20   0   0  8.0721121992476547e-05 
2016  10   8  20  30   0  7.7085459042891425e-05 
2016  10   8  21   0   0  7.0635913484992812e-05 
2016  10   8  21  30   0  7.0207450298020551e-05 
2016  10   8  22   0   0  6.9283753401633188e-05 
2016  10   8  22  30   0  6.6798875391463683e-05 
2016  10   8  23   0   0  6.4968839317347169e-05 
2016  10   8  23  30   0  6.6893123606200360e-05 
2016  10   9   0   0   0  6.7365878975143284e-05 
2016  10   9   0  30   0  7.2249773732739912e-05 
2016  10   9   1   0   0  7.5908508682727578e-05 
2016  10   9   1  30   0  8.2433350327959244e-05 
2016  10   9   2   0   0  9.0399045304846178e-05 
2016  10   9   2  30   0  8.9898909491223556e-05 
2016  10   9   3   0   0  8.8384785897201103e-05 
2016  10   9   3  30   0  8.9565299962589449e-05 
2016  10   9   4   0   0  8.8740190742979348e-05 
2016  10   9   4  30   0  9.0418073894782329e-05 
2016  10   9   5   0   0  9.0311300144850214e-05 
2016  10   9   5  30   0  9.5935606930557944e-05 
2016  10   9   6   0   0  9.8509809502102857e-05 
2016  10   9   6  30   0  1.0460111838912021e-04 
2016  10   9   7   0   0  1.1015778002814012e-04 
2016  10   9   7  30   0  1.1084654662142499e-04 
2016  10   9   8   0   0  1.1254214989816877e-04 
2016  10   9   8  30   0  1.2590045235917315e-04 
2016  10   9   9   0   0  1.3982710642811003e-04 
2016  10   9   9  30   0  1.3341576824136398e-04 
2016  10   9  10   0   0  9.8837173148232828e-05 
2016  10   9  10  30   0  1.1160821496792029e-04 
2016  10   9  11   0   0  9.7914750613612049e-05 
2016  10   9  11  30   0  9.4278317547508654e-05 
2016  10   9  12   0   0  9.0382843626993339e-05 
2016  10   9  12  30   0  8.8597814819924307e-05 
2016  10   9  13   0   0  9.3350637436795519e-05 
2016  10   9  13  30   0  9.2347789170462501e-05 
2016  10   9  14   0   0  9.2159943308641834e-05 
2016  10   9  14  30   0  9.8046195976591213e-05 
2016  10   9  15   0   0  9.6548595493033720e-05 
2016  10   9  15  30   0  1.1106380332315167e-04 
2016  10   9  16   0   0  1.1022324406113257e-04 
2016  10   9  16  30   0  1.1049452095573989e-04 
2016  10   9  17   0   0  1.0071198277772777e-04 
2016  10   9  17  30   0  9.7608697284445113e-05 
2016  10   9  18   0   0  9.7457540134039436e-05 
2016  10   9  18  30   0  1.2541242011210584e-04 
2016  10   9  19   0   0  1.2926188755915275e-04 
2016  10   9  19  30   0  1.4953502188749094e-04 
2016  10   9  20   0   0  1.8759162639735965e-04 
2016  10   9  20  30   0  1.8944945985715172e-04 
2016  10   9  21   0   0  1.8492166747632530e-04 
2016  10   9  21  30   0  1.8645612116403035e-04 
2016  10   9  22   0   0  1.8215430653676891e-04 
2016  10   9  22  30   0  1.7423798152881216e-04 
2016  10   9  23   0   0  1.6717590252613679e-04 
2016  10   9  23  30   0  1.6608482059274479e-04 
2016  10  10   0   0   0  1.7120856435015589e-04 
2016  10  10   0  30   0  1.7656834036085654e-04 
2016  10  10   1   0   0  1.7669331535060144e-04 
2016  10  10   1  30   0  1.8945645666522642e-04 
2016  10  10   2   0   0  1.8904156432379910e-04 
2016  10  10   2  30   0  1.6822271834535788e-04 
2016  10  10   3   0   0  1.6276762791278546e-04 
2016  10  10   3  30   0  1.6760308674965867e-04 
2016  10  10   4   0   0  1.8393690975844671e-04 
2016  10  10   4  30   0  1.5499723178519445e-04 
2016  10  10   5   0   0  1.4127666095103809e-04 
2016  10  10   5  30   0  1.4149469523415511e-04 
2016  10  10   6   0   0  1.4759111259789938e-04 
2016  10  10   6  30   0  1.4709791921783139e-04 
2016  10  10   7   0   0  1.4589229827880747e-04 
2016  10  10   7  30   0  1.4545860908193403e-04 
2016  10  10   8   0   0  1.4510061717514078e-04 
2016  10  10   8  30   0  1.4726835904156451e-04 
2016  10  10   9   0   0  1.5140747504131967e-04 
2016  10  10   9  30   0  1.7979693486644023e-04 
2016  10  10  10   0   0  1.6879717504183182e-04 
2016  10  10  10  30   0  1.7697274001979310e-04 
2016  10  10  11   0   0  1.9355978460200578e-04 
2016  10  10  11  30   0  2.1486171505079275e-04 
2016  10  10  12   0   0  2.3238432781369533e-04 
2016  10  10  12  30   0  2.5678910960408568e-04 
2016  10  10  13   0   0  2.7992874760902171e-04 
2016  10  10  13  30   0  2.9730540901448259e-04 
2016  10  10  14   0   0  3.0096159479448833e-04 
2016  10  10  14  30   0  2.9077429850745518e-04 
2016  10  10  15   0   0  2.8504861779336289e-04 
2016  10  10  15  30   0  2.7547743318877499e-04 
2016  10  10  16   0   0  2.6594233870554340e-04 
2016  10  10  16  30   0  2.5231823641748717e-04 
2016  10  10  17   0   0  2.5355680309171368e-04 
2016  10  10  17  30   0  2.4905981018336022e-04 
2016  10  10  18   0   0  2.3780588217058710e-04 
2016  10  10  18  30   0  2.2653882415573506e-04 
2016  10  10  19   0   0  2.2660250870398251e-04 
2016  10  10  19  30   0  2.3164286273086212e-04 
2016  10  10  20   0   0  2.2215113685574087e-04 
2016  10  10  20  30   0  2.3448657407673185e-04 
2016  10  10  21   0   0  2.4531482976191641e-04 
2016  10  10  21  30   0  2.5756429040174757e-04 
2016  10  10  22   0   0  2.6739326366053909e-04 
2016  10  10  22  30   0  2.6353187144887211e-04 
2016  10  10  23   0   0  2.7113349688936137e-04 
2016  10  10  23  30   0  2.7267724159429018e-04 
2016  10  11   0   0   0  2.8617011200328998e-04 
2016  10  11   0  30   0  2.9425910992512841e-04 
2016  10  11   1   0   0  2.9671085633721712e-04 
2016  10  11   1  30   0  3.0593061822067099e-04 
2016  10  11   2   0   0  3.0977540095223434e-04 
2016  10  11   2  30   0  3.0459794864465321e-04 
2016  10  11   3   0   0  2.8120189107595496e-04 
2016  10  11   3  30   0  2.7554835850315378e-04 
2016  10  11   4   0   0  2.7313539022172915e-04 
2016  10  11   4  30   0  2.9029864135966728e-04 
2016  10  11   5   0   0  2.7671121975117750e-04 
2016  10  11   5  30   0  2.6747504091224693e-04 
2016  10  11   6   0   0  2.4527368517500837e-04 
2016  10  11   6  30   0  2.8587422615587537e-04 
2016  10  11   7   0   0  2.7773656665820305e-04 
2016  10  11   7  30   0  2.8457988086740075e-04 
2016  10  11   8   0   0  2.9051064304207126e-04 
2016  10  11   8  30   0  2.6458550182980071e-04 
2016  10  11   9   0   0  2.6365921281225124e-04 
2016  10  11   9  30   0  2.5812149796218797e-04 
2016  10  11  10   0   0  2.2446807015989674e-04 
2016  10  11  10  30   0  2.1400607891657251e-04 
2016  10  11  11   0   0  2.1248303837836892e-04 
2016  10  11  11  30   0  2.1899409042673584e-04 
2016  10  11  12   0   0  2.0156113085379460e-04 
2016  10  11  12  30   0  1.5828146276999181e-04 
2016  10  11  13   0   0  1.8651749546522630e-04 
2016  10  11  13  30   0  2.2685090500595360e-04 
2016  10  11  14   0   0  2.5876682550886467e-04 
2016  10  11  14  30   0  2.8662250806212644e-04 
2016  10  11  15   0   0  2.8211946747910165e-04 
2016  10  11  15  30   0  2.9636276917201801e-04 
2016  10  11  16   0   0  3.1148634741533801e-04 
2016  10  11  16  30   0  3.1628075390390252e-04 
2016  10  11  17   0   0  3.0957503123909484e-04 
2016  10  11  17  30   0  3.2251373862073583e-04 
2016  10  11  18   0   0  3.1290729507691258e-04 
2016  10  11  18  30   0  3.0877028903689114e-04 
2016  10  11  19   0   0  2.8473832630933994e-04 
2016  10  11  19  30   0  2.7027618778125654e-04 
2016  10  11  20   0   0  2.7594077337543001e-04 
2016  10  11  20  30   0  2.5614663137165934e-04 
2016  10  11  21   0   0  2.5399964350406105e-04 
2016  10  11  21  30   0  2.2844013570928282e-04 
2016  10  11  22   0   0  2.0421029006290745e-04 
2016  10  11  22  30   0  2.0483386530697575e-04 
2016  10  11  23   0   0  2.2393251547349902e-04 
2016  10  11  23  30   0  2.3017376013807287e-04 
2016  10  12   0   0   0  2.3889849317203818e-04 
2016  10  12   0  30   0  2.0247383071839213e-04 
2016  10  12   1   0   0  1.7886767846395156e-04 
2016  10  12   1  30   0  1.6228982959427070e-04 
2016  10  12   2   0   0  1.6414934814433515e-04 
2016  10  12   2  30   0  1.7504005187448740e-04 
2016  10  12   3   0   0  1.9199265222850326e-04 
2016  10  12   3  30   0  1.9941799317377203e-04 
2016  10  12   4   0   0  2.0196571422005912e-04 
2016  10  12   4  30   0  2.1337666653191119e-04 
2016  10  12   5   0   0  2.0502221382959521e-04 
2016  10  12   5  30   0  1.8991425090614578e-04 
2016  10  12   6   0   0  1.8546635038534925e-04 
2016  10  12   6  30   0  1.5782520314916107e-04 
2016  10  12   7   0   0  1.4398672176167793e-04 
2016  10  12   7  30   0  1.5768622695298281e-04 
2016  10  12   8   0   0  1.3488444272463678e-04 
2016  10  12   8  30   0  8.6316055164803381e-05 
2016  10  12   9   0   0  9.3623747487970387e-05 
2016  10  12   9  30   0  1.0578404507422138e-04 
2016  10  12  10   0   0  1.0384081550424357e-04 
2016  10  12  10  30   0  1.2224758877000351e-04 
2016  10  12  11   0   0  1.3003806276748985e-04 
2016  10  12  11  30   0  1.4825603264628665e-04 
2016  10  12  12   0   0  1.5725423065603595e-04 
2016  10  12  12  30   0  1.5791263545085924e-04 
2016  10  12  13   0   0  1.8340867035778366e-04 
2016  10  12  13  30   0  1.8059016329137362e-04 
2016  10  12  14   0   0  1.8206831877171846e-04 
2016  10  12  14  30   0  1.7607470984801486e-04 
2016  10  12  15   0   0  1.7739922555743074e-04 
2016  10  12  15  30   0  1.7786653511436799e-04 
2016  10  12  16   0   0  1.8021893174079528e-04 
2016  10  12  16  30   0  1.8752986970218174e-04 
2016  10  12  17   0   0  1.9824786998021957e-04 
2016  10  12  17  30   0  1.7418849509080885e-04 
2016  10  12  18   0   0  1.8207762740458911e-04 
2016  10  12  18  30   0  1.6078092473411626e-04 
2016  10  12  19   0   0  1.7519816355360227e-04 
2016  10  12  19  30   0  1.6839962411335227e-04 
2016  10  12  20   0   0  1.6244092849649439e-04 
2016  10  12  20  30   0  1.3211525386124361e-04 
2016  10  12  21   0   0  1.0172883075488799e-04 
2016  10  12  21  30   0  8.5021368349491382e-05 
2016  10  12  22   0   0  7.2305654920101311e-05 
2016  10  12  22  30   0  5.6194725429982311e-05 
2016  10  12  23   0   0  5.9071820425297290e-05 
2016  10  12  23  30   0  5.2984904681201940e-05 
2016  10  13   0   0   0  6.2529527755519825e-05 
2016  10  13   0  30   0  5.5548464612804383e-05 
2016  10  13   1   0   0  5.1132091321614168e-05 
2016  10  13   1  30   0  5.7349626317428817e-05 
2016  10  13   2   0   0  6.5351861295092191e-05 
2016  10  13   2  30   0  8.3460913018914234e-05 
2016  10  13   3   0   0  9.7069974272048578e-05 
2016  10  13   3  30   0  1.0707962208345243e-04 
2016  10  13   4   0   0  1.1329370399356467e-04 
2016  10  13   4  30   0  1.3225802481178273e-04 
2016  10  13   5   0   0  1.6966423202372362e-04 
2016  10  13   5  30   0  1.6942859191516538e-04 
2016  10  13   6   0   0  1.9746837816058064e-04 
2016  10  13   6  30   0  2.3803405552067316e-04 
2016  10  13   7   0   0  2.5661113976975438e-04 
2016  10  13   7  30   0  2.5379269001399676e-04 
2016  10  13   8   0   0  2.6208777781373062e-04 
2016  10  13   8  30   0  2.5236519722456892e-04 
2016  10  13   9   0   0  2.5490737930087919e-04 
2016  10  13   9  30   0  2.6093890840547107e-04 
2016  10  13  10   0   0  2.9929671741998638e-04 
2016  10  13  10  30   0  2.5715743760661619e-04 
2016  10  13  11   0   0  2.4599401943328796e-04 
2016  10  13  11  30   0  2.4606580073747915e-04 
2016  10  13  12   0   0  2.2419455887794014e-04 
2016  10  13  12  30   0  2.0002415936103962e-04 
2016  10  13  13   0   0  1.9499510550436070e-04 
2016  10  13  13  30   0  2.0380797180881928e-04 
2016  10  13  14   0   0  1.7074204408105335e-04 
2016  10  13  14  30   0  1.4961082519364342e-04 
2016  10  13  15   0   0  1.7256243252472317e-04 
2016  10  13  15  30   0  1.7627916825144364e-04 
2016  10  13  16   0   0  1.8771218871194574e-04 
2016  10  13  16  30   0  2.0625865347737062e-04 
2016  10  13  17   0   0  1.9474229004972439e-04 
2016  10  13  17  30   0  2.2113572140813420e-04 
2016  10  13  18   0   0  2.5559905300548679e-04 
2016  10  13  18  30   0  2.7076637472072063e-04 
2016  10  13  19   0   0  3.1798887318182264e-04 
2016  10  13  19  30   0  3.0413921651551080e-04 
2016  10  13  20   0   0  2.9002153749586998e-04 
2016  10  13  20  30   0  2.8087121982647259e-04 
2016  10  13  21   0   0  2.5685121548764742e-04 
2016  10  13  21  30   0  2.5442122995098030e-04 
2016  10  13  22   0   0  2.7415306223838650e-04 
2016  10  13  22  30   0  2.3244646209910497e-04 
2016  10  13  23   0   0  2.6616322457515869e-04 
2016  10  13  23  30   0  3.0363003675234524e-04 
2016  10  14   0   0   0  2.2753685439701144e-04 
2016  10  14   0  30   0  1.8439741122137254e-04 
2016  10  14   1   0   0  1.7030219007751403e-04 
2016  10  14   1  30   0  1.7115942728928134e-04 
2016  10  14   2   0   0  1.7077758749964618e-04 
2016  10  14   2  30   0  1.7039906028731218e-04 
2016  10  14   3   0   0  1.4777557851800564e-04 
2016  10  14   3  30   0  1.2903785505973800e-04 
2016  10  14   4   0   0  1.2875647458432401e-04 
2016  10  14   4  30   0  1.0122327885967491e-04 
2016  10  14   5   0   0  1.0350519007358073e-04 
2016  10  14   5  30   0  1.0422896643601915e-04 
2016  10  14   6   0   0  1.1852533476848651e-04 
2016  10  14   6  30   0  1.3582581585673485e-04 
2016  10  14   7   0   0  1.3017922122003550e-04 
2016  10  14   7  30   0  1.2955839952471225e-04 
2016  10  14   8   0   0  1.4375865186470502e-04 
2016  10  14   8  30   0  1.5125354626725453e-04 
2016  10  14   9   0   0  1.3842935461098516e-04 
2016  10  14   9  30   0  1.2292531637728271e-04 
2016  10  14  10   0   0  9.7091470626553742e-05 
2016  10  14  10  30   0  1.0557301352852583e-04 
2016  10  14  11   0   0  9.3038995664280853e-05 
2016  10  14  11  30   0  7.6503158211077956e-05 
2016  10  14  12   0   0  8.1927561080869351e-05 
2016  10  14  12  30   0  7.1004554776531937e-05 
2016  10  14  13   0   0  6.4874506554916315e-05 
2016  10  14  13  30   0  6.2169464563467726e-05 
2016  10  14  14   0   0  6.3504890788830822e-05 
2016  10  14  14  30   0  6.5528348429458598e-05 
2016  10  14  15   0   0  7.2544341938418907e-05 
2016  10  14  15  30   0  7.1123344447109131e-05 
2016  10  14  16   0   0  6.5178103164644204e-05 
2016  10  14  16  30   0  6.6281078527157241e-05 
2016  10  14  17   0   0  6.8184632113276066e-05 
2016  10  14  17  30   0  8.2920108196023632e-05 
2016  10  14  18   0   0  1.1832245164535043e-04 
2016  10  14  18  30   0  1.5413299699407949e-04 
2016  10  14  19   0   0  1.0008387156935427e-04 
2016  10  14  19  30   0  1.0671764140824366e-04 
2016  10  14  20   0   0  8.8942432085842139e-05 
2016  10  14  20  30   0  6.6095967922092814e-05 
2016  10  14  21   0   0  4.4927808884468560e-05 
2016  10  14  21  30   0  4.2291133707236769e-05 
2016  10  14  22   0   0  3.4849189230693680e-05 
2016  10  14  22  30   0  3.4653519859485607e-05 
2016  10  14  23   0   0  3.5263105047373623e-05 
2016  10  14  23  30   0  3.9165055008315437e-05 
2016  10  15   0   0   0  5.8527014333461674e-05 
2016  10  15   0  30   0  5.5576729778844178e-05 
2016  10  15   1   0   0  5.6616529916500696e-05 
2016  10  15   1  30   0  6.0882737380909131e-05 
2016  10  15   2   0   0  5.8068389155708838e-05 
2016  10  15   2  30   0  6.0526462366165946e-05 
2016  10  15   3   0   0  6.1966422574991379e-05 
2016  10  15   3  30   0  5.5268632814125665e-05 
2016  10  15   4   0   0  4.1113115497318744e-05 
2016  10  15   4  30   0  3.8457775335035664e-05 
2016  10  15   5   0   0  3.6661919679158174e-05 
2016  10  15   5  30   0  4.1731390113547725e-05 
2016  10  15   6   0   0  2.4375356110214026e-05 
2016  10  15   6  30   0  2.6432649848487041e-05 
2016  10  15   7   0   0  4.8001797716125269e-05 
2016  10  15   7  30   0  2.5217519703930037e-05 
2016  10  15   8   0   0  2.0428850748561224e-05 
2016  10  15   8  30   0  1.8393401900130809e-05 
2016  10  15   9   0   0  2.8267691185745607e-05 
2016  10  15   9  30   0  5.9882916955413624e-05 
2016  10  15  10   0   0  1.9550341573466269e-05 
2016  10  15  10  30   0  1.4408220595240925e-05 
2016  10  15  11   0   0  1.0827254056372875e-05 
2016  10  15  11  30   0  6.1113754371661330e-06 
2016  10  15  12   0   0  6.8851034851117797e-06 
2016  10  15  12  30   0  4.8540737592793974e-07 
2016  10  15  13   0   0  5.4164043793420775e-07 
2016  10  15  13  30   0  8.1219184272026524e-07 
2016  10  15  14   0   0  9.2548696958165438e-07 
2016  10  15  14  30   0  9.9260371309598308e-07 
2016  10  15  15   0   0  1.2409711639518786e-06 
2016  10  15  15  30   0  1.4006125001365731e-06 
2016  10  15  16   0   0  1.5000268512876551e-05 
2016  10  15  16  30   0  2.5623203544658249e-05 
2016  10  15  17   0   0  3.9117133388648270e-05 
2016  10  15  17  30   0  4.3797289286863793e-05 
2016  10  15  18   0   0  4.4800407277896492e-05 
2016  10  15  18  30   0  5.0819426287426652e-05 
2016  10  15  19   0   0  6.3205593275829480e-05 
2016  10  15  19  30   0  9.7414260574927818e-05 
2016  10  15  20   0   0  1.2210883927455125e-04 
2016  10  15  20  30   0  1.5619990477436292e-04 
2016  10  15  21   0   0  1.5622277439862511e-04 
2016  10  15  21  30   0  1.7147860998986323e-04 
2016  10  15  22   0   0  1.7447358634242553e-04 
2016  10  15  22  30   0  1.7363553982650590e-04 
2016  10  15  23   0   0  1.7705122228377804e-04 
2016  10  15  23  30   0  1.7857156178224980e-04 
2016  10  16   0   0   0  1.7950732296032580e-04 
2016  10  16   0  30   0  1.8442075739240888e-04 
2016  10  16   1   0   0  1.7478490667892450e-04 
2016  10  16   1  30   0  1.7160271864662677e-04 
2016  10  16   2   0   0  1.6728019897214246e-04 
2016  10  16   2  30   0  1.6328233379656447e-04 
2016  10  16   3   0   0  1.6183395169904399e-04 
2016  10  16   3  30   0  1.6121563417777180e-04 
2016  10  16   4   0   0  1.8689397036305915e-04 
2016  10  16   4  30   0  1.9339985261339606e-04 
2016  10  16   5   0   0  1.9821139065032473e-04 
2016  10  16   5  30   0  1.8839354865242747e-04 
2016  10  16   6   0   0  1.8378321081289091e-04 
2016  10  16   6  30   0  1.8462800236265296e-04 
2016  10  16   7   0   0  2.0865936420717647e-04 
2016  10  16   7  30   0  2.4182966223991947e-04 
2016  10  16   8   0   0  2.5615361177386319e-04 
2016  10  16   8  30   0  2.6152851246230970e-04 
2016  10  16   9   0   0  2.5698897131936759e-04 
2016  10  16   9  30   0  2.1657822022639502e-04 
2016  10  16  10   0   0  1.8379497614259697e-04 
2016  10  16  10  30   0  1.8201409191129065e-04 
2016  10  16  11   0   0  1.7390274301576220e-04 
2016  10  16  11  30   0  1.3744820453263798e-04 
2016  10  16  12   0   0  1.3225068657368453e-04 
2016  10  16  12  30   0  1.0456994832663415e-04 
2016  10  16  13   0   0  9.1275495500106911e-05 
2016  10  16  13  30   0  7.5123309863177047e-05 
2016  10  16  14   0   0  6.4184739671611145e-05 
2016  10  16  14  30   0  7.4112681274401786e-05 
2016  10  16  15   0   0  4.7253447052471644e-05 
2016  10  16  15  30   0  4.0197359481443217e-05 
2016  10  16  16   0   0  4.9199761138572926e-05 
2016  10  16  16  30   0  6.1507720713167212e-05 
2016  10  16  17   0   0  1.1016572686117958e-04 
2016  10  16  17  30   0  1.3939190817795853e-04 
2016  10  16  18   0   0  1.0079680379972451e-04 
2016  10  16  18  30   0  1.0252811192097584e-04 
2016  10  16  19   0   0  1.0583014383779998e-04 
2016  10  16  19  30   0  8.3631702184382037e-05 
2016  10  16  20   0   0  1.1685307341311717e-04 
2016  10  16  20  30   0  1.2147773614757226e-04 
2016  10  16  21   0   0  1.5427809890332177e-04 
2016  10  16  21  30   0  1.7011531300969074e-04 
2016  10  16  22   0   0  1.6432664536571639e-04 
2016  10  16  22  30   0  1.7250043741415795e-04 
2016  10  16  23   0   0  1.7867718781679548e-04 
2016  10  16  23  30   0  1.9619572204524543e-04 
2016  10  17   0   0   0  1.8172439371648918e-04 
2016  10  17   0  30   0  1.8958477374858402e-04 
2016  10  17   1   0   0  1.8510966633283023e-04 
2016  10  17   1  30   0  1.8025502755459501e-04 
2016  10  17   2   0   0  1.7846595857347815e-04 
2016  10  17   2  30   0  1.6160015580486459e-04 
2016  10  17   3   0   0  1.4515819738264554e-04 
2016  10  17   3  30   0  1.3404428597760281e-04 
2016  10  17   4   0   0  1.3502466163841170e-04 
2016  10  17   4  30   0  1.4238677521364367e-04 
2016  10  17   5   0   0  1.4485504717792308e-04 
2016  10  17   5  30   0  1.4854717798217475e-04 
2016  10  17   6   0   0  1.5525896378028263e-04 
2016  10  17   6  30   0  1.5629043788487781e-04 
2016  10  17   7   0   0  1.5683317337273950e-04 
2016  10  17   7  30   0  1.6612987395012293e-04 
2016  10  17   8   0   0  1.7787640455857931e-04 
2016  10  17   8  30   0  1.8459188646884392e-04 
2016  10  17   9   0   0  1.9085419025869599e-04 
2016  10  17   9  30   0  1.9147865507505523e-04 
2016  10  17  10   0   0  2.0145370270154643e-04 
2016  10  17  10  30   0  1.7160131063740524e-04 
2016  10  17  11   0   0  1.0562635390027835e-04 
2016  10  17  11  30   0  4.5349701552376483e-05 
2016  10  17  12   0   0  1.7811850823514947e-05 
2016  10  17  12  30   0  7.1962243509327072e-06 
2016  10  17  13   0   0  1.1820140995265831e-05 
2016  10  17  13  30   0  1.5260398832729510e-05 
2016  10  17  14   0   0  2.9949516067326968e-06 
2016  10  17  14  30   0  5.0396678016329756e-06 
2016  10  17  15   0   0  2.9674254434764298e-05 
2016  10  17  15  30   0  4.7100989206845898e-05 
2016  10  17  16   0   0  4.9503076966055440e-05 
2016  10  17  16  30   0  9.5280256564304127e-05 
2016  10  17  17   0   0  2.2310955118067568e-04 
2016  10  17  17  30   0  2.2662203729516891e-04 
2016  10  17  18   0   0  2.3268919842078328e-04 
2016  10  17  18  30   0  2.0935095314643243e-04 
2016  10  17  19   0   0  1.6969394229911783e-04 
2016  10  17  19  30   0  1.4381994004464727e-04 
2016  10  17  20   0   0  1.2557098654521239e-04 
2016  10  17  20  30   0  1.2277403155863169e-04 
2016  10  17  21   0   0  1.4001836676053739e-04 
2016  10  17  21  30   0  1.5115612920535407e-04 
2016  10  17  22   0   0  1.5903852877528120e-04 
2016  10  17  22  30   0  1.6588432105473123e-04 
2016  10  17  23   0   0  1.7939837848275183e-04 
2016  10  17  23  30   0  1.8413860564903093e-04 
2016  10  18   0   0   0  1.5311736891253263e-04 
2016  10  18   0  30   0  1.6388683557136020e-04 
2016  10  18   1   0   0  1.7802475846999548e-04 
2016  10  18   1  30   0  1.9196064284397345e-04 
2016  10  18   2   0   0  2.0572673561336009e-04 
2016  10  18   2  30   0  2.1538832431535404e-04 
2016  10  18   3   0   0  2.6348383375971308e-04 
2016  10  18   3  30   0  3.2938821924614469e-04 
2016  10  18   4   0   0  3.3964049106101644e-04 
2016  10  18   4  30   0  3.5388033029184042e-04 
2016  10  18   5   0   0  3.6090169448327965e-04 
2016  10  18   5  30   0  3.7007914149438152e-04 
2016  10  18   6   0   0  3.7498829829167552e-04 
2016  10  18   6  30   0  3.8269249045081751e-04 
2016  10  18   7   0   0  3.8778012692164442e-04 
2016  10  18   7  30   0  4.0825645545934685e-04 
2016  10  18   8   0   0  4.1845215605420790e-04 
2016  10  18   8  30   0  4.5104789740155031e-04 
2016  10  18   9   0   0  4.9185540246073664e-04 
2016  10  18   9  30   0  4.6106086324557242e-04 
2016  10  18  10   0   0  4.6645682163377569e-04 
2016  10  18  10  30   0  4.8325655046481674e-04 
2016  10  18  11   0   0  4.3689966080440076e-04 
2016  10  18  11  30   0  3.9775500607089613e-04 
2016  10  18  12   0   0  4.0166760218972975e-04 
2016  10  18  12  30   0  4.1998785846417114e-04 
2016  10  18  13   0   0  4.4776629001308608e-04 
2016  10  18  13  30   0  4.7471039168134116e-04 
2016  10  18  14   0   0  4.4954819252778085e-04 
2016  10  18  14  30   0  4.4221130405002482e-04 
2016  10  18  15   0   0  4.5810852386618083e-04 
2016  10  18  15  30   0  4.5577668551312160e-04 
2016  10  18  16   0   0  4.6494190520309300e-04 
2016  10  18  16  30   0  4.5098941305316643e-04 
2016  10  18  17   0   0  4.3347288253394042e-04 
2016  10  18  17  30   0  4.1188354332440200e-04 
2016  10  18  18   0   0  3.9470579512875166e-04 
2016  10  18  18  30   0  3.7963224449108143e-04 
2016  10  18  19   0   0  3.7707822489434109e-04 
2016  10  18  19  30   0  4.2045522030218006e-04 
2016  10  18  20   0   0  4.3310741791930285e-04 
2016  10  18  20  30   0  4.2209043976019567e-04 
2016  10  18  21   0   0  4.2836512132002954e-04 
2016  10  18  21  30   0  9.9025282812058562e-04 
2016  10  18  22   0   0  6.0852161033996943e-04 
2016  10  18  22  30   0  4.1685342721978409e-04 
2016  10  18  23   0   0  4.2917782765423973e-04 
2016  10  18  23  30   0  4.4426033705420814e-04 
2016  10  19   0   0   0  4.5406820092527410e-04 
2016  10  19   0  30   0  5.0027038204634262e-04 
2016  10  19   1   0   0  6.3405191373773994e-04 
2016  10  19   1  30   0  7.8284774330378921e-04 
2016  10  19   2   0   0  8.4496287645630943e-04 
2016  10  19   2  30   0  6.1213465904342060e-04 
2016  10  19   3   0   0  5.5605612878537297e-04 
2016  10  19   3  30   0  5.7022619708003151e-04 
2016  10  19   4   0   0  5.9856229704205379e-04 
2016  10  19   4  30   0  7.8965920189904377e-04 
2016  10  19   5   0   0  1.0308145612098500e-03 
2016  10  19   5  30   0  1.0695754171265635e-03 
2016  10  19   6   0   0  9.1200000298175346e-04 
2016  10  19   6  30   0  9.2367552594505411e-04 
2016  10  19   7   0   0  9.7120225968148888e-04 
2016  10  19   7  30   0  1.0708783791414415e-03 
2016  10  19   8   0   0  1.2174057594425613e-03 
2016  10  19   8  30   0  1.1331861173681089e-03 
2016  10  19   9   0   0  1.1033973109002664e-03 
2016  10  19   9  30   0  7.2238979300231771e-04 
2016  10  19  10   0   0  9.6056972326964056e-04 
2016  10  19  10  30   0  8.3443139565124306e-04 
2016  10  19  11   0   0  7.9106012028051288e-04 
2016  10  19  11  30   0  8.4563408112705619e-04 
2016  10  19  12   0   0  8.1133697543533717e-04 
2016  10  19  12  30   0  7.9230660305303438e-04 
2016  10  19  13   0   0  8.3304046853620480e-04 
2016  10  19  13  30   0  8.2807797072559017e-04 
2016  10  19  14   0   0  8.5375639829767024e-04 
2016  10  19  14  30   0  8.2880581929642492e-04 
2016  10  19  15   0   0  9.0375196420142384e-04 
2016  10  19  15  30   0  8.1759115747369511e-04 
2016  10  19  16   0   0  7.8976983385203392e-04 
2016  10  19  16  30   0  7.8360328025737179e-04 
2016  10  19  17   0   0  7.7698325662592339e-04 
2016  10  19  17  30   0  7.8105031533893350e-04 
2016  10  19  18   0   0  1.0397647016697699e-03 
2016  10  19  18  30   0  1.4596421992211382e-03 
2016  10  19  19   0   0  1.0332357717834331e-03 
2016  10  19  19  30   0  8.4717647950979227e-04 
2016  10  19  20   0   0  8.8972287895325026e-04 
2016  10  19  20  30   0  1.4379117034740404e-03 
2016  10  19  21   0   0  1.2532539487650966e-03 
2016  10  19  21  30   0  1.5863820851905121e-03 
2016  10  19  22   0   0  1.3650706463739881e-03 
2016  10  19  22  30   0  1.1126919239812961e-03 
2016  10  19  23   0   0  1.2024617038055730e-03 
2016  10  19  23  30   0  1.0186490810204973e-03 
2016  10  20   0   0   0  7.4616934119746663e-04 
2016  10  20   0  30   0  7.4699291712244855e-04 
2016  10  20   1   0   0  7.5136622526331663e-04 
2016  10  20   1  30   0  7.4039355988657536e-04 
2016  10  20   2   0   0  7.3465413068606131e-04 
2016  10  20   2  30   0  7.2970580733348086e-04 
2016  10  20   3   0   0  7.3242042872038212e-04 
2016  10  20   3  30   0  7.3261745841290233e-04 
2016  10  20   4   0   0  7.3863143336503245e-04 
2016  10  20   4  30   0  7.3757170331473763e-04 
2016  10  20   5   0   0  7.2112234108889057e-04 
2016  10  20   5  30   0  7.0215646500905600e-04 
2016  10  20   6   0   0  6.8760902298460993e-04 
2016  10  20   6  30   0  6.5347930749642469e-04 
2016  10  20   7   0   0  6.5251144744274750e-04 
2016  10  20   7  30   0  6.6919923740849118e-04 
2016  10  20   8   0   0  6.5659494739874998e-04 
2016  10  20   8  30   0  6.2169271631869649e-04 
2016  10  20   9   0   0  6.0259236357205375e-04 
2016  10  20   9  30   0  5.9244228964349895e-04 
2016  10  20  10   0   0  5.6242544579905519e-04 
2016  10  20  10  30   0  5.4555089828860009e-04 
2016  10  20  11   0   0  4.8435862177301128e-04 
2016  10  20  11  30   0  4.8450020591686203e-04 
2016  10  20  12   0   0  4.7711958083282695e-04 
2016  10  20  12  30   0  5.1715169357805500e-04 
2016  10  20  13   0   0  5.1072623056050610e-04 
2016  10  20  13  30   0  4.9709390237052064e-04 
2016  10  20  14   0   0  4.3312029421932555e-04 
2016  10  20  14  30   0  3.9613350946285657e-04 
2016  10  20  15   0   0  4.4081451267402675e-04 
2016  10  20  15  30   0  3.9394244501170402e-04 
2016  10  20  16   0   0  4.2628734720048339e-04 
2016  10  20  16  30   0  4.1136900657181473e-04 
2016  10  20  17   0   0  3.7579569490598503e-04 
2016  10  20  17  30   0  3.9491939681572403e-04 
2016  10  20  18   0   0  3.9586869449279369e-04 
2016  10  20  18  30   0  3.7366653574207151e-04 
2016  10  20  19   0   0  3.8533334771026923e-04 
2016  10  20  19  30   0  3.8646503985784463e-04 
2016  10  20  20   0   0  3.7069112801734768e-04 
2016  10  20  20  30   0  3.6173572559879130e-04 
2016  10  20  21   0   0  3.6022368239276719e-04 
2016  10  20  21  30   0  3.2182662260509757e-04 
2016  10  20  22   0   0  3.1921603672165430e-04 
2016  10  20  22  30   0  3.3256220516397972e-04 
2016  10  20  23   0   0  2.7663112504047087e-04 
2016  10  20  23  30   0  2.5851731944873644e-04 
2016  10  21   0   0   0  3.8528162463882885e-04 
2016  10  21   0  30   0  3.8077615826046890e-04 
2016  10  21   1   0   0  3.8062826794299065e-04 
2016  10  21   1  30   0  3.8692635751013754e-04 
2016  10  21   2   0   0  3.9121432336341051e-04 
2016  10  21   2  30   0  3.9860109098677833e-04 
2016  10  21   3   0   0  4.1031310982144983e-04 
2016  10  21   3  30   0  3.4666587642523009e-04 
2016  10  21   4   0   0  3.7918647035765587e-04 
2016  10  21   4  30   0  4.0050091268718183e-04 
2016  10  21   5   0   0  4.1313794375665865e-04 
2016  10  21   5  30   0  4.3265097382694706e-04 
2016  10  21   6   0   0  4.8614937291101761e-04 
2016  10  21   6  30   0  5.4684387178058542e-04 
2016  10  21   7   0   0  6.6675880188254012e-04 
2016  10  21   7  30   0  6.7480301643109452e-04 
2016  10  21   8   0   0  6.9083748443620114e-04 
2016  10  21   8  30   0  6.8389376604277563e-04 
2016  10  21   9   0   0  6.5765784100807218e-04 
2016  10  21   9  30   0  5.1875069231912380e-04 
2016  10  21  10   0   0  3.3024592089549442e-04 
2016  10  21  10  30   0  1.7436741482113884e-04 
2016  10  21  11   0   0  6.0905060664011514e-05 
2016  10  21  11  30   0  4.0493261944799598e-05 
2016  10  21  12   0   0  8.3138759296333235e-06 
2016  10  21  12  30   0  8.6907600599902890e-06 
2016  10  21  13   0   0  7.8670791259729546e-06 
2016  10  21  13  30   0  7.9737773346162071e-06 
2016  10  21  14   0   0  7.6391583769211029e-06 
2016  10  21  14  30   0  7.6518171703981448e-06 
2016  10  21  15   0   0  7.5745797130170396e-06 
2016  10  21  15  30   0  7.5437161403645477e-06 
2016  10  21  16   0   0  7.3937027128330727e-06 
2016  10  21  16  30   0  7.1361545662965616e-06 
2016  10  21  17   0   0  7.1177455610550013e-06 
2016  10  21  17  30   0  1.5266188897016450e-05 
2016  10  21  18   0   0  3.5863897279858011e-05 
2016  10  21  18  30   0  8.4834165181475914e-05 
2016  10  21  19   0   0  1.3304910303580108e-04 
2016  10  21  19  30   0  1.7154393098984050e-04 
2016  10  21  20   0   0  2.5586562824799814e-04 
2016  10  21  20  30   0  3.0604700296198915e-04 
2016  10  21  21   0   0  3.6494115555860888e-04 
2016  10  21  21  30   0  4.3106757509388228e-04 
2016  10  21  22   0   0  4.0752510210967456e-04 
2016  10  21  22  30   0  4.2310587677541899e-04 
2016  10  21  23   0   0  4.6711505417653667e-04 
2016  10  21  23  30   0  4.9098416435952076e-04 
2016  10  22   0   0   0  4.3470352555327482e-04 
2016  10  22   0  30   0  4.3253551216267496e-04 
2016  10  22   1   0   0  4.5313321156100633e-04 
2016  10  22   1  30   0  5.4036405174362652e-04 
2016  10  22   2   0   0  5.1444456624470376e-04 
2016  10  22   2  30   0  4.5191718818914350e-04 
2016  10  22   3   0   0  4.8680852979220938e-04 
2016  10  22   3  30   0  4.7648322481342714e-04 
2016  10  22   4   0   0  4.7198400983072125e-04 
2016  10  22   4  30   0  4.5779153470752704e-04 
2016  10  22   5   0   0  4.7124713707281604e-04 
2016  10  22   5  30   0  5.1998953453015484e-04 
2016  10  22   6   0   0  5.3151810070871126e-04 
2016  10  22   6  30   0  5.3709193338927620e-04 
2016  10  22   7   0   0  5.3050368508659605e-04 
2016  10  22   7  30   0  5.2871302919692471e-04 
2016  10  22   8   0   0  4.2152875683441822e-04 
2016  10  22   8  30   0  4.4501217312721986e-04 
2016  10  22   9   0   0  3.9858630481707586e-04 
2016  10  22   9  30   0  3.5302103886953397e-04 
2016  10  22  10   0   0  2.9322710743668196e-04 
2016  10  22  10  30   0  2.6555977821371440e-04 
2016  10  22  11   0   0  2.1865406667811134e-04 
2016  10  22  11  30   0  1.9001809072744115e-04 
2016  10  22  12   0   0  1.8599189661619726e-04 
2016  10  22  12  30   0  1.6933098059970507e-04 
2016  10  22  13   0   0  1.0238905172558261e-04 
2016  10  22  13  30   0  3.7246803074697083e-05 
2016  10  22  14   0   0  3.0582624333905822e-05 
2016  10  22  14  30   0  4.7928434843057787e-05 
2016  10  22  15   0   0  6.5776974825179849e-05 
2016  10  22  15  30   0  1.0005266007556708e-04 
2016  10  22  16   0   0  1.3344268709426145e-04 
2016  10  22  16  30   0  1.5677057343229075e-04 
2016  10  22  17   0   0  1.7993551368063689e-04 
2016  10  22  17  30   0  2.0708260922079117e-04 
2016  10  22  18   0   0  2.2998751649282718e-04 
2016  10  22  18  30   0  2.5612755432679669e-04 
2016  10  22  19   0   0  3.0833772354202962e-04 
2016  10  22  19  30   0  3.3716442435030293e-04 
2016  10  22  20   0   0  3.5590764356458349e-04 
2016  10  22  20  30   0  3.6740907314236458e-04 
2016  10  22  21   0   0  3.8196124482816945e-04 
2016  10  22  21  30   0  4.1396086605815005e-04 
2016  10  22  22   0   0  4.1116109814062036e-04 
2016  10  22  22  30   0  4.1499434829932782e-04 
2016  10  22  23   0   0  3.6136556149642655e-04 
2016  10  22  23  30   0  3.1220999062627359e-04 
2016  10  23   0   0   0  2.4731803717003453e-04 
2016  10  23   0  30   0  2.4407803974074566e-04 
2016  10  23   1   0   0  2.3652163415025142e-04 
2016  10  23   1  30   0  2.0364716907165923e-04 
2016  10  23   2   0   0  1.9433297408383651e-04 
2016  10  23   2  30   0  1.8723013445551216e-04 
2016  10  23   3   0   0  1.9191504448073373e-04 
2016  10  23   3  30   0  1.8873063222869425e-04 
2016  10  23   4   0   0  1.9590498977766150e-04 
2016  10  23   4  30   0  2.0285589182831936e-04 
2016  10  23   5   0   0  2.2822175749888268e-04 
2016  10  23   5  30   0  1.9492722623335536e-04 
2016  10  23   6   0   0  1.8766257222691541e-04 
2016  10  23   6  30   0  1.8277551365573333e-04 
2016  10  23   7   0   0  1.8686988083221117e-04 
2016  10  23   7  30   0  1.5806729360512338e-04 
2016  10  23   8   0   0  1.5735757078501195e-04 
2016  10  23   8  30   0  1.6092807833234356e-04 
2016  10  23   9   0   0  1.6518020285218951e-04 
2016  10  23   9  30   0  1.5544574540463362e-04 
2016  10  23  10   0   0  1.3603967563141669e-04 
2016  10  23  10  30   0  1.1539308970163928e-04 
2016  10  23  11   0   0  8.7757231401736511e-05 
2016  10  23  11  30   0  5.8148511626702152e-05 
2016  10  23  12   0   0  1.2068182583797894e-05 
2016  10  23  12  30   0  4.4215241715505312e-06 
2016  10  23  13   0   0  4.3300148069470004e-06 
2016  10  23  13  30   0  4.3657057385563599e-06 
2016  10  23  14   0   0  4.3591775711349846e-06 
2016  10  23  14  30   0  4.2619955885271405e-06 
2016  10  23  15   0   0  4.2960970141669712e-06 
2016  10  23  15  30   0  4.1752174992258108e-06 
2016  10  23  16   0   0  4.2088177806000847e-06 
2016  10  23  16  30   0  4.2749601592131971e-06 
2016  10  23  17   0   0  4.3967395633682919e-06 
2016  10  23  17  30   0  4.6196478024202759e-06 
2016  10  23  18   0   0  4.9211988815235588e-06 
2016  10  23  18  30   0  5.1842415004048068e-06 
2016  10  23  19   0   0  5.3738196339603521e-06 
2016  10  23  19  30   0  5.7002499512396524e-06 
2016  10  23  20   0   0  5.8658391427784391e-06 
2016  10  23  20  30   0  5.8477573620428644e-06 
2016  10  23  21   0   0  5.9240561904665926e-06 
2016  10  23  21  30   0  6.0333174805743123e-06 
2016  10  23  22   0   0  6.1188148087528938e-06 
2016  10  23  22  30   0  6.2508470229855212e-06 
2016  10  23  23   0   0  2.8224176918737519e-05 
2016  10  23  23  30   0  7.0639913536164547e-05 
2016  10  24   0   0   0  2.5437008345940625e-05 
2016  10  24   0  30   0  6.3896312135609148e-05 
2016  10  24   1   0   0  1.7420947194382884e-04 
2016  10  24   1  30   0  2.7540096448243627e-04 
2016  10  24   2   0   0  3.9053285557470296e-04 
2016  10  24   2  30   0  3.3313319542170583e-04 
2016  10  24   3   0   0  3.9522435328473313e-04 
2016  10  24   3  30   0  5.4180683079798817e-04 
2016  10  24   4   0   0  6.2648996251272971e-04 
2016  10  24   4  30   0  6.2778352528258330e-04 
2016  10  24   5   0   0  6.3973318442090788e-04 
2016  10  24   5  30   0  6.5076650429841238e-04 
2016  10  24   6   0   0  6.5530123285683283e-04 
2016  10  24   6  30   0  6.6170451218016725e-04 
2016  10  24   7   0   0  6.6454289251066396e-04 
2016  10  24   7  30   0  6.6546384842864291e-04 
2016  10  24   8   0   0  6.6027956214927152e-04 
2016  10  24   8  30   0  7.0094493973835680e-04 
2016  10  24   9   0   0  7.1544121262690061e-04 
2016  10  24   9  30   0  6.9474620442392711e-04 
2016  10  24  10   0   0  6.7325296167525977e-04 
2016  10  24  10  30   0  6.6858740543261185e-04 
2016  10  24  11   0   0  6.6890308995701882e-04 
2016  10  24  11  30   0  6.8359257467650962e-04 
2016  10  24  12   0   0  6.7855357017739643e-04 
2016  10  24  12  30   0  6.5442441829978296e-04 
2016  10  24  13   0   0  6.3269153658800027e-04 
2016  10  24  13  30   0  6.2134620527231959e-04 
2016  10  24  14   0   0  6.0530001196023556e-04 
2016  10  24  14  30   0  5.9329562862104235e-04 
2016  10  24  15   0   0  5.9413448612064619e-04 
2016  10  24  15  30   0  5.9131999302406053e-04 
2016  10  24  16   0   0  5.8689435438314861e-04 
2016  10  24  16  30   0  6.0991980834805028e-04 
2016  10  24  17   0   0  5.9796817396707864e-04 
2016  10  24  17  30   0  6.0280444022951319e-04 
2016  10  24  18   0   0  5.9850741471060556e-04 
2016  10  24  18  30   0  6.0309362903663666e-04 
2016  10  24  19   0   0  5.9880804131182174e-04 
2016  10  24  19  30   0  6.0865966276397196e-04 
2016  10  24  20   0   0  6.0764102907652940e-04 
2016  10  24  20  30   0  5.9740721877659764e-04 
2016  10  24  21   0   0  5.8501340985190296e-04 
2016  10  24  21  30   0  5.9131512059526915e-04 
2016  10  24  22   0   0  5.9596244972452326e-04 
2016  10  24  22  30   0  6.1267316008018966e-04 
2016  10  24  23   0   0  6.2090569546239215e-04 
2016  10  24  23  30   0  6.1853894504600756e-04 
2016  10  25   0   0   0  6.2540888788054343e-04 
2016  10  25   0  30   0  6.2108193226150096e-04 
2016  10  25   1   0   0  6.1233759225177954e-04 
2016  10  25   1  30   0  6.0828364248633783e-04 
2016  10  25   2   0   0  5.8998927048450748e-04 
2016  10  25   2  30   0  5.8258405107465994e-04 
2016  10  25   3   0   0  5.8123095195016536e-04 
2016  10  25   3  30   0  5.8724155253433617e-04 
2016  10  25   4   0   0  6.0543869885356966e-04 
2016  10  25   4  30   0  6.2311686768277248e-04 
2016  10  25   5   0   0  6.3691157778867648e-04 
2016  10  25   5  30   0  6.2879921457649674e-04 
2016  10  25   6   0   0  6.4011951141349551e-04 
2016  10  25   6  30   0  6.4452978943773233e-04 
2016  10  25   7   0   0  6.3995044937009585e-04 
2016  10  25   7  30   0  6.4166997033589387e-04 
2016  10  25   8   0   0  6.4600469033053096e-04 
2016  10  25   8  30   0  6.5332566174908745e-04 
2016  10  25   9   0   0  6.5981875412609952e-04 
2016  10  25   9  30   0  6.7721537798727343e-04 
2016  10  25  10   0   0  6.8985638459096452e-04 
2016  10  25  10  30   0  7.2935923735101412e-04 
2016  10  25  11   0   0  7.4682412650276767e-04 
2016  10  25  11  30   0  7.3212485059713961e-04 
2016  10  25  12   0   0  7.2793214403382483e-04 
2016  10  25  12  30   0  7.1500367770294484e-04 
2016  10  25  13   0   0  6.9395568592374782e-04 
2016  10  25  13  30   0  6.5664523120729937e-04 
2016  10  25  14   0   0  6.4705541670508548e-04 
2016  10  25  14  30   0  6.0424749387867345e-04 
2016  10  25  15   0   0  5.8726969336367156e-04 
2016  10  25  15  30   0  5.9546708447052110e-04 
2016  10  25  16   0   0  5.9020670974404416e-04 
2016  10  25  16  30   0  5.8866481835975423e-04 
2016  10  25  17   0   0  5.7473952050636186e-04 
2016  10  25  17  30   0  5.5848547919890696e-04 
2016  10  25  18   0   0  5.4327115945643461e-04 
2016  10  25  18  30   0  5.4773343939349100e-04 
2016  10  25  19   0   0  5.2823831905623802e-04 
2016  10  25  19  30   0  5.5481978756726858e-04 
2016  10  25  20   0   0  5.0839411530419871e-04 
2016  10  25  20  30   0  4.9350363248736105e-04 
2016  10  25  21   0   0  5.0749569269428719e-04 
2016  10  25  21  30   0  5.4366604417497514e-04 
2016  10  25  22   0   0  5.8637035739193095e-04 
2016  10  25  22  30   0  5.8936859519760404e-04 
2016  10  25  23   0   0  5.7823256937311000e-04 
2016  10  25  23  30   0  6.0954554451006341e-04 
2016  10  26   0   0   0  6.1694702703843666e-04 
2016  10  26   0  30   0  6.3664671959727298e-04 
2016  10  26   1   0   0  6.6316697116882990e-04 
2016  10  26   1  30   0  6.4337455091063639e-04 
2016  10  26   2   0   0  5.9551677484292185e-04 
2016  10  26   2  30   0  5.4673630797332049e-04 
2016  10  26   3   0   0  4.9805500105057137e-04 
2016  10  26   3  30   0  4.8207710274282014e-04 
2016  10  26   4   0   0  4.3948332204173758e-04 
2016  10  26   4  30   0  4.5223149304813464e-04 
2016  10  26   5   0   0  4.5325912354704636e-04 
2016  10  26   5  30   0  4.4679132942368596e-04 
2016  10  26   6   0   0  4.4450868566747964e-04 
2016  10  26   6  30   0  4.6224642872011760e-04 
2016  10  26   7   0   0  4.6756980560348050e-04 
2016  10  26   7  30   0  4.4994505677806574e-04 
2016  10  26   8   0   0  4.3205659538198031e-04 
2016  10  26   8  30   0  3.8314964624632918e-04 
2016  10  26   9   0   0  3.6643681469426256e-04 
2016  10  26   9  30   0  3.8830194562513226e-04 
2016  10  26  10   0   0  4.3800160818726713e-04 
2016  10  26  10  30   0  4.5946863918259481e-04 
2016  10  26  11   0   0  4.6930956548393073e-04 
2016  10  26  11  30   0  4.7123668946639233e-04 
2016  10  26  12   0   0  4.7385952292532688e-04 
2016  10  26  12  30   0  5.4020548563176026e-04 
2016  10  26  13   0   0  5.1580748436682862e-04 
2016  10  26  13  30   0  5.0013510543786761e-04 
2016  10  26  14   0   0  4.6817467257459261e-04 
2016  10  26  14  30   0  4.6518194764748387e-04 
2016  10  26  15   0   0  4.4767576814813600e-04 
2016  10  26  15  30   0  4.3122890477600192e-04 
2016  10  26  16   0   0  4.1617901854276902e-04 
2016  10  26  16  30   0  4.1808598747783481e-04 
2016  10  26  17   0   0  4.2294045932390011e-04 
2016  10  26  17  30   0  4.8230783248484719e-04 
2016  10  26  18   0   0  5.2973399069923652e-04 
2016  10  26  18  30   0  5.7915564388773255e-04 
2016  10  26  19   0   0  4.7095581113659561e-04 
2016  10  26  19  30   0  5.8440111510176126e-04 
2016  10  26  20   0   0  5.6300894262303414e-04 
2016  10  26  20  30   0  5.6260708285370655e-04 
2016  10  26  21   0   0  4.9533033607404131e-04 
2016  10  26  21  30   0  4.7693491184335450e-04 
2016  10  26  22   0   0  4.8332824382055022e-04 
2016  10  26  22  30   0  5.2252086428663407e-04 
2016  10  26  23   0   0  5.5606047103375327e-04 
2016  10  26  23  30   0  5.9741011800224333e-04 
2016  10  27   0   0   0  6.0833764321667277e-04 
2016  10  27   0  30   0  5.9257002417002931e-04 
2016  10  27   1   0   0  5.8378463326971190e-04 
2016  10  27   1  30   0  5.7855366577516025e-04 
2016  10  27   2   0   0  5.5464453092793809e-04 
2016  10  27   2  30   0  5.5375174548768960e-04 
2016  10  27   3   0   0  5.3487224051561939e-04 
2016  10  27   3  30   0  5.2560684678475199e-04 
2016  10  27   4   0   0  5.1654518004673315e-04 
2016  10  27   4  30   0  5.0531595943158788e-04 
2016  10  27   5   0   0  4.8846935372772328e-04 
2016  10  27   5  30   0  5.0107293936605454e-04 
2016  10  27   6   0   0  4.7854331845692679e-04 
2016  10  27   6  30   0  4.7092772252126108e-04 
2016  10  27   7   0   0  4.5213798743995584e-04 
2016  10  27   7  30   0  4.2948513356736535e-04 
2016  10  27   8   0   0  4.1029434810831400e-04 
2016  10  27   8  30   0  3.7882306097142157e-04 
2016  10  27   9   0   0  3.5064963282106917e-04 
2016  10  27   9  30   0  3.4287519762158292e-04 
2016  10  27  10   0   0  3.3817337919961251e-04 
2016  10  27  10  30   0  3.4398530126800175e-04 
2016  10  27  11   0   0  3.1523080420863111e-04 
2016  10  27  11  30   0  2.6770771420650834e-04 
2016  10  27  12   0   0  2.2644027259046212e-04 
2016  10  27  12  30   0  1.9659829754879501e-04 
2016  10  27  13   0   0  1.7570104654095463e-04 
2016  10  27  13  30   0  1.5464998245303600e-04 
2016  10  27  14   0   0  1.2702792172830484e-04 
2016  10  27  14  30   0  1.1735132792900605e-04 
2016  10  27  15   0   0  1.3750145616765399e-04 
2016  10  27  15  30   0  1.4527658515207611e-04 
2016  10  27  16   0   0  1.6207385143609016e-04 
2016  10  27  16  30   0  1.6699883280936890e-04 
2016  10  27  17   0   0  1.9294012469499075e-04 
2016  10  27  17  30   0  1.8646820625884444e-04 
2016  10  27  18   0   0  1.8442766201280945e-04 
2016  10  27  18  30   0  1.7597580709748483e-04 
2016  10  27  19   0   0  1.7313491901676937e-04 
2016  10  27  19  30   0  1.8844897324672518e-04 
2016  10  27  20   0   0  1.8629178207902139e-04 
2016  10  27  20  30   0  2.1380047403366914e-04 
2016  10  27  21   0   0  2.5911199571480300e-04 
2016  10  27  21  30   0  3.0386866344886572e-04 
2016  10  27  22   0   0  3.3825869613101283e-04 
2016  10  27  22  30   0  3.6901701838031519e-04 
2016  10  27  23   0   0  3.5266646726230834e-04 
2016  10  27  23  30   0  3.2482074298735477e-04 
2016  10  28   0   0   0  2.8782137133552836e-04 
2016  10  28   0  30   0  2.9456198537338135e-04 
2016  10  28   1   0   0  2.9971385984530543e-04 
2016  10  28   1  30   0  2.9401806203857323e-04 
2016  10  28   2   0   0  2.7374966858147116e-04 
2016  10  28   2  30   0  2.5316098069616284e-04 
2016  10  28   3   0   0  2.2691458861115148e-04 
2016  10  28   3  30   0  1.9566374857667143e-04 
2016  10  28   4   0   0  1.6627665791092740e-04 
2016  10  28   4  30   0  1.3851212118461592e-04 
2016  10  28   5   0   0  1.0589921120878513e-04 
2016  10  28   5  30   0  8.5004259851134941e-05 
2016  10  28   6   0   0  7.1626821245642639e-05 
2016  10  28   6  30   0  6.8956197850834059e-05 
2016  10  28   7   0   0  8.0201979565810411e-05 
2016  10  28   7  30   0  7.8285743145968997e-05 
2016  10  28   8   0   0  9.1941593231417853e-05 
2016  10  28   8  30   0  1.2813035930578533e-04 
2016  10  28   9   0   0  1.3648340086771558e-04 
2016  10  28   9  30   0  1.3549647832657326e-04 
2016  10  28  10   0   0  1.5759698919385758e-04 
2016  10  28  10  30   0  1.7462248802811411e-04 
2016  10  28  11   0   0  1.7862376202641524e-04 
2016  10  28  11  30   0  2.0307178413848015e-04 
2016  10  28  12   0   0  2.1758091292268028e-04 
2016  10  28  12  30   0  2.0928805018531063e-04 
2016  10  28  13   0   0  2.0409924288842374e-04 
2016  10  28  13  30   0  1.6557272394218076e-04 
2016  10  28  14   0   0  2.0251360164424653e-04 
2016  10  28  14  30   0  2.1127837829991190e-04 
2016  10  28  15   0   0  1.6760306132940808e-04 
2016  10  28  15  30   0  1.3118420379751585e-04 
2016  10  28  16   0   0  1.2993833315639214e-04 
2016  10  28  16  30   0  1.6148096958752684e-04 
2016  10  28  17   0   0  1.6279335966137994e-04 
2016  10  28  17  30   0  1.6946080471067095e-04 
2016  10  28  18   0   0  1.3619288519348187e-04 
2016  10  28  18  30   0  7.8743211660213351e-05 
2016  10  28  19   0   0  7.6474726549408202e-05 
2016  10  28  19  30   0  6.3202876871574506e-05 
2016  10  28  20   0   0  5.4491872357632837e-05 
2016  10  28  20  30   0  4.4684073061252036e-05 
2016  10  28  21   0   0  4.7849699046498118e-05 
2016  10  28  21  30   0  4.1065695202380988e-05 
2016  10  28  22   0   0  4.3663922004879900e-05 
2016  10  28  22  30   0  4.0586765784791198e-05 
2016  10  28  23   0   0  4.6197566602191860e-05 
2016  10  28  23  30   0  6.9187185090252058e-05 
2016  10  29   0   0   0  9.3201181927374184e-05 
2016  10  29   0  30   0  1.0710617090861327e-04 
2016  10  29   1   0   0  1.0708032117851779e-04 
2016  10  29   1  30   0  1.0317380715442993e-04 
2016  10  29   2   0   0  9.2405024919027854e-05 
2016  10  29   2  30   0  8.4022026389065727e-05 
2016  10  29   3   0   0  7.8131374840343350e-05 
2016  10  29   3  30   0  8.3471750164976268e-05 
2016  10  29   4   0   0  7.4503467324944409e-05 
2016  10  29   4  30   0  7.3844473489665573e-05 
2016  10  29   5   0   0  6.7863052556202307e-05 
2016  10  29   5  30   0  6.7044196231374957e-05 
2016  10  29   6   0   0  6.9579254993964426e-05 
2016  10  29   6  30   0  7.4073248042862299e-05 
2016  10  29   7   0   0  7.3232885712406961e-05 
2016  10  29   7  30   0  7.8126215362109118e-05 
2016  10  29   8   0   0  7.7684600212929892e-05 
2016  10  29   8  30   0  7.2440281101117295e-05 
2016  10  29   9   0   0  1.0530949005394974e-04 
2016  10  29   9  30   0  1.0530198819560431e-04 
2016  10  29  10   0   0  3.7935639771202343e-04 
2016  10  29  10  30   0  1.7794489011617307e-04 
2016  10  29  11   0   0  1.3894406199143299e-04 
2016  10  29  11  30   0  1.5860190701465850e-04 
2016  10  29  12   0   0  1.3869346721111139e-04 
2016  10  29  12  30   0  1.2942601230478212e-04 
2016  10  29  13   0   0  1.6022021922432915e-04 
2016  10  29  13  30   0  1.4804345680775635e-04 
2016  10  29  14   0   0  7.1941526149738423e-05 
2016  10  29  14  30   0  9.2257137135189903e-05 
2016  10  29  15   0   0  1.0260805139671436e-04 
2016  10  29  15  30   0  1.0232172498995110e-04 
2016  10  29  16   0   0  1.5373453438475838e-04 
2016  10  29  16  30   0  1.9804945741835867e-04 
2016  10  29  17   0   0  1.9139228285854838e-04 
2016  10  29  17  30   0  1.6909408488531140e-04 
2016  10  29  18   0   0  1.6191093409766697e-04 
2016  10  29  18  30   0  1.6661527102394239e-04 
2016  10  29  19   0   0  1.5571419615943545e-04 
2016  10  29  19  30   0  1.2514049259361424e-04 
2016  10  29  20   0   0  1.0748901906979005e-04 
2016  10  29  20  30   0  1.1069941929854397e-04 
2016  10  29  21   0   0  8.6704971446058485e-05 
2016  10  29  21  30   0  7.2523742749208177e-05 
2016  10  29  22   0   0  6.7441911448449626e-05 
2016  10  29  22  30   0  5.6006671298353811e-05 
2016  10  29  23   0   0  6.6507213122779060e-05 
2016  10  29  23  30   0  6.8825468527362163e-05 
2016  10  30   0   0   0  6.9183165408523106e-05 
2016  10  30   0  30   0  6.5967283783890810e-05 
2016  10  30   1   0   0  6.9656186600532252e-05 
2016  10  30   1  30   0  6.9433996689619750e-05 
2016  10  30   2   0   0  5.7145290489149109e-05 
2016  10  30   2  30   0  5.8592620407575056e-05 
2016  10  30   3   0   0  3.8216447799471740e-05 
2016  10  30   3  30   0  2.3203421293880425e-05 
2016  10  30   4   0   0  2.0801400073420762e-05 
2016  10  30   4  30   0  4.0163651204346769e-05 
2016  10  30   5   0   0  5.1918235222676521e-05 
2016  10  30   5  30   0  5.1711919265044389e-05 
2016  10  30   6   0   0  5.2388277399823598e-05 
2016  10  30   6  30   0  5.0087085436745898e-05 
2016  10  30   7   0   0  5.4354569509445789e-05 
2016  10  30   7  30   0  5.8618808691472226e-05 
2016  10  30   8   0   0  5.7100576249637829e-05 
2016  10  30   8  30   0  5.8246560581682004e-05 
2016  10  30   9   0   0  5.6737027586544617e-05 
2016  10  30   9  30   0  5.1997666457027197e-05 
2016  10  30  10   0   0  5.0272632013226959e-05 
2016  10  30  10  30   0  3.9855332764052265e-05 
2016  10  30  11   0   0  4.1681234176944135e-05 
2016  10  30  11  30   0  4.7223700294426064e-05 
2016  10  30  12   0   0  4.9113069629592913e-05 
2016  10  30  12  30   0  5.0023957270120260e-05 
2016  10  30  13   0   0  5.9095700255671776e-05 
2016  10  30  13  30   0  6.1856349419122961e-05 
2016  10  30  14   0   0  6.3770569284645677e-05 
2016  10  30  14  30   0  6.3028939490273629e-05 
2016  10  30  15   0   0  6.4877574334608879e-05 
2016  10  30  15  30   0  6.2795109776445730e-05 
2016  10  30  16   0   0  6.2819341932924882e-05 
2016  10  30  16  30   0  7.4511958058048888e-05 
2016  10  30  17   0   0  6.9923251258658046e-05 
2016  10  30  17  30   0  6.6638217993473866e-05 
2016  10  30  18   0   0  5.2679188159981595e-05 
2016  10  30  18  30   0  4.7113116828454803e-05 
2016  10  30  19   0   0  4.5702733922003673e-05 
2016  10  30  19  30   0  4.5261935984761524e-05 
2016  10  30  20   0   0  4.6554186922870257e-05 
2016  10  30  20  30   0  5.1904165519992660e-05 
2016  10  30  21   0   0  5.3361259575225673e-05 
2016  10  30  21  30   0  4.3032409166344033e-05 
2016  10  30  22   0   0  3.4344908961718944e-05 
2016  10  30  22  30   0  3.3524078078118020e-05 
2016  10  30  23   0   0  4.2078745934592095e-05 
2016  10  30  23  30   0  4.1881678005102807e-05 
2016  10  31   0   0   0  4.2087513577700779e-05 
2016  10  31   0  30   0  4.0855184071962277e-05 
2016  10  31   1   0   0  3.9331170123815643e-05 
2016  10  31   1  30   0  3.7309616907667797e-05 
2016  10  31   2   0   0  3.7819442717278844e-05 
2016  10  31   2  30   0  4.9130663365648063e-05 
2016  10  31   3   0   0  5.8132377645429399e-05 
2016  10  31   3  30   0  5.7001067812278286e-05 
2016  10  31   4   0   0  5.9167301247271334e-05 
2016  10  31   4  30   0  6.3276514841394487e-05 
2016  10  31   5   0   0  7.0996075633458192e-05 
2016  10  31   5  30   0  8.2912834259129235e-05 
2016  10  31   6   0   0  8.9145239177713552e-05 
2016  10  31   6  30   0  9.6632621659621003e-05 
2016  10  31   7   0   0  1.0442573784236573e-04 
2016  10  31   7  30   0  1.0576444211127977e-04 
2016  10  31   8   0   0  1.0717915530727285e-04 
2016  10  31   8  30   0  1.1848068559524288e-04 
2016  10  31   9   0   0  1.0732552428735933e-04 
2016  10  31   9  30   0  1.1152552845501892e-04 
2016  10  31  10   0   0  1.2139767103211226e-04 
2016  10  31  10  30   0  1.2206677248145454e-04 
2016  10  31  11   0   0  1.2302525441213681e-04 
2016  10  31  11  30   0  1.2355447386995931e-04 
2016  10  31  12   0   0  1.2190889715178881e-04 
2016  10  31  12  30   0  1.1986781380655944e-04 
2016  10  31  13   0   0  1.1617508302599659e-04 
2016  10  31  13  30   0  1.2266262844294455e-04 
2016  10  31  14   0   0  1.2034963477859936e-04 
2016  10  31  14  30   0  1.0689226287441213e-04 
2016  10  31  15   0   0  9.3217791208330378e-05 
2016  10  31  15  30   0  1.0055081386418510e-04 
2016  10  31  16   0   0  1.0331247138053476e-04 
2016  10  31  16  30   0  1.0212988668241362e-04 
2016  10  31  17   0   0  9.8549726430014484e-05 
2016  10  31  17  30   0  9.4473525297912592e-05 
2016  10  31  18   0   0  1.2212416603629025e-04 
2016  10  31  18  30   0  1.3088029137043680e-04 
2016  10  31  19   0   0  1.3965658319352789e-04 
2016  10  31  19  30   0  1.5107887337520171e-04 
2016  10  31  20   0   0  1.5478925891392254e-04 
2016  10  31  20  30   0  1.8158666223959966e-04 
2016  10  31  21   0   0  1.7713552376591687e-04 
2016  10  31  21  30   0  1.8810965190954257e-04 
2016  10  31  22   0   0  1.8058357259976573e-04 
2016  10  31  22  30   0  1.8053134599882621e-04 
2016  10  31  23   0   0  1.6754042292558126e-04 
2016  10  31  23  30   0  1.4578878717005008e-04 
2016  11   1   0   0   0  1.4578878717005008e-04 
