   0   0   0   0   0   0  0.003678 
2016  10   1   0   0   0  3.6782521018430660e-03 
2016  10   1   0  30   0  3.6776284446906338e-03 
2016  10   1   1   0   0  3.6067886175340435e-03 
2016  10   1   1  30   0  3.4999310854719823e-03 
2016  10   1   2   0   0  3.5689466361988600e-03 
2016  10   1   2  30   0  3.5275861904145406e-03 
2016  10   1   3   0   0  3.4102954539964926e-03 
2016  10   1   3  30   0  3.4531121453992286e-03 
2016  10   1   4   0   0  3.2527467717875986e-03 
2016  10   1   4  30   0  3.0791412677412325e-03 
2016  10   1   5   0   0  2.8982617552729805e-03 
2016  10   1   5  30   0  2.7403512196033323e-03 
2016  10   1   6   0   0  2.6295169447766963e-03 
2016  10   1   6  30   0  2.4437133309094619e-03 
2016  10   1   7   0   0  2.2845979180452676e-03 
2016  10   1   7  30   0  2.2933361036651216e-03 
2016  10   1   8   0   0  2.3481176005997299e-03 
2016  10   1   8  30   0  2.3398247849801424e-03 
2016  10   1   9   0   0  2.3417281305009390e-03 
2016  10   1   9  30   0  2.3232160424771680e-03 
2016  10   1  10   0   0  2.1376666468894199e-03 
2016  10   1  10  30   0  2.0087501430691755e-03 
2016  10   1  11   0   0  1.8143127177342631e-03 
2016  10   1  11  30   0  1.6731403031198687e-03 
2016  10   1  12   0   0  1.6012798658957994e-03 
2016  10   1  12  30   0  1.3182317290651893e-03 
2016  10   1  13   0   0  1.2441378925155124e-03 
2016  10   1  13  30   0  1.0855595116081691e-03 
2016  10   1  14   0   0  1.0923594462800244e-03 
2016  10   1  14  30   0  1.2346803188335767e-03 
2016  10   1  15   0   0  1.2691470166762355e-03 
2016  10   1  15  30   0  8.7441468588317221e-04 
2016  10   1  16   0   0  1.0005492158826896e-03 
2016  10   1  16  30   0  1.1316950729210709e-03 
2016  10   1  17   0   0  1.3615149874519016e-03 
2016  10   1  17  30   0  1.6336035606057538e-03 
2016  10   1  18   0   0  1.7308373838346592e-03 
2016  10   1  18  30   0  1.6522230840809143e-03 
2016  10   1  19   0   0  1.7376350745716977e-03 
2016  10   1  19  30   0  1.8500254917609466e-03 
2016  10   1  20   0   0  2.0505917235749860e-03 
2016  10   1  20  30   0  2.0117609990839718e-03 
2016  10   1  21   0   0  2.0763578569129673e-03 
2016  10   1  21  30   0  2.2381258268519403e-03 
2016  10   1  22   0   0  2.4242789036225750e-03 
2016  10   1  22  30   0  2.3736203459160613e-03 
2016  10   1  23   0   0  2.3286658532077329e-03 
2016  10   1  23  30   0  2.2593147497729834e-03 
2016  10   2   0   0   0  2.2908080517366632e-03 
2016  10   2   0  30   0  2.4177510445354327e-03 
2016  10   2   1   0   0  2.4284383510593658e-03 
2016  10   2   1  30   0  2.5395720476187066e-03 
2016  10   2   2   0   0  2.6574778217090399e-03 
2016  10   2   2  30   0  2.7245859150789439e-03 
2016  10   2   3   0   0  2.7864814546934040e-03 
2016  10   2   3  30   0  2.8372114448316156e-03 
2016  10   2   4   0   0  2.8423868164269245e-03 
2016  10   2   4  30   0  2.8262630533528155e-03 
2016  10   2   5   0   0  2.8354444897364366e-03 
2016  10   2   5  30   0  2.8601134298781002e-03 
2016  10   2   6   0   0  2.7942610105680700e-03 
2016  10   2   6  30   0  2.8297348827291944e-03 
2016  10   2   7   0   0  2.7034532380629897e-03 
2016  10   2   7  30   0  2.7483163184163044e-03 
2016  10   2   8   0   0  2.8471271225560765e-03 
2016  10   2   8  30   0  2.7344003523761483e-03 
2016  10   2   9   0   0  2.4880869465832962e-03 
2016  10   2   9  30   0  2.1085358537170800e-03 
2016  10   2  10   0   0  1.4432684680094870e-03 
2016  10   2  10  30   0  1.3675835308596593e-03 
2016  10   2  11   0   0  1.0063958894209473e-03 
2016  10   2  11  30   0  1.0868897493754312e-03 
2016  10   2  12   0   0  1.1675829177766369e-03 
2016  10   2  12  30   0  1.0381087919222583e-03 
2016  10   2  13   0   0  1.1512381597420730e-03 
2016  10   2  13  30   0  1.3631031117416128e-03 
2016  10   2  14   0   0  1.6484415831868209e-03 
2016  10   2  14  30   0  1.5050006497418212e-03 
2016  10   2  15   0   0  1.3311445869808142e-03 
2016  10   2  15  30   0  1.4765226914050333e-03 
2016  10   2  16   0   0  1.6887301850129701e-03 
2016  10   2  16  30   0  1.8716677078041059e-03 
2016  10   2  17   0   0  1.6752266627948467e-03 
2016  10   2  17  30   0  1.7567470162084880e-03 
2016  10   2  18   0   0  1.8933506286369520e-03 
2016  10   2  18  30   0  2.0751834340895308e-03 
2016  10   2  19   0   0  2.2838248212619489e-03 
2016  10   2  19  30   0  2.4113585357748639e-03 
2016  10   2  20   0   0  2.7098788605160501e-03 
2016  10   2  20  30   0  3.1288673874300572e-03 
2016  10   2  21   0   0  3.4671285302860042e-03 
2016  10   2  21  30   0  3.4815661395486519e-03 
2016  10   2  22   0   0  3.3521346177174689e-03 
2016  10   2  22  30   0  3.2479856208058942e-03 
2016  10   2  23   0   0  3.4202320678803485e-03 
2016  10   2  23  30   0  3.4430708670921931e-03 
2016  10   3   0   0   0  3.4495448894367267e-03 
2016  10   3   0  30   0  3.4777907758676459e-03 
2016  10   3   1   0   0  3.1901055536845114e-03 
2016  10   3   1  30   0  3.3476554523983858e-03 
2016  10   3   2   0   0  3.3387830514693237e-03 
2016  10   3   2  30   0  3.0526196928256817e-03 
2016  10   3   3   0   0  2.8948820486668727e-03 
2016  10   3   3  30   0  2.6669611010493371e-03 
2016  10   3   4   0   0  2.4304810381464868e-03 
2016  10   3   4  30   0  2.5884125317375017e-03 
2016  10   3   5   0   0  2.6803591922740454e-03 
2016  10   3   5  30   0  2.6267663890283031e-03 
2016  10   3   6   0   0  2.3749107285194770e-03 
2016  10   3   6  30   0  2.5923674968687514e-03 
2016  10   3   7   0   0  2.9429099417268329e-03 
2016  10   3   7  30   0  2.9110138375327554e-03 
2016  10   3   8   0   0  2.9100349886979600e-03 
2016  10   3   8  30   0  2.9476125291723631e-03 
2016  10   3   9   0   0  2.8916403969075940e-03 
2016  10   3   9  30   0  2.6762294942539564e-03 
2016  10   3  10   0   0  2.7220335711922697e-03 
2016  10   3  10  30   0  3.1352880514238157e-03 
2016  10   3  11   0   0  3.1986938765580326e-03 
2016  10   3  11  30   0  2.8830890762403124e-03 
2016  10   3  12   0   0  2.5203009922243093e-03 
2016  10   3  12  30   0  2.6811981592729625e-03 
2016  10   3  13   0   0  2.5923845653836063e-03 
2016  10   3  13  30   0  3.0577703143341386e-03 
2016  10   3  14   0   0  2.7804311204195349e-03 
2016  10   3  14  30   0  2.5324848863042355e-03 
2016  10   3  15   0   0  2.7827911019477408e-03 
2016  10   3  15  30   0  2.7422389801258517e-03 
2016  10   3  16   0   0  2.4486342108625812e-03 
2016  10   3  16  30   0  2.2353481319061608e-03 
2016  10   3  17   0   0  2.3102743722212601e-03 
2016  10   3  17  30   0  2.2620776604212506e-03 
2016  10   3  18   0   0  2.1836837370541695e-03 
2016  10   3  18  30   0  2.3006664746842227e-03 
2016  10   3  19   0   0  2.5111926352409208e-03 
2016  10   3  19  30   0  2.5549292584699170e-03 
2016  10   3  20   0   0  3.0260399491278825e-03 
2016  10   3  20  30   0  3.1343184527903578e-03 
2016  10   3  21   0   0  2.8886430796797760e-03 
2016  10   3  21  30   0  2.2921499430005902e-03 
2016  10   3  22   0   0  1.7305123536313428e-03 
2016  10   3  22  30   0  1.4992643110449246e-03 
2016  10   3  23   0   0  1.0325235724181431e-03 
2016  10   3  23  30   0  1.0855767573188157e-03 
2016  10   4   0   0   0  1.1998484956696304e-03 
2016  10   4   0  30   0  1.4022349263543748e-03 
2016  10   4   1   0   0  1.4914425476950674e-03 
2016  10   4   1  30   0  1.6158958057020971e-03 
2016  10   4   2   0   0  1.6332425433282611e-03 
2016  10   4   2  30   0  1.5639463041309536e-03 
2016  10   4   3   0   0  1.5696374104001642e-03 
2016  10   4   3  30   0  1.6310757061941124e-03 
2016  10   4   4   0   0  1.7284851993282190e-03 
2016  10   4   4  30   0  1.8108482409075319e-03 
2016  10   4   5   0   0  1.8110811569742823e-03 
2016  10   4   5  30   0  1.7922155875199912e-03 
2016  10   4   6   0   0  1.7606440561146752e-03 
2016  10   4   6  30   0  1.6885695683859403e-03 
2016  10   4   7   0   0  1.6172595651854102e-03 
2016  10   4   7  30   0  1.4668527638190814e-03 
2016  10   4   8   0   0  1.3152676118831318e-03 
2016  10   4   8  30   0  1.2669704546586836e-03 
2016  10   4   9   0   0  1.2945729253008753e-03 
2016  10   4   9  30   0  1.1243164945043290e-03 
2016  10   4  10   0   0  1.2185779130605061e-03 
2016  10   4  10  30   0  1.2552454919588167e-03 
2016  10   4  11   0   0  1.3447410860301188e-03 
2016  10   4  11  30   0  1.4046614463164538e-03 
2016  10   4  12   0   0  1.5226526940040224e-03 
2016  10   4  12  30   0  1.3891971377376175e-03 
2016  10   4  13   0   0  1.5096586781283908e-03 
2016  10   4  13  30   0  1.5216864796964694e-03 
2016  10   4  14   0   0  1.4734107670913022e-03 
2016  10   4  14  30   0  1.3713052474730390e-03 
2016  10   4  15   0   0  1.3725978476901394e-03 
2016  10   4  15  30   0  1.3818301013710631e-03 
2016  10   4  16   0   0  1.3488394886169467e-03 
2016  10   4  16  30   0  1.3957469032417425e-03 
2016  10   4  17   0   0  1.4552886174975610e-03 
2016  10   4  17  30   0  1.6181584133922971e-03 
2016  10   4  18   0   0  1.7829380635301165e-03 
2016  10   4  18  30   0  1.9369700082825679e-03 
2016  10   4  19   0   0  2.0795673504707462e-03 
2016  10   4  19  30   0  2.5452145157277119e-03 
2016  10   4  20   0   0  2.7165790498513186e-03 
2016  10   4  20  30   0  2.6700657006812080e-03 
2016  10   4  21   0   0  2.7412881657920573e-03 
2016  10   4  21  30   0  2.6346761559400246e-03 
2016  10   4  22   0   0  2.4667611360788709e-03 
2016  10   4  22  30   0  2.6667167603763573e-03 
2016  10   4  23   0   0  2.7294296325238820e-03 
2016  10   4  23  30   0  2.5439917336903184e-03 
2016  10   5   0   0   0  2.1132462456600622e-03 
2016  10   5   0  30   0  2.1356095664655152e-03 
2016  10   5   1   0   0  2.1476860994478733e-03 
2016  10   5   1  30   0  2.0371842987877160e-03 
2016  10   5   2   0   0  2.0498850019095563e-03 
2016  10   5   2  30   0  2.1036642373790130e-03 
2016  10   5   3   0   0  2.0841015746422549e-03 
2016  10   5   3  30   0  2.0548824004157536e-03 
2016  10   5   4   0   0  2.1189868265253610e-03 
2016  10   5   4  30   0  2.2437451423353637e-03 
2016  10   5   5   0   0  2.3850420281635921e-03 
2016  10   5   5  30   0  2.3909240695883720e-03 
2016  10   5   6   0   0  2.3169156626697677e-03 
2016  10   5   6  30   0  2.4156638392174535e-03 
2016  10   5   7   0   0  2.5537493454488398e-03 
2016  10   5   7  30   0  2.5504038411082539e-03 
2016  10   5   8   0   0  2.6517698794663149e-03 
2016  10   5   8  30   0  2.1762987654620636e-03 
2016  10   5   9   0   0  1.8395381155012589e-03 
2016  10   5   9  30   0  1.5133105267082735e-03 
2016  10   5  10   0   0  1.2619508474962346e-03 
2016  10   5  10  30   0  1.1430005686606630e-03 
2016  10   5  11   0   0  1.0898671584969389e-03 
2016  10   5  11  30   0  8.6599451382399575e-04 
2016  10   5  12   0   0  9.5857972715980371e-04 
2016  10   5  12  30   0  1.0746175505867740e-03 
2016  10   5  13   0   0  1.1137596287814002e-03 
2016  10   5  13  30   0  1.1180111847335886e-03 
2016  10   5  14   0   0  1.2517350519126312e-03 
2016  10   5  14  30   0  1.4538882563475363e-03 
2016  10   5  15   0   0  1.5819812240035476e-03 
2016  10   5  15  30   0  1.7493628086236133e-03 
2016  10   5  16   0   0  1.4530028513611085e-03 
2016  10   5  16  30   0  1.6797293176914082e-03 
2016  10   5  17   0   0  1.8564401802959544e-03 
2016  10   5  17  30   0  1.7135962570385018e-03 
2016  10   5  18   0   0  1.6830939376509450e-03 
2016  10   5  18  30   0  1.7161123773756786e-03 
2016  10   5  19   0   0  1.6955455834335741e-03 
2016  10   5  19  30   0  1.6717532455027728e-03 
2016  10   5  20   0   0  1.8045686090950729e-03 
2016  10   5  20  30   0  2.0756564680741163e-03 
2016  10   5  21   0   0  2.6521395697361029e-03 
2016  10   5  21  30   0  2.6329911874188802e-03 
2016  10   5  22   0   0  2.5942088087693351e-03 
2016  10   5  22  30   0  2.7314416389564505e-03 
2016  10   5  23   0   0  2.9257631416529008e-03 
2016  10   5  23  30   0  3.0339262901182889e-03 
2016  10   6   0   0   0  3.9194807690533127e-03 
2016  10   6   0  30   0  4.1535396247636301e-03 
2016  10   6   1   0   0  4.8283808644638921e-03 
2016  10   6   1  30   0  4.5469644246973881e-03 
2016  10   6   2   0   0  4.6402113652857305e-03 
2016  10   6   2  30   0  4.7788641978182330e-03 
2016  10   6   3   0   0  4.3020535772346196e-03 
2016  10   6   3  30   0  3.7969177054517369e-03 
2016  10   6   4   0   0  3.7822435281404622e-03 
2016  10   6   4  30   0  3.5986250672639681e-03 
2016  10   6   5   0   0  3.5276530493361519e-03 
2016  10   6   5  30   0  3.5821292366097221e-03 
2016  10   6   6   0   0  3.8258307239057657e-03 
2016  10   6   6  30   0  3.6276439868709021e-03 
2016  10   6   7   0   0  3.7884570185550840e-03 
2016  10   6   7  30   0  3.5858949347750782e-03 
2016  10   6   8   0   0  4.1261921848066534e-03 
2016  10   6   8  30   0  4.4807455615378201e-03 
2016  10   6   9   0   0  4.0799797423410229e-03 
2016  10   6   9  30   0  3.5134202100659622e-03 
2016  10   6  10   0   0  3.2226512083303443e-03 
2016  10   6  10  30   0  2.7871201974019391e-03 
2016  10   6  11   0   0  2.2215542442104662e-03 
2016  10   6  11  30   0  1.8733941068583165e-03 
2016  10   6  12   0   0  1.8436978793389693e-03 
2016  10   6  12  30   0  1.9756794927874503e-03 
2016  10   6  13   0   0  2.2553639936484862e-03 
2016  10   6  13  30   0  2.5922763918305122e-03 
2016  10   6  14   0   0  2.8802040782654539e-03 
2016  10   6  14  30   0  4.5466871254538355e-03 
2016  10   6  15   0   0  4.3398303748448715e-03 
2016  10   6  15  30   0  2.6292864777679764e-03 
2016  10   6  16   0   0  3.0955524806388166e-03 
2016  10   6  16  30   0  3.7347574808796035e-03 
2016  10   6  17   0   0  3.6161744832511264e-03 
2016  10   6  17  30   0  3.2184741658202757e-03 
2016  10   6  18   0   0  3.0501260400296543e-03 
2016  10   6  18  30   0  3.1844418778039091e-03 
2016  10   6  19   0   0  3.8123342877336079e-03 
2016  10   6  19  30   0  4.1958827872716035e-03 
2016  10   6  20   0   0  4.9890394003557327e-03 
2016  10   6  20  30   0  5.4112367373278774e-03 
2016  10   6  21   0   0  5.3005432997709871e-03 
2016  10   6  21  30   0  4.3726570456962864e-03 
2016  10   6  22   0   0  4.2888673233209412e-03 
2016  10   6  22  30   0  4.1698317517442794e-03 
2016  10   6  23   0   0  4.0778929809354740e-03 
2016  10   6  23  30   0  4.1251379211003887e-03 
2016  10   7   0   0   0  4.2565335972232317e-03 
2016  10   7   0  30   0  4.3936929978113494e-03 
2016  10   7   1   0   0  4.5371069959027639e-03 
2016  10   7   1  30   0  4.8412476130350306e-03 
2016  10   7   2   0   0  5.1900048148856041e-03 
2016  10   7   2  30   0  5.0132183361255465e-03 
2016  10   7   3   0   0  4.9780406041585621e-03 
2016  10   7   3  30   0  5.0113587940698668e-03 
2016  10   7   4   0   0  4.9633314735630738e-03 
2016  10   7   4  30   0  4.7751763691479361e-03 
2016  10   7   5   0   0  4.9446298941697728e-03 
2016  10   7   5  30   0  4.8948405335853115e-03 
2016  10   7   6   0   0  4.6334737717882565e-03 
2016  10   7   6  30   0  4.9621018777196149e-03 
2016  10   7   7   0   0  4.8509481412805340e-03 
2016  10   7   7  30   0  4.4127990034798815e-03 
2016  10   7   8   0   0  4.0824698704159234e-03 
2016  10   7   8  30   0  3.8981268015414647e-03 
2016  10   7   9   0   0  3.6236823634164896e-03 
2016  10   7   9  30   0  3.5153303263514095e-03 
2016  10   7  10   0   0  3.2055758040945405e-03 
2016  10   7  10  30   0  2.8657363536451321e-03 
2016  10   7  11   0   0  2.6408655258208990e-03 
2016  10   7  11  30   0  2.4509857428306535e-03 
2016  10   7  12   0   0  2.4119212104922998e-03 
2016  10   7  12  30   0  2.1685760845004433e-03 
2016  10   7  13   0   0  2.2932811936723571e-03 
2016  10   7  13  30   0  2.1478494013767412e-03 
2016  10   7  14   0   0  2.2150747299216106e-03 
2016  10   7  14  30   0  2.2886839842817526e-03 
2016  10   7  15   0   0  2.3539607296461677e-03 
2016  10   7  15  30   0  2.5742749884502150e-03 
2016  10   7  16   0   0  3.0001583585916769e-03 
2016  10   7  16  30   0  3.2252355279387673e-03 
2016  10   7  17   0   0  3.2388920218072090e-03 
2016  10   7  17  30   0  2.8944104705832924e-03 
2016  10   7  18   0   0  2.7236077145409996e-03 
2016  10   7  18  30   0  2.4834961437725351e-03 
2016  10   7  19   0   0  2.2569007217679107e-03 
2016  10   7  19  30   0  2.1515179954869476e-03 
2016  10   7  20   0   0  1.9202827524937658e-03 
2016  10   7  20  30   0  1.7331065566298276e-03 
2016  10   7  21   0   0  1.6651901435305498e-03 
2016  10   7  21  30   0  1.6293138563822250e-03 
2016  10   7  22   0   0  1.6420307123790781e-03 
2016  10   7  22  30   0  1.6278551399435529e-03 
2016  10   7  23   0   0  1.5868255510690726e-03 
2016  10   7  23  30   0  1.4697596039760317e-03 
2016  10   8   0   0   0  1.3157079607019611e-03 
2016  10   8   0  30   0  1.3221068759598335e-03 
2016  10   8   1   0   0  1.2971750062810152e-03 
2016  10   8   1  30   0  1.2367379933481205e-03 
2016  10   8   2   0   0  1.1187686683342289e-03 
2016  10   8   2  30   0  1.0181315065895789e-03 
2016  10   8   3   0   0  9.3398836577303173e-04 
2016  10   8   3  30   0  9.1392754230499175e-04 
2016  10   8   4   0   0  9.5597393522291641e-04 
2016  10   8   4  30   0  9.6982917480389322e-04 
2016  10   8   5   0   0  8.6358758144079717e-04 
2016  10   8   5  30   0  6.4611718872313909e-04 
2016  10   8   6   0   0  5.2658518566580086e-04 
2016  10   8   6  30   0  5.6315816618462066e-04 
2016  10   8   7   0   0  6.3484737725888214e-04 
2016  10   8   7  30   0  5.7685025808894318e-04 
2016  10   8   8   0   0  4.0024740693413727e-04 
2016  10   8   8  30   0  3.7409452274755444e-04 
2016  10   8   9   0   0  3.8313744043571299e-04 
2016  10   8   9  30   0  3.1225067049254227e-04 
2016  10   8  10   0   0  2.4470871494625303e-04 
2016  10   8  10  30   0  2.7703001976474539e-04 
2016  10   8  11   0   0  3.2403383192135986e-04 
2016  10   8  11  30   0  3.9894632816175348e-04 
2016  10   8  12   0   0  4.4732332131514101e-04 
2016  10   8  12  30   0  4.0490652107542891e-04 
2016  10   8  13   0   0  5.0155422803045528e-04 
2016  10   8  13  30   0  7.8054902236508684e-04 
2016  10   8  14   0   0  8.1608944853808036e-04 
2016  10   8  14  30   0  7.9208746834064016e-04 
2016  10   8  15   0   0  8.4181161940347473e-04 
2016  10   8  15  30   0  8.1066799213777379e-04 
2016  10   8  16   0   0  8.1391247729983298e-04 
2016  10   8  16  30   0  8.1746463645557970e-04 
2016  10   8  17   0   0  9.2238938105623910e-04 
2016  10   8  17  30   0  9.8689108701358551e-04 
2016  10   8  18   0   0  1.0760197514280124e-03 
2016  10   8  18  30   0  1.1120738143710486e-03 
2016  10   8  19   0   0  1.0774174529337209e-03 
2016  10   8  19  30   0  1.1226397462555566e-03 
2016  10   8  20   0   0  1.0621200262167967e-03 
2016  10   8  20  30   0  1.0142823558275187e-03 
2016  10   8  21   0   0  9.2941991427622137e-04 
2016  10   8  21  30   0  9.2378224076342834e-04 
2016  10   8  22   0   0  9.1162833423201559e-04 
2016  10   8  22  30   0  8.7893257094031154e-04 
2016  10   8  23   0   0  8.5485314891246258e-04 
2016  10   8  23  30   0  8.8017267902895234e-04 
2016  10   9   0   0   0  8.8639314440977989e-04 
2016  10   9   0  30   0  9.5065491753605158e-04 
2016  10   9   1   0   0  9.9879616687799442e-04 
2016  10   9   1  30   0  1.0846493464205167e-03 
2016  10   9   2   0   0  1.1894611224321865e-03 
2016  10   9   2  30   0  1.1828803880424153e-03 
2016  10   9   3   0   0  1.1629577091736988e-03 
2016  10   9   3  30   0  1.1784907889814400e-03 
2016  10   9   4   0   0  1.1676340887234126e-03 
2016  10   9   4  30   0  1.1897114986155572e-03 
2016  10   9   5   0   0  1.1883065808532922e-03 
2016  10   9   5  30   0  1.2623106175073415e-03 
2016  10   9   6   0   0  1.2961817039750375e-03 
2016  10   9   6  30   0  1.3763305051200027e-03 
2016  10   9   7   0   0  1.4494444740544752e-03 
2016  10   9   7  30   0  1.4585071923871708e-03 
2016  10   9   8   0   0  1.4808177618180103e-03 
2016  10   9   8  30   0  1.6565848994628046e-03 
2016  10   9   9   0   0  1.8398303477382900e-03 
2016  10   9   9  30   0  1.7554706347547890e-03 
2016  10   9  10   0   0  1.3004891203714846e-03 
2016  10   9  10  30   0  1.4685291443147406e-03 
2016  10   9  11   0   0  1.2883519817580532e-03 
2016  10   9  11  30   0  1.2405041782566927e-03 
2016  10   9  12   0   0  1.1892479424604385e-03 
2016  10   9  12  30   0  1.1657607213147935e-03 
2016  10   9  13   0   0  1.2282978610104673e-03 
2016  10   9  13  30   0  1.2387362732456404e-03 
2016  10   9  14   0   0  1.2126308330084451e-03 
2016  10   9  14  30   0  1.2900815260077790e-03 
2016  10   9  15   0   0  1.2703762564872855e-03 
2016  10   9  15  30   0  1.4613658331993642e-03 
2016  10   9  16   0   0  1.4503058429096395e-03 
2016  10   9  16  30   0  1.4538752757334197e-03 
2016  10   9  17   0   0  1.3251576681279969e-03 
2016  10   9  17  30   0  1.2843249642690148e-03 
2016  10   9  18   0   0  1.2823360543952559e-03 
2016  10   9  18  30   0  1.6501634225277080e-03 
2016  10   9  19   0   0  1.7008143099888527e-03 
2016  10   9  19  30   0  1.9675660774669860e-03 
2016  10   9  20   0   0  2.4683108736494688e-03 
2016  10   9  20  30   0  2.4927560507519960e-03 
2016  10   9  21   0   0  2.4331798352148063e-03 
2016  10   9  21  30   0  2.4533700153161883e-03 
2016  10   9  22   0   0  2.3967671912732752e-03 
2016  10   9  22  30   0  2.2926050201159493e-03 
2016  10   9  23   0   0  2.1996829279754839e-03 
2016  10   9  23  30   0  2.1853265867466417e-03 
2016  10  10   0   0   0  2.2527442677652094e-03 
2016  10  10   0  30   0  2.3232676363270600e-03 
2016  10  10   1   0   0  2.3249120440868606e-03 
2016  10  10   1  30   0  2.4928481140161374e-03 
2016  10  10   2   0   0  2.4873890042605147e-03 
2016  10  10   2  30   0  2.2134568203336560e-03 
2016  10  10   3   0   0  2.1416793146419142e-03 
2016  10  10   3  30   0  2.2053037730218250e-03 
2016  10  10   4   0   0  2.4202224968216677e-03 
2016  10  10   4  30   0  2.0394372603315058e-03 
2016  10  10   5   0   0  1.8589034335662906e-03 
2016  10  10   5  30   0  1.8617723057125671e-03 
2016  10  10   6   0   0  1.9419883236565707e-03 
2016  10  10   6  30   0  1.9354989370767284e-03 
2016  10  10   7   0   0  1.9196355036685201e-03 
2016  10  10   7  30   0  1.9139290668675536e-03 
2016  10  10   8   0   0  1.9092186470413258e-03 
2016  10  10   8  30   0  1.9377415663363751e-03 
2016  10  10   9   0   0  1.9922036189647329e-03 
2016  10  10   9  30   0  2.3657491429794767e-03 
2016  10  10  10   0   0  2.2210154610767343e-03 
2016  10  10  10  30   0  2.3285886844709616e-03 
2016  10  10  11   0   0  2.5468392710790233e-03 
2016  10  10  11  30   0  2.8271278296156934e-03 
2016  10  10  12   0   0  3.0576885238644122e-03 
2016  10  10  12  30   0  3.3788040737379693e-03 
2016  10  10  13   0   0  3.6832729948555491e-03 
2016  10  10  13  30   0  3.9119132765063503e-03 
2016  10  10  14   0   0  3.9600209841380045e-03 
2016  10  10  14  30   0  3.8259776119402003e-03 
2016  10  10  15   0   0  3.7506397078074065e-03 
2016  10  10  15  30   0  3.6247030682733552e-03 
2016  10  10  16   0   0  3.4992412987571498e-03 
2016  10  10  16  30   0  3.3199767949669370e-03 
2016  10  10  17   0   0  3.3362737248909691e-03 
2016  10  10  17  30   0  3.2771027655705298e-03 
2016  10  10  18   0   0  3.1290247654024617e-03 
2016  10  10  18  30   0  2.9807740020491454e-03 
2016  10  10  19   0   0  2.9816119566313487e-03 
2016  10  10  19  30   0  3.0479324043534489e-03 
2016  10  10  20   0   0  2.9230412744176430e-03 
2016  10  10  20  30   0  3.0853496589043662e-03 
2016  10  10  21   0   0  3.2278267073936368e-03 
2016  10  10  21  30   0  3.3890038210756261e-03 
2016  10  10  22   0   0  3.5183324165860407e-03 
2016  10  10  22  30   0  3.4675246243272644e-03 
2016  10  10  23   0   0  3.5675460117021241e-03 
2016  10  10  23  30   0  3.5878584420301340e-03 
2016  10  11   0   0   0  3.7653962105696041e-03 
2016  10  11   0  30   0  3.8718303937516890e-03 
2016  10  11   1   0   0  3.9040902149633833e-03 
2016  10  11   1  30   0  4.0254028713246183e-03 
2016  10  11   2   0   0  4.0759921177925575e-03 
2016  10  11   2  30   0  4.0078677453243847e-03 
2016  10  11   3   0   0  3.7000248825783547e-03 
2016  10  11   3  30   0  3.6256362960941290e-03 
2016  10  11   4   0   0  3.5938867134438046e-03 
2016  10  11   4  30   0  3.8197189652587806e-03 
2016  10  11   5   0   0  3.6409371019891783e-03 
2016  10  11   5  30   0  3.5194084330558801e-03 
2016  10  11   6   0   0  3.2272853312501106e-03 
2016  10  11   6  30   0  3.7615029757352026e-03 
2016  10  11   7   0   0  3.6544285086605667e-03 
2016  10  11   7  30   0  3.7444721166763261e-03 
2016  10  11   8   0   0  3.8225084610798844e-03 
2016  10  11   8  30   0  3.4813881819710608e-03 
2016  10  11   9   0   0  3.4692001685822527e-03 
2016  10  11   9  30   0  3.3963354995024736e-03 
2016  10  11  10   0   0  2.9535272389460093e-03 
2016  10  11  10  30   0  2.8158694594285858e-03 
2016  10  11  11   0   0  2.7958294523469590e-03 
2016  10  11  11  30   0  2.8815011898254716e-03 
2016  10  11  12   0   0  2.9728780361916608e-03 
2016  10  11  12  30   0  3.0884187857559385e-03 
2016  10  11  13   0   0  3.0180824508936302e-03 
2016  10  11  13  30   0  3.1354651693981141e-03 
2016  10  11  14   0   0  3.4048266514324303e-03 
2016  10  11  14  30   0  3.7713487902911371e-03 
2016  10  11  15   0   0  3.7120982563039694e-03 
2016  10  11  15  30   0  3.8995101206844474e-03 
2016  10  11  16   0   0  4.0985045712544476e-03 
2016  10  11  16  30   0  4.1615888671566121e-03 
2016  10  11  17   0   0  4.0733556741986161e-03 
2016  10  11  17  30   0  4.2436018239570498e-03 
2016  10  11  18   0   0  4.1172012510120072e-03 
2016  10  11  18  30   0  4.0627669610117248e-03 
2016  10  11  19   0   0  3.7465569251228939e-03 
2016  10  11  19  30   0  3.5562656287007432e-03 
2016  10  11  20   0   0  3.6307996496767105e-03 
2016  10  11  20  30   0  3.3703504127849909e-03 
2016  10  11  21   0   0  3.3421005724218562e-03 
2016  10  11  21  30   0  3.0057912593326685e-03 
2016  10  11  22   0   0  2.6869775008277297e-03 
2016  10  11  22  30   0  2.6951824382496813e-03 
2016  10  11  23   0   0  2.9464804667565661e-03 
2016  10  11  23  30   0  3.0286021070799062e-03 
2016  10  12   0   0   0  3.1434012259478708e-03 
2016  10  12   0  30   0  2.6641293515577910e-03 
2016  10  12   1   0   0  2.3535220850519943e-03 
2016  10  12   1  30   0  2.1353924946614562e-03 
2016  10  12   2   0   0  2.1598598440044103e-03 
2016  10  12   2  30   0  2.3031585772958865e-03 
2016  10  12   3   0   0  2.5262191082697800e-03 
2016  10  12   3  30   0  2.6239209628127896e-03 
2016  10  12   4   0   0  2.6574436081586729e-03 
2016  10  12   4  30   0  2.8075877175251476e-03 
2016  10  12   5   0   0  2.6976607082841476e-03 
2016  10  12   5  30   0  2.4988717224492868e-03 
2016  10  12   6   0   0  2.4403467155967003e-03 
2016  10  12   6  30   0  2.0766474098573824e-03 
2016  10  12   7   0   0  1.8945621284431307e-03 
2016  10  12   7  30   0  2.0748187756971423e-03 
2016  10  12   8   0   0  1.7747952990083788e-03 
2016  10  12   8  30   0  1.1357375679579395e-03 
2016  10  12   9   0   0  1.2318914143153996e-03 
2016  10  12   9  30   0  1.3918953299239655e-03 
2016  10  12  10   0   0  1.3663265197926785e-03 
2016  10  12  10  30   0  1.6085209048684675e-03 
2016  10  12  11   0   0  1.7110271416774982e-03 
2016  10  12  11  30   0  1.9507372716616662e-03 
2016  10  12  12   0   0  2.0691346138952097e-03 
2016  10  12  12  30   0  2.0777978348797267e-03 
2016  10  12  13   0   0  2.4132719783918903e-03 
2016  10  12  13  30   0  2.4395834284548956e-03 
2016  10  12  14   0   0  2.4923794493048389e-03 
2016  10  12  14  30   0  2.4336518292745655e-03 
2016  10  12  15   0   0  2.4045981098940118e-03 
2016  10  12  15  30   0  2.3621053800048876e-03 
2016  10  12  16   0   0  2.3713017334315170e-03 
2016  10  12  16  30   0  2.4674982855550230e-03 
2016  10  12  17   0   0  2.6085246050028895e-03 
2016  10  12  17  30   0  2.2919538827738009e-03 
2016  10  12  18   0   0  2.3957582553235405e-03 
2016  10  12  18  30   0  2.1155384833436352e-03 
2016  10  12  19   0   0  2.3052389941263457e-03 
2016  10  12  19  30   0  2.2157845278072668e-03 
2016  10  12  20   0   0  2.1373806381117682e-03 
2016  10  12  20  30   0  1.7383586034374161e-03 
2016  10  12  21   0   0  1.3385372467748420e-03 
2016  10  12  21  30   0  1.1187022151248867e-03 
2016  10  12  22   0   0  9.5139019631712259e-04 
2016  10  12  22  30   0  7.3940428197345146e-04 
2016  10  12  23   0   0  7.7726079506970126e-04 
2016  10  12  23  30   0  6.9716979843686760e-04 
2016  10  13   0   0   0  8.2275694415157670e-04 
2016  10  13   0  30   0  7.3090085016847884e-04 
2016  10  13   1   0   0  6.7279067528439702e-04 
2016  10  13   1  30   0  7.5460034628195799e-04 
2016  10  13   2   0   0  8.5989291177752882e-04 
2016  10  13   2  30   0  1.0981699081436085e-03 
2016  10  13   3   0   0  1.2772365035795864e-03 
2016  10  13   3  30   0  1.4089423958349005e-03 
2016  10  13   4   0   0  1.4907066314942721e-03 
2016  10  13   4  30   0  1.7402371685760886e-03 
2016  10  13   5   0   0  2.2324241055753109e-03 
2016  10  13   5  30   0  2.2293235778311237e-03 
2016  10  13   6   0   0  2.5982681336918505e-03 
2016  10  13   6  30   0  3.1320270463246467e-03 
2016  10  13   7   0   0  3.3764623653915055e-03 
2016  10  13   7  30   0  3.3393775001841681e-03 
2016  10  13   8   0   0  3.4485233922859283e-03 
2016  10  13   8  30   0  3.3205947003232747e-03 
2016  10  13   9   0   0  3.3540444644852524e-03 
2016  10  13   9  30   0  3.4334066895456731e-03 
2016  10  13  10   0   0  3.9381147028945580e-03 
2016  10  13  10  30   0  3.3836504948238965e-03 
2016  10  13  11   0   0  3.2367634135958938e-03 
2016  10  13  11  30   0  3.2377079044405154e-03 
2016  10  13  12   0   0  2.9499284062886860e-03 
2016  10  13  12  30   0  2.6318968336978897e-03 
2016  10  13  13   0   0  2.5657250724257989e-03 
2016  10  13  13  30   0  2.6816838395897270e-03 
2016  10  13  14   0   0  2.7406427621356885e-03 
2016  10  13  14  30   0  2.8122335562714941e-03 
2016  10  13  15   0   0  2.8254184613135187e-03 
2016  10  13  15  30   0  2.7771432572106132e-03 
2016  10  13  16   0   0  2.7809213142510484e-03 
2016  10  13  16  30   0  2.7976758694794246e-03 
2016  10  13  17   0   0  2.5623985532858468e-03 
2016  10  13  17  30   0  2.9096805448438705e-03 
2016  10  13  18   0   0  3.3631454342827210e-03 
2016  10  13  18  30   0  3.5627154568515875e-03 
2016  10  13  19   0   0  4.1840641208134551e-03 
2016  10  13  19  30   0  4.0018317962567211e-03 
2016  10  13  20   0   0  3.8160728617877625e-03 
2016  10  13  20  30   0  3.6956739450851651e-03 
2016  10  13  21   0   0  3.3796212564164139e-03 
2016  10  13  21  30   0  3.3476477625128996e-03 
2016  10  13  22   0   0  3.6072771347156114e-03 
2016  10  13  22  30   0  3.0585060802513810e-03 
2016  10  13  23   0   0  3.5021476917784034e-03 
2016  10  13  23  30   0  3.9951320625308583e-03 
2016  10  14   0   0   0  2.9939059789080452e-03 
2016  10  14   0  30   0  2.4262817265970071e-03 
2016  10  14   1   0   0  2.2408182904936052e-03 
2016  10  14   1  30   0  2.2520977274905446e-03 
2016  10  14   2   0   0  2.2470735197321866e-03 
2016  10  14   2  30   0  2.3034682025996917e-03 
2016  10  14   3   0   0  2.0631843423107241e-03 
2016  10  14   3  30   0  1.8553250188316033e-03 
2016  10  14   4   0   0  1.8231005250877739e-03 
2016  10  14   4  30   0  1.5978418130966835e-03 
2016  10  14   5   0   0  1.5712362819518893e-03 
2016  10  14   5  30   0  1.5828240916631613e-03 
2016  10  14   6   0   0  1.8012968809800380e-03 
2016  10  14   6  30   0  1.9557352895138206e-03 
2016  10  14   7   0   0  2.1236414554655055e-03 
2016  10  14   7  30   0  2.2910415477402695e-03 
2016  10  14   8   0   0  2.4690193536231002e-03 
2016  10  14   8  30   0  2.5114744087547450e-03 
2016  10  14   9   0   0  2.4012030288115384e-03 
2016  10  14   9  30   0  2.2648607347265353e-03 
2016  10  14  10   0   0  1.8599898587462402e-03 
2016  10  14  10  30   0  2.0157138621198253e-03 
2016  10  14  11   0   0  2.0292038312820248e-03 
2016  10  14  11  30   0  1.5239672950413930e-03 
2016  10  14  12   0   0  1.5249429703279545e-03 
2016  10  14  12  30   0  1.2402542319044881e-03 
2016  10  14  13   0   0  1.2955468108820033e-03 
2016  10  14  13  30   0  1.4483276543615082e-03 
2016  10  14  14   0   0  1.4432929724734274e-03 
2016  10  14  14  30   0  1.3021032971576468e-03 
2016  10  14  15   0   0  1.4161901793737219e-03 
2016  10  14  15  30   0  1.5124581487955160e-03 
2016  10  14  16   0   0  1.5354087906865540e-03 
2016  10  14  16  30   0  1.6467348702399311e-03 
2016  10  14  17   0   0  1.6993054732280632e-03 
2016  10  14  17  30   0  1.9579718582296013e-03 
2016  10  14  18   0   0  2.6221041915867119e-03 
2016  10  14  18  30   0  3.4119091752978308e-03 
2016  10  14  19   0   0  2.3221315909362937e-03 
2016  10  14  19  30   0  2.4631884918232799e-03 
2016  10  14  20   0   0  2.0600447501063603e-03 
2016  10  14  20  30   0  1.5150938205637323e-03 
2016  10  14  21   0   0  1.0466583316125467e-03 
2016  10  14  21  30   0  1.0327505178812394e-03 
2016  10  14  22   0   0  8.3471111929805236e-04 
2016  10  14  22  30   0  7.5621429044158404e-04 
2016  10  14  23   0   0  7.5469459705454511e-04 
2016  10  14  23  30   0  8.4271231862970283e-04 
2016  10  15   0   0   0  1.1722987347713909e-03 
2016  10  15   0  30   0  1.1762270852665434e-03 
2016  10  15   1   0   0  1.1906736049737262e-03 
2016  10  15   1  30   0  1.2730316232286278e-03 
2016  10  15   2   0   0  1.2034899306882657e-03 
2016  10  15   2  30   0  1.2045067137545459e-03 
2016  10  15   3   0   0  1.1702818238903000e-03 
2016  10  15   3  30   0  1.0306504953683110e-03 
2016  10  15   4   0   0  7.3449067436031712e-04 
2016  10  15   4  30   0  6.3883347732617360e-04 
2016  10  15   5   0   0  6.3292049510847086e-04 
2016  10  15   5  30   0  6.7855918883817428e-04 
2016  10  15   6   0   0  3.6259362008499868e-04 
2016  10  15   6  30   0  3.6171946422835496e-04 
2016  10  15   7   0   0  6.4714253746040134e-04 
2016  10  15   7  30   0  3.4497290976648472e-04 
2016  10  15   8   0   0  2.9267694482179406e-04 
2016  10  15   8  30   0  2.7199115563964220e-04 
2016  10  15   9   0   0  4.4516049111410397e-04 
2016  10  15   9  30   0  9.7094312047691343e-04 
2016  10  15  10   0   0  3.5241715319452477e-04 
2016  10  15  10  30   0  2.6906107554138051e-04 
2016  10  15  11   0   0  2.8104488141136592e-04 
2016  10  15  11  30   0  2.4155634138996578e-04 
2016  10  15  12   0   0  3.8626106508340952e-04 
2016  10  15  12  30   0  4.8540737592793980e-04 
2016  10  15  13   0   0  5.4164043793420780e-04 
2016  10  15  13  30   0  8.1219184272026529e-04 
2016  10  15  14   0   0  9.2548696958165433e-04 
2016  10  15  14  30   0  9.9260371309598319e-04 
2016  10  15  15   0   0  1.2409711639518788e-03 
2016  10  15  15  30   0  1.4006125001365731e-03 
2016  10  15  16   0   0  8.9553841867919752e-04 
2016  10  15  16  30   0  8.3599359036405391e-04 
2016  10  15  17   0   0  8.4213419566519403e-04 
2016  10  15  17  30   0  8.5084583364475558e-04 
2016  10  15  18   0   0  7.7242081513614641e-04 
2016  10  15  18  30   0  7.5399742266211653e-04 
2016  10  15  19   0   0  8.6701774040918338e-04 
2016  10  15  19  30   0  1.2817665865122081e-03 
2016  10  15  20   0   0  1.6066952536125166e-03 
2016  10  15  20  30   0  2.0552619049258283e-03 
2016  10  15  21   0   0  2.0555628210345411e-03 
2016  10  15  21  30   0  2.2562974998666212e-03 
2016  10  15  22   0   0  2.2957050834529679e-03 
2016  10  15  22  30   0  2.2846781556119201e-03 
2016  10  15  23   0   0  2.3296213458391846e-03 
2016  10  15  23  30   0  2.3496258129243391e-03 
2016  10  16   0   0   0  2.3619384600042869e-03 
2016  10  16   0  30   0  2.4265889130580115e-03 
2016  10  16   1   0   0  2.2998014036700594e-03 
2016  10  16   1  30   0  2.2579305085082472e-03 
2016  10  16   2   0   0  2.2010552496334536e-03 
2016  10  16   2  30   0  2.1484517604811117e-03 
2016  10  16   3   0   0  2.1293941013032108e-03 
2016  10  16   3  30   0  2.1212583444443654e-03 
2016  10  16   4   0   0  2.4591311889876205e-03 
2016  10  16   4  30   0  2.5447349028078431e-03 
2016  10  16   5   0   0  2.6080446138200624e-03 
2016  10  16   5  30   0  2.4788624822687827e-03 
2016  10  16   6   0   0  2.4182001422748804e-03 
2016  10  16   6  30   0  2.4293158205612232e-03 
2016  10  16   7   0   0  2.7455179500944274e-03 
2016  10  16   7  30   0  3.1819692399989402e-03 
2016  10  16   8   0   0  3.3704422601824107e-03 
2016  10  16   8  30   0  3.4411646376619706e-03 
2016  10  16   9   0   0  3.3814338331495742e-03 
2016  10  16   9  30   0  2.8497134240315133e-03 
2016  10  16  10   0   0  2.4183549492446973e-03 
2016  10  16  10  30   0  2.3949222619906660e-03 
2016  10  16  11   0   0  2.2881939870495029e-03 
2016  10  16  11  30   0  2.1825836368819045e-03 
2016  10  16  12   0   0  2.2339643002311574e-03 
2016  10  16  12  30   0  2.2003145360680516e-03 
2016  10  16  13   0   0  2.3107720379773895e-03 
2016  10  16  13  30   0  2.3867612347315981e-03 
2016  10  16  14   0   0  2.5470134790321871e-03 
2016  10  16  14  30   0  2.5644526392526574e-03 
2016  10  16  15   0   0  2.6325040140652723e-03 
2016  10  16  15  30   0  2.6753650237233426e-03 
2016  10  16  16   0   0  2.3512430651647762e-03 
2016  10  16  16  30   0  2.0956633973821868e-03 
2016  10  16  17   0   0  2.5457129257349417e-03 
2016  10  16  17  30   0  2.9207314442736207e-03 
2016  10  16  18   0   0  2.2947479521849630e-03 
2016  10  16  18  30   0  2.3760860236610856e-03 
2016  10  16  19   0   0  2.1155451042038976e-03 
2016  10  16  19  30   0  2.2772417204733014e-03 
2016  10  16  20   0   0  2.4955274621060800e-03 
2016  10  16  20  30   0  2.2485467125881037e-03 
2016  10  16  21   0   0  2.3243404731197246e-03 
2016  10  16  21  30   0  2.2644301232571142e-03 
2016  10  16  22   0   0  2.1621927021804790e-03 
2016  10  16  22  30   0  2.2697425975547092e-03 
2016  10  16  23   0   0  2.3510156291683616e-03 
2016  10  16  23  30   0  2.5815226584900712e-03 
2016  10  17   0   0   0  2.3911104436380153e-03 
2016  10  17   0  30   0  2.4945364966918950e-03 
2016  10  17   1   0   0  2.4356535043793446e-03 
2016  10  17   1  30   0  2.3717766783499343e-03 
2016  10  17   2   0   0  2.3482362970194490e-03 
2016  10  17   2  30   0  2.1263178395376919e-03 
2016  10  17   3   0   0  1.9099762813505994e-03 
2016  10  17   3  30   0  1.7637406049684581e-03 
2016  10  17   4   0   0  1.7766402847159432e-03 
2016  10  17   4  30   0  1.8735102001795219e-03 
2016  10  17   5   0   0  1.9059874628674094e-03 
2016  10  17   5  30   0  1.9545681313444044e-03 
2016  10  17   6   0   0  2.0428811023721397e-03 
2016  10  17   6  30   0  2.0564531300641818e-03 
2016  10  17   7   0   0  2.0635943864834149e-03 
2016  10  17   7  30   0  2.1859193940805648e-03 
2016  10  17   8   0   0  2.3404790073497279e-03 
2016  10  17   8  30   0  2.4288406114321569e-03 
2016  10  17   9   0   0  2.5112393455091579e-03 
2016  10  17   9  30   0  2.5194559878296743e-03 
2016  10  17  10   0   0  2.6507066144940321e-03 
2016  10  17  10  30   0  2.6543126162011650e-03 
2016  10  17  11   0   0  2.7980491099411481e-03 
2016  10  17  11  30   0  2.7319097320708747e-03 
2016  10  17  12   0   0  2.7090267412190065e-03 
2016  10  17  12  30   0  2.8784897403730785e-03 
2016  10  17  13   0   0  3.0308053834015017e-03 
2016  10  17  13  30   0  2.8929666033610437e-03 
2016  10  17  14   0   0  2.9949516067326967e-03 
2016  10  17  14  30   0  3.1997890804019049e-03 
2016  10  17  15   0   0  3.1318474337482102e-03 
2016  10  17  15  30   0  3.0048477962900076e-03 
2016  10  17  16   0   0  2.9642561057518224e-03 
2016  10  17  16  30   0  3.0985449289204579e-03 
2016  10  17  17   0   0  3.0552489035354418e-03 
2016  10  17  17  30   0  2.9818689117785385e-03 
2016  10  17  18   0   0  3.0616999792208322e-03 
2016  10  17  18  30   0  3.0969075909235561e-03 
2016  10  17  19   0   0  2.9666773129216400e-03 
2016  10  17  19  30   0  2.9069214763950938e-03 
2016  10  17  20   0   0  2.8234061055696998e-03 
2016  10  17  20  30   0  2.8419914712646231e-03 
2016  10  17  21   0   0  2.7836653431518366e-03 
2016  10  17  21  30   0  2.8791643658162684e-03 
2016  10  17  22   0   0  2.9221594630276736e-03 
2016  10  17  22  30   0  2.8988085811224337e-03 
2016  10  17  23   0   0  3.0601002726268977e-03 
2016  10  17  23  30   0  3.1078245679161346e-03 
2016  10  18   0   0   0  3.5795995070142072e-03 
2016  10  18   0  30   0  3.5569579071374974e-03 
2016  10  18   1   0   0  3.6668333361482078e-03 
2016  10  18   1  30   0  3.7620900116408311e-03 
2016  10  18   2   0   0  3.8399763996894085e-03 
2016  10  18   2  30   0  3.8565501220296158e-03 
2016  10  18   3   0   0  3.9771144718447277e-03 
2016  10  18   3  30   0  4.3340555163966406e-03 
2016  10  18   4   0   0  4.4689538297502168e-03 
2016  10  18   4  30   0  4.6563201354189532e-03 
2016  10  18   5   0   0  4.7487065063589427e-03 
2016  10  18   5  30   0  4.8694623880839675e-03 
2016  10  18   6   0   0  4.9340565564694140e-03 
2016  10  18   6  30   0  5.0354275059318098e-03 
2016  10  18   7   0   0  5.1023700910742690e-03 
2016  10  18   7  30   0  5.3717954665703531e-03 
2016  10  18   8   0   0  5.5059494217658926e-03 
2016  10  18   8  30   0  5.9348407552835573e-03 
2016  10  18   9   0   0  6.4717816113254818e-03 
2016  10  18   9  30   0  6.0665903058627945e-03 
2016  10  18  10   0   0  6.1375897583391533e-03 
2016  10  18  10  30   0  6.3586388219054836e-03 
2016  10  18  11   0   0  5.7486797474263262e-03 
2016  10  18  11  30   0  5.2336185009328436e-03 
2016  10  18  12   0   0  5.2851000288122339e-03 
2016  10  18  12  30   0  5.5261560324233053e-03 
2016  10  18  13   0   0  5.8916617106985012e-03 
2016  10  18  13  30   0  6.2461893642281737e-03 
2016  10  18  14   0   0  5.9151077964181686e-03 
2016  10  18  14  30   0  5.8185697901319061e-03 
2016  10  18  15   0   0  6.0277437350813269e-03 
2016  10  18  15  30   0  5.9970616514884419e-03 
2016  10  18  16   0   0  6.1176566474091185e-03 
2016  10  18  16  30   0  5.9340712243837693e-03 
2016  10  18  17   0   0  5.7035905596571103e-03 
2016  10  18  17  30   0  5.4195203069000268e-03 
2016  10  18  18   0   0  5.1934973043256802e-03 
2016  10  18  18  30   0  4.9951611117247559e-03 
2016  10  18  19   0   0  4.9615555907150154e-03 
2016  10  18  19  30   0  5.5323055302918429e-03 
2016  10  18  20   0   0  5.6987818147276699e-03 
2016  10  18  20  30   0  5.5538215757920473e-03 
2016  10  18  21   0   0  5.6363831752635467e-03 
2016  10  18  21  30   0  1.3029642475270864e-02 
2016  10  18  22   0   0  8.0068632939469652e-03 
2016  10  18  22  30   0  5.4849135160497916e-03 
2016  10  18  23   0   0  5.6470766796610488e-03 
2016  10  18  23  30   0  5.8455307507132648e-03 
2016  10  19   0   0   0  5.9745815911220268e-03 
2016  10  19   0  30   0  6.5825050269255605e-03 
2016  10  19   1   0   0  8.3427883386544728e-03 
2016  10  19   1  30   0  1.0300628201365647e-02 
2016  10  19   2   0   0  1.1117932584951438e-02 
2016  10  19   2  30   0  8.0544034084660612e-03 
2016  10  19   3   0   0  7.3165280103338537e-03 
2016  10  19   3  30   0  7.5029762773688360e-03 
2016  10  19   4   0   0  7.8758196979217612e-03 
2016  10  19   4  30   0  1.0390252656566365e-02 
2016  10  19   5   0   0  1.3563349489603289e-02 
2016  10  19   5  30   0  1.4073360751665310e-02 
2016  10  19   6   0   0  1.2000000039233599e-02 
2016  10  19   6  30   0  1.2153625341382292e-02 
2016  10  19   7   0   0  1.2778977101072222e-02 
2016  10  19   7  30   0  1.4090504988703175e-02 
2016  10  19   8   0   0  1.6018496834770544e-02 
2016  10  19   8  30   0  1.4910343649580379e-02 
2016  10  19   9   0   0  1.4518385669740350e-02 
2016  10  19   9  30   0  9.5051288552936552e-03 
2016  10  19  10   0   0  1.2639075306179481e-02 
2016  10  19  10  30   0  1.0979360469095301e-02 
2016  10  19  11   0   0  1.0408685793164644e-02 
2016  10  19  11  30   0  1.1126764225356004e-02 
2016  10  19  12   0   0  1.0675486518886015e-02 
2016  10  19  12  30   0  1.0425086882276767e-02 
2016  10  19  13   0   0  1.0961058796529010e-02 
2016  10  19  13  30   0  1.0895762772705132e-02 
2016  10  19  14   0   0  1.1233636819706188e-02 
2016  10  19  14  30   0  1.0905339727584538e-02 
2016  10  19  15   0   0  1.1891473213176630e-02 
2016  10  19  15  30   0  1.0757778387811778e-02 
2016  10  19  16   0   0  1.0391708340158340e-02 
2016  10  19  16  30   0  1.0310569477070682e-02 
2016  10  19  17   0   0  1.0223463902972676e-02 
2016  10  19  17  30   0  1.0276977833407020e-02 
2016  10  19  18   0   0  1.3681114495654867e-02 
2016  10  19  18  30   0  1.9205818410804449e-02 
2016  10  19  19   0   0  1.3595207523466225e-02 
2016  10  19  19  30   0  1.1147058940918320e-02 
2016  10  19  20   0   0  1.1706879986226975e-02 
2016  10  19  20  30   0  1.8919890835184743e-02 
2016  10  19  21   0   0  1.6490183536382846e-02 
2016  10  19  21  30   0  2.0873448489348845e-02 
2016  10  19  22   0   0  1.7961455873341949e-02 
2016  10  19  22  30   0  1.4640683210280208e-02 
2016  10  19  23   0   0  1.5821864523757539e-02 
2016  10  19  23  30   0  1.3403277381848648e-02 
2016  10  20   0   0   0  9.8180176473350866e-03 
2016  10  20   0  30   0  9.8288541726637979e-03 
2016  10  20   1   0   0  9.8863977008331119e-03 
2016  10  20   1  30   0  9.7420205248233607e-03 
2016  10  20   2   0   0  9.6665017195534386e-03 
2016  10  20   2  30   0  9.6013922017563272e-03 
2016  10  20   3   0   0  9.6371109042155557e-03 
2016  10  20   3  30   0  9.6397034001697648e-03 
2016  10  20   4   0   0  9.7188346495399001e-03 
2016  10  20   4  30   0  9.7048908330886526e-03 
2016  10  20   5   0   0  9.4884518564327704e-03 
2016  10  20   5  30   0  9.2389008553823166e-03 
2016  10  20   6   0   0  9.0474871445343410e-03 
2016  10  20   6  30   0  8.5984119407424286e-03 
2016  10  20   7   0   0  8.5856769400361500e-03 
2016  10  20   7  30   0  8.8052531237959360e-03 
2016  10  20   8   0   0  8.6394072026151313e-03 
2016  10  20   8  30   0  8.1801673199828479e-03 
2016  10  20   9   0   0  7.9288468891059709e-03 
2016  10  20   9  30   0  7.7952932847828813e-03 
2016  10  20  10   0   0  7.7522459793115785e-03 
2016  10  20  10  30   0  7.4732999765561659e-03 
2016  10  20  11   0   0  7.5007142357415586e-03 
2016  10  20  11  30   0  7.3941275225770627e-03 
2016  10  20  12   0   0  7.3487806058194390e-03 
2016  10  20  12  30   0  7.3199107371274596e-03 
2016  10  20  13   0   0  7.3196163462630739e-03 
2016  10  20  13  30   0  7.2147155641585003e-03 
2016  10  20  14   0   0  7.0454704224371788e-03 
2016  10  20  14  30   0  7.0174226654181830e-03 
2016  10  20  15   0   0  7.0193393737902361e-03 
2016  10  20  15  30   0  6.8690923280157615e-03 
2016  10  20  16   0   0  6.7691520000076758e-03 
2016  10  20  16  30   0  6.7715062810175253e-03 
2016  10  20  17   0   0  6.6867561371171712e-03 
2016  10  20  17  30   0  6.7220322862250916e-03 
2016  10  20  18   0   0  6.7756729908907782e-03 
2016  10  20  18  30   0  6.8125166042310196e-03 
2016  10  20  19   0   0  6.9429432019868344e-03 
2016  10  20  19  30   0  6.9073286837863191e-03 
2016  10  20  20   0   0  6.6283616990138149e-03 
2016  10  20  20  30   0  6.5265805250120240e-03 
2016  10  20  21   0   0  6.6769913325814105e-03 
2016  10  20  21  30   0  6.6219469671830768e-03 
2016  10  20  22   0   0  6.7274191089916622e-03 
2016  10  20  22  30   0  6.6779559269875468e-03 
2016  10  20  23   0   0  6.6577888096382865e-03 
2016  10  20  23  30   0  6.5780488409347736e-03 
2016  10  21   0   0   0  8.0984051421719178e-03 
2016  10  21   0  30   0  7.9411086185707802e-03 
2016  10  21   1   0   0  7.8845834892385443e-03 
2016  10  21   1  30   0  7.9573543960953751e-03 
2016  10  21   2   0   0  7.7086566179982354e-03 
2016  10  21   2  30   0  7.7248273447050094e-03 
2016  10  21   3   0   0  7.8117679166387404e-03 
2016  10  21   3  30   0  7.7640733801843274e-03 
2016  10  21   4   0   0  7.8832946020302667e-03 
2016  10  21   4  30   0  7.7880585840968746e-03 
2016  10  21   5   0   0  7.9641049398873967e-03 
2016  10  21   5  30   0  8.1058730459381157e-03 
2016  10  21   6   0   0  8.4364316340306746e-03 
2016  10  21   6  30   0  8.3487614012303125e-03 
2016  10  21   7   0   0  8.9198501924085648e-03 
2016  10  21   7  30   0  8.8789870583038735e-03 
2016  10  21   8   0   0  9.0899669004763321e-03 
2016  10  21   8  30   0  8.9986021847733647e-03 
2016  10  21   9   0   0  8.9905378128239521e-03 
2016  10  21   9  30   0  8.9324269017498712e-03 
2016  10  21  10   0   0  8.5889706344731941e-03 
2016  10  21  10  30   0  8.1670920290931540e-03 
2016  10  21  11   0   0  8.1206747552015311e-03 
2016  10  21  11  30   0  7.9398552832940349e-03 
2016  10  21  12   0   0  8.3138759296333235e-03 
2016  10  21  12  30   0  8.6907600599902893e-03 
2016  10  21  13   0   0  7.8670791259729551e-03 
2016  10  21  13  30   0  7.9737773346162059e-03 
2016  10  21  14   0   0  7.6391583769211029e-03 
2016  10  21  14  30   0  7.6518171703981452e-03 
2016  10  21  15   0   0  7.5745797130170401e-03 
2016  10  21  15  30   0  7.5437161403645470e-03 
2016  10  21  16   0   0  7.3937027128330723e-03 
2016  10  21  16  30   0  7.1361545662965613e-03 
2016  10  21  17   0   0  7.1177455610550019e-03 
2016  10  21  17  30   0  7.1005529753564818e-03 
2016  10  21  18   0   0  7.2452317737086956e-03 
2016  10  21  18  30   0  7.2353232564158461e-03 
2016  10  21  19   0   0  7.0865034905886063e-03 
2016  10  21  19  30   0  6.9521349945224119e-03 
2016  10  21  20   0   0  6.6243528348996295e-03 
2016  10  21  20  30   0  6.5151038416602254e-03 
2016  10  21  21   0   0  6.9052252707399999e-03 
2016  10  21  21  30   0  7.6907685119336723e-03 
2016  10  21  22   0   0  6.6752678478243180e-03 
2016  10  21  22  30   0  6.3268168489782296e-03 
2016  10  21  23   0   0  6.2721054605778676e-03 
2016  10  21  23  30   0  6.4603179520989562e-03 
2016  10  22   0   0   0  5.7197832309641419e-03 
2016  10  22   0  30   0  5.6912567389825648e-03 
2016  10  22   1   0   0  5.9622790994869257e-03 
2016  10  22   1  30   0  7.1100533124161388e-03 
2016  10  22   2   0   0  6.9543030245989030e-03 
2016  10  22   2  30   0  6.3920394369044349e-03 
2016  10  22   3   0   0  6.5563438355853119e-03 
2016  10  22   3  30   0  6.4129639947971360e-03 
2016  10  22   4   0   0  6.2103159188252799e-03 
2016  10  22   4  30   0  6.0235728250990399e-03 
2016  10  22   5   0   0  6.2006202246423165e-03 
2016  10  22   5  30   0  6.8419675596073015e-03 
2016  10  22   6   0   0  6.9936592198514636e-03 
2016  10  22   6  30   0  7.0669991235431072e-03 
2016  10  22   7   0   0  6.9803116458762651e-03 
2016  10  22   7  30   0  6.9567503841700615e-03 
2016  10  22   8   0   0  5.5464310109791855e-03 
2016  10  22   8  30   0  5.8554233306213135e-03 
2016  10  22   9   0   0  5.4174149482443205e-03 
2016  10  22   9  30   0  5.0234228227610681e-03 
2016  10  22  10   0   0  5.0145721665101678e-03 
2016  10  22  10  30   0  5.2198482204169894e-03 
2016  10  22  11   0   0  5.3362798457135176e-03 
2016  10  22  11  30   0  5.5358511501075354e-03 
2016  10  22  12   0   0  5.6704846529328440e-03 
2016  10  22  12  30   0  5.5792744843395419e-03 
2016  10  22  13   0   0  5.5121965935710686e-03 
2016  10  22  13  30   0  5.4574070439116652e-03 
2016  10  22  14   0   0  5.1616243601528833e-03 
2016  10  22  14  30   0  5.0852450761865063e-03 
2016  10  22  15   0   0  4.9642999868060207e-03 
2016  10  22  15  30   0  5.3504096297094716e-03 
2016  10  22  16   0   0  5.6127313183706191e-03 
2016  10  22  16  30   0  6.0646256646920988e-03 
2016  10  22  17   0   0  6.5490632822797759e-03 
2016  10  22  17  30   0  7.0078717164396330e-03 
2016  10  22  18   0   0  7.2551267032437590e-03 
2016  10  22  18  30   0  7.4401613457312004e-03 
2016  10  22  19   0   0  7.6321218698522167e-03 
2016  10  22  19  30   0  7.5809876188938276e-03 
2016  10  22  20   0   0  7.5006879571039731e-03 
2016  10  22  20  30   0  7.1341567600459125e-03 
2016  10  22  21   0   0  6.9290021737536392e-03 
2016  10  22  21  30   0  6.8141706347020561e-03 
2016  10  22  22   0   0  6.7183185970689594e-03 
2016  10  22  22  30   0  6.9746949294004646e-03 
2016  10  22  23   0   0  6.5023043004305272e-03 
2016  10  22  23  30   0  6.0711714268599616e-03 
2016  10  23   0   0   0  4.9637338117417855e-03 
2016  10  23   0  30   0  5.0849591612655357e-03 
2016  10  23   1   0   0  5.1389817305866666e-03 
2016  10  23   1  30   0  4.6230912388571912e-03 
2016  10  23   2   0   0  4.3065479021348798e-03 
2016  10  23   2  30   0  4.0768673806317289e-03 
2016  10  23   3   0   0  3.9672360616172337e-03 
2016  10  23   3  30   0  3.7427988543122315e-03 
2016  10  23   4   0   0  3.6652009312939473e-03 
2016  10  23   4  30   0  3.5983306754469053e-03 
2016  10  23   5   0   0  4.0233011458595432e-03 
2016  10  23   5  30   0  3.4485135114260134e-03 
2016  10  23   6   0   0  3.2369568301322182e-03 
2016  10  23   6  30   0  3.1995713550237773e-03 
2016  10  23   7   0   0  3.4430194533802139e-03 
2016  10  23   7  30   0  3.0948075106240506e-03 
2016  10  23   8   0   0  3.1252744942405560e-03 
2016  10  23   8  30   0  3.3968987510784930e-03 
2016  10  23   9   0   0  3.6870580993792305e-03 
2016  10  23   9  30   0  3.9253976112281225e-03 
2016  10  23  10   0   0  4.0760951500049946e-03 
2016  10  23  10  30   0  4.2114266314466882e-03 
2016  10  23  11   0   0  4.2548960679629853e-03 
2016  10  23  11  30   0  4.3152884324083266e-03 
2016  10  23  12   0   0  4.4696972532584801e-03 
2016  10  23  12  30   0  4.4215241715505312e-03 
2016  10  23  13   0   0  4.3300148069470006e-03 
2016  10  23  13  30   0  4.3657057385563594e-03 
2016  10  23  14   0   0  4.3591775711349845e-03 
2016  10  23  14  30   0  4.2619955885271404e-03 
2016  10  23  15   0   0  4.2960970141669710e-03 
2016  10  23  15  30   0  4.1752174992258110e-03 
2016  10  23  16   0   0  4.2088177806000847e-03 
2016  10  23  16  30   0  4.2749601592131968e-03 
2016  10  23  17   0   0  4.3967395633682923e-03 
2016  10  23  17  30   0  4.6196478024202762e-03 
2016  10  23  18   0   0  4.9211988815235589e-03 
2016  10  23  18  30   0  5.1842415004048062e-03 
2016  10  23  19   0   0  5.3738196339603523e-03 
2016  10  23  19  30   0  5.7002499512396523e-03 
2016  10  23  20   0   0  5.8658391427784387e-03 
2016  10  23  20  30   0  5.8477573620428639e-03 
2016  10  23  21   0   0  5.9240561904665917e-03 
2016  10  23  21  30   0  6.0333174805743120e-03 
2016  10  23  22   0   0  6.1188148087528938e-03 
2016  10  23  22  30   0  6.2508470229855210e-03 
2016  10  23  23   0   0  6.2720393152750093e-03 
2016  10  23  23  30   0  6.2101022888935787e-03 
2016  10  24   0   0   0  8.3400027363739748e-03 
2016  10  24   0  30   0  8.1396575968928804e-03 
2016  10  24   1   0   0  8.2077489726185508e-03 
2016  10  24   1  30   0  7.9538184688068211e-03 
2016  10  24   2   0   0  7.5905316924140490e-03 
2016  10  24   2  30   0  7.7971491029071027e-03 
2016  10  24   3   0   0  8.0822976131847274e-03 
2016  10  24   3  30   0  8.1936760801208045e-03 
2016  10  24   4   0   0  8.2432889804306530e-03 
2016  10  24   4  30   0  8.2603095431918842e-03 
2016  10  24   5   0   0  8.4175419002751016e-03 
2016  10  24   5  30   0  8.5627171618212154e-03 
2016  10  24   6   0   0  8.6223846428530627e-03 
2016  10  24   6  30   0  8.7066383181600947e-03 
2016  10  24   7   0   0  8.7439854277718936e-03 
2016  10  24   7  30   0  8.7561032687979313e-03 
2016  10  24   8   0   0  8.6878889756483099e-03 
2016  10  24   8  30   0  9.2229597333994325e-03 
2016  10  24   9   0   0  9.4137001661434312e-03 
2016  10  24   9  30   0  9.1413974266306187e-03 
2016  10  24  10   0   0  8.8585916009902618e-03 
2016  10  24  10  30   0  8.7972027030606813e-03 
2016  10  24  11   0   0  8.8013564468028809e-03 
2016  10  24  11  30   0  8.9946391404803899e-03 
2016  10  24  12   0   0  8.9283364497025845e-03 
2016  10  24  12  30   0  8.6108476092076700e-03 
2016  10  24  13   0   0  8.3248886393157938e-03 
2016  10  24  13  30   0  8.1756079641094673e-03 
2016  10  24  14   0   0  7.9644738415820468e-03 
2016  10  24  14  30   0  7.8065214292242415e-03 
2016  10  24  15   0   0  7.8175590279032387e-03 
2016  10  24  15  30   0  7.7805262240007965e-03 
2016  10  24  16   0   0  7.7222941366203758e-03 
2016  10  24  16  30   0  8.0252606361585540e-03 
2016  10  24  17   0   0  7.8680022890405092e-03 
2016  10  24  17  30   0  7.9316373714409631e-03 
2016  10  24  18   0   0  7.8750975619816532e-03 
2016  10  24  18  30   0  7.9354424873241663e-03 
2016  10  24  19   0   0  7.8790531751555485e-03 
2016  10  24  19  30   0  8.0086797732101585e-03 
2016  10  24  20   0   0  7.9952766983753878e-03 
2016  10  24  20  30   0  7.8606212996920749e-03 
2016  10  24  21   0   0  7.6975448664724066e-03 
2016  10  24  21  30   0  7.7804621130956458e-03 
2016  10  24  22   0   0  7.8416111805858328e-03 
2016  10  24  22  30   0  8.0614889484235484e-03 
2016  10  24  23   0   0  8.1698117823998957e-03 
2016  10  24  23  30   0  8.1386703295527312e-03 
2016  10  25   0   0   0  8.2290643142176774e-03 
2016  10  25   0  30   0  8.1721306876513279e-03 
2016  10  25   1   0   0  8.0570735822602570e-03 
2016  10  25   1  30   0  8.0037321379781284e-03 
2016  10  25   2   0   0  7.7630167169014143e-03 
2016  10  25   2  30   0  7.6655796194034214e-03 
2016  10  25   3   0   0  7.6477756835548073e-03 
2016  10  25   3  30   0  7.7268625333465285e-03 
2016  10  25   4   0   0  7.9662986691259163e-03 
2016  10  25   4  30   0  8.1989061537206896e-03 
2016  10  25   5   0   0  8.3804154972194275e-03 
2016  10  25   5  30   0  8.2736738760065369e-03 
2016  10  25   6   0   0  8.4226251501775748e-03 
2016  10  25   6  30   0  8.4806551241806902e-03 
2016  10  25   7   0   0  8.4204006496065228e-03 
2016  10  25   7  30   0  8.4430259254722889e-03 
2016  10  25   8   0   0  8.5000617148754069e-03 
2016  10  25   8  30   0  8.5963902861722029e-03 
2016  10  25   9   0   0  8.6818257121855213e-03 
2016  10  25   9  30   0  8.9107286577272821e-03 
2016  10  25  10   0   0  9.0770576919863774e-03 
2016  10  25  10  30   0  9.5968320704080817e-03 
2016  10  25  11   0   0  9.8266332434574690e-03 
2016  10  25  11  30   0  9.6332217183834161e-03 
2016  10  25  12   0   0  9.5780545267608527e-03 
2016  10  25  12  30   0  9.4079431276703294e-03 
2016  10  25  13   0   0  9.1309958674177343e-03 
2016  10  25  13  30   0  8.6400688316749900e-03 
2016  10  25  14   0   0  8.5138870619090191e-03 
2016  10  25  14  30   0  7.9506249194562298e-03 
2016  10  25  15   0   0  7.7272328074167312e-03 
2016  10  25  15  30   0  7.8350932167173815e-03 
2016  10  25  16   0   0  7.7658777597900538e-03 
2016  10  25  16  30   0  7.7455897152599248e-03 
2016  10  25  17   0   0  7.5623621119258154e-03 
2016  10  25  17  30   0  7.3484931473540372e-03 
2016  10  25  18   0   0  7.1483047296899294e-03 
2016  10  25  18  30   0  7.2070189393880386e-03 
2016  10  25  19   0   0  6.9505041981083949e-03 
2016  10  25  19  30   0  7.3002603627272174e-03 
2016  10  25  20   0   0  6.6893962540026143e-03 
2016  10  25  20  30   0  6.4998832069458152e-03 
2016  10  25  21   0   0  6.9710946798665829e-03 
2016  10  25  21  30   0  7.5587910208547108e-03 
2016  10  25  22   0   0  8.3827070391984428e-03 
2016  10  25  22  30   0  7.7548499368105782e-03 
2016  10  25  23   0   0  7.6083232812251310e-03 
2016  10  25  23  30   0  8.0203361119745194e-03 
2016  10  26   0   0   0  8.1177240399794293e-03 
2016  10  26   0  30   0  8.3769305210167500e-03 
2016  10  26   1   0   0  8.7258811995898685e-03 
2016  10  26   1  30   0  8.4654546172452157e-03 
2016  10  26   2   0   0  7.8357470374068663e-03 
2016  10  26   2  30   0  7.1938987891226377e-03 
2016  10  26   3   0   0  6.5533552769812030e-03 
2016  10  26   3  30   0  6.3431197729318439e-03 
2016  10  26   4   0   0  5.9289486953354141e-03 
2016  10  26   4  30   0  5.9621818463827924e-03 
2016  10  26   5   0   0  5.9639358361453475e-03 
2016  10  26   5  30   0  5.8788332818906046e-03 
2016  10  26   6   0   0  5.8487984956247328e-03 
2016  10  26   6  30   0  6.0821898515804954e-03 
2016  10  26   7   0   0  6.1522342842563220e-03 
2016  10  26   7  30   0  5.9203296944482335e-03 
2016  10  26   8   0   0  5.6849552023944781e-03 
2016  10  26   8  30   0  5.0414427137674897e-03 
2016  10  26   9   0   0  4.8215370354508236e-03 
2016  10  26   9  30   0  5.1092361266464777e-03 
2016  10  26  10   0   0  5.7631790550956201e-03 
2016  10  26  10  30   0  6.0456399892446699e-03 
2016  10  26  11   0   0  6.1751258616306679e-03 
2016  10  26  11  30   0  6.2004827561367402e-03 
2016  10  26  12   0   0  6.2349937227016696e-03 
2016  10  26  12  30   0  7.1079669162073707e-03 
2016  10  26  13   0   0  6.7869405837740612e-03 
2016  10  26  13  30   0  6.5807250715508893e-03 
2016  10  26  14   0   0  6.3762297933209755e-03 
2016  10  26  14  30   0  6.1695218520886452e-03 
2016  10  26  15   0   0  5.9749852272023502e-03 
2016  10  26  15  30   0  5.7747426150117432e-03 
2016  10  26  16   0   0  5.4977413281739633e-03 
2016  10  26  16  30   0  5.5011314141820370e-03 
2016  10  26  17   0   0  5.5650060437355282e-03 
2016  10  26  17  30   0  6.3461556905900938e-03 
2016  10  26  18   0   0  6.9701840881478492e-03 
2016  10  26  18  30   0  7.6204689985227966e-03 
2016  10  26  19   0   0  6.1967869886394161e-03 
2016  10  26  19  30   0  7.6894883566021206e-03 
2016  10  26  20   0   0  7.4080124029346599e-03 
2016  10  26  20  30   0  7.4027247743908764e-03 
2016  10  26  21   0   0  6.5175044220268583e-03 
2016  10  26  21  30   0  6.2754593663599274e-03 
2016  10  26  22   0   0  6.3595821555335556e-03 
2016  10  26  22  30   0  6.8752745300872907e-03 
2016  10  26  23   0   0  7.3165851451809649e-03 
2016  10  26  23  30   0  7.8606594473979406e-03 
2016  10  27   0   0   0  8.0044426739035897e-03 
2016  10  27   0  30   0  7.7969740022372286e-03 
2016  10  27   1   0   0  7.6813767535488407e-03 
2016  10  27   1  30   0  7.6125482338836878e-03 
2016  10  27   2   0   0  7.2979543543149747e-03 
2016  10  27   2  30   0  7.2862071774696009e-03 
2016  10  27   3   0   0  7.0377926383634118e-03 
2016  10  27   3  30   0  6.9158795629572639e-03 
2016  10  27   4   0   0  6.7966471058780670e-03 
2016  10  27   4  30   0  6.6488942030472091e-03 
2016  10  27   5   0   0  6.4272283385226744e-03 
2016  10  27   5  30   0  6.5930649916586112e-03 
2016  10  27   6   0   0  6.2966226112753515e-03 
2016  10  27   6  30   0  6.1964174015955407e-03 
2016  10  27   7   0   0  5.9491840452625773e-03 
2016  10  27   7  30   0  5.6511201785179651e-03 
2016  10  27   8   0   0  5.3986098435304473e-03 
2016  10  27   8  30   0  4.9845139601502842e-03 
2016  10  27   9   0   0  4.6138109581719622e-03 
2016  10  27   9  30   0  4.5115157581787227e-03 
2016  10  27  10   0   0  4.4496497263106921e-03 
2016  10  27  10  30   0  4.5261223851052867e-03 
2016  10  27  11   0   0  4.1477737395872504e-03 
2016  10  27  11  30   0  3.5224699237698474e-03 
2016  10  27  12   0   0  2.9794772709271331e-03 
2016  10  27  12  30   0  2.5868197045894074e-03 
2016  10  27  13   0   0  2.3118558755388769e-03 
2016  10  27  13  30   0  2.0348681901715261e-03 
2016  10  27  14   0   0  1.6714200227408538e-03 
2016  10  27  14  30   0  1.5440964201185005e-03 
2016  10  27  15   0   0  1.8092296864164999e-03 
2016  10  27  15  30   0  1.9115340151588959e-03 
2016  10  27  16   0   0  2.1325506767906595e-03 
2016  10  27  16  30   0  2.1973530632811698e-03 
2016  10  27  17   0   0  2.5386858512498780e-03 
2016  10  27  17  30   0  2.4535290297216373e-03 
2016  10  27  18   0   0  2.4266797633264404e-03 
2016  10  27  18  30   0  2.3154711460195375e-03 
2016  10  27  19   0   0  2.2780910396943336e-03 
2016  10  27  19  30   0  2.4795917532463843e-03 
2016  10  27  20   0   0  2.4512076589344920e-03 
2016  10  27  20  30   0  2.8131641320219623e-03 
2016  10  27  21   0   0  3.4093683646684611e-03 
2016  10  27  21  30   0  3.9982718874850753e-03 
2016  10  27  22   0   0  4.4507723175133268e-03 
2016  10  27  22  30   0  4.8554870839515154e-03 
2016  10  27  23   0   0  4.6403482534514264e-03 
2016  10  27  23  30   0  4.2739571445704573e-03 
2016  10  28   0   0   0  3.7871233070464259e-03 
2016  10  28   0  30   0  3.8758155970181757e-03 
2016  10  28   1   0   0  3.9436034190171764e-03 
2016  10  28   1  30   0  3.8686587110338582e-03 
2016  10  28   2   0   0  3.6019693234404094e-03 
2016  10  28   2  30   0  3.3310655354758267e-03 
2016  10  28   3   0   0  2.9857182711993616e-03 
2016  10  28   3  30   0  2.5745230075877820e-03 
2016  10  28   4   0   0  2.1878507619858874e-03 
2016  10  28   4  30   0  1.8225279103238935e-03 
2016  10  28   5   0   0  1.3934106737998045e-03 
2016  10  28   5  30   0  1.1184771033044070e-03 
2016  10  28   6   0   0  9.4245817428477159e-04 
2016  10  28   6  30   0  9.0731839277413229e-04 
2016  10  28   7   0   0  1.0552892048132948e-03 
2016  10  28   7  30   0  1.0300755677101184e-03 
2016  10  28   8   0   0  1.2097578056765508e-03 
2016  10  28   8  30   0  1.6859257803392804e-03 
2016  10  28   9   0   0  1.7958342219436265e-03 
2016  10  28   9  30   0  1.7828483990338583e-03 
2016  10  28  10   0   0  2.0736445946560205e-03 
2016  10  28  10  30   0  2.2976643161593960e-03 
2016  10  28  11   0   0  2.3503126582423059e-03 
2016  10  28  11  30   0  2.6719971597168437e-03 
2016  10  28  12   0   0  2.8629067489826352e-03 
2016  10  28  12  30   0  2.7537901340172447e-03 
2016  10  28  13   0   0  2.6855163537950495e-03 
2016  10  28  13  30   0  2.1785884729234309e-03 
2016  10  28  14   0   0  2.6646526532137700e-03 
2016  10  28  14  30   0  2.7799786618409464e-03 
2016  10  28  15   0   0  2.2053034385448433e-03 
2016  10  28  15  30   0  1.7261079447041558e-03 
2016  10  28  16   0   0  1.7097149099525282e-03 
2016  10  28  16  30   0  2.1247495998358793e-03 
2016  10  28  17   0   0  2.1420178902813148e-03 
2016  10  28  17  30   0  2.2297474304035650e-03 
2016  10  28  18   0   0  1.7920116472826565e-03 
2016  10  28  18  30   0  1.0360948902659651e-03 
2016  10  28  19   0   0  1.0062464019658976e-03 
2016  10  28  19  30   0  8.3161680094176959e-04 
2016  10  28  20   0   0  7.1699832049516897e-04 
2016  10  28  20  30   0  5.8794832975331626e-04 
2016  10  28  21   0   0  6.2960130324339646e-04 
2016  10  28  21  30   0  5.4033809476817087e-04 
2016  10  28  22   0   0  5.7452528953789333e-04 
2016  10  28  22  30   0  5.3403639190514743e-04 
2016  10  28  23   0   0  6.0786271844989303e-04 
2016  10  28  23  30   0  9.1035769855594799e-04 
2016  10  29   0   0   0  1.2263313411496606e-03 
2016  10  29   0  30   0  1.4092917224817535e-03 
2016  10  29   1   0   0  1.4089515944541815e-03 
2016  10  29   1  30   0  1.3575500941372359e-03 
2016  10  29   2   0   0  1.2158555910398402e-03 
2016  10  29   2  30   0  1.1055529788034967e-03 
2016  10  29   3   0   0  1.0280444057939914e-03 
2016  10  29   3  30   0  1.0983125021707405e-03 
2016  10  29   4   0   0  9.8030878059137392e-04 
2016  10  29   4  30   0  9.7163780907454707e-04 
2016  10  29   5   0   0  8.9293490205529348e-04 
2016  10  29   5  30   0  8.8216047672861795e-04 
2016  10  29   6   0   0  9.1551651307847934e-04 
2016  10  29   6  30   0  9.7464800056397763e-04 
2016  10  29   7   0   0  9.6359060147903895e-04 
2016  10  29   7  30   0  1.0279765179224882e-03 
2016  10  29   8   0   0  1.0221657922753933e-03 
2016  10  29   8  30   0  9.5316159343575377e-04 
2016  10  29   9   0   0  1.3856511849203914e-03 
2016  10  29   9  30   0  1.3855524762579514e-03 
2016  10  29  10   0   0  4.9915315488424138e-03 
2016  10  29  10  30   0  2.3413801331075407e-03 
2016  10  29  11   0   0  1.8282113419925395e-03 
2016  10  29  11  30   0  2.0868671975612955e-03 
2016  10  29  12   0   0  1.8249140422514657e-03 
2016  10  29  12  30   0  1.7029738461155546e-03 
2016  10  29  13   0   0  2.1081607792674886e-03 
2016  10  29  13  30   0  1.9479402211546890e-03 
2016  10  29  14   0   0  1.8411139129811489e-03 
2016  10  29  14  30   0  2.0558693512020033e-03 
2016  10  29  15   0   0  2.0079853502292435e-03 
2016  10  29  15  30   0  1.9564383363279369e-03 
2016  10  29  16   0   0  2.4191114773368752e-03 
2016  10  29  16  30   0  2.8112059250299313e-03 
2016  10  29  17   0   0  2.7838877506697955e-03 
2016  10  29  17  30   0  2.4667262565326248e-03 
2016  10  29  18   0   0  2.2542420340782030e-03 
2016  10  29  18  30   0  2.2245029509204589e-03 
2016  10  29  19   0   0  2.0699793440935254e-03 
2016  10  29  19  30   0  1.6465854288633451e-03 
2016  10  29  20   0   0  1.4143291982867112e-03 
2016  10  29  20  30   0  1.4565713065597891e-03 
2016  10  29  21   0   0  1.1408548874481382e-03 
2016  10  29  21  30   0  9.5425977301589701e-04 
2016  10  29  22   0   0  8.8739357169012665e-04 
2016  10  29  22  30   0  7.3692988550465538e-04 
2016  10  29  23   0   0  8.7509490951025073e-04 
2016  10  29  23  30   0  9.0559827009687062e-04 
2016  10  30   0   0   0  9.1030480800688321e-04 
2016  10  30   0  30   0  8.6799057610382644e-04 
2016  10  30   1   0   0  9.1652877105963487e-04 
2016  10  30   1  30   0  9.1360521960026002e-04 
2016  10  30   2   0   0  7.5191171696248826e-04 
2016  10  30   2  30   0  7.7095553167861903e-04 
2016  10  30   3   0   0  5.0284799736147027e-04 
2016  10  30   3  30   0  3.0530817491947930e-04 
2016  10  30   4   0   0  2.7370263254501004e-04 
2016  10  30   4  30   0  5.2846909479403650e-04 
2016  10  30   5   0   0  6.8313467398258573e-04 
2016  10  30   5  30   0  6.8041999032953152e-04 
2016  10  30   6   0   0  6.8931943947136314e-04 
2016  10  30   6  30   0  6.5904059785191972e-04 
2016  10  30   7   0   0  7.1519170407165515e-04 
2016  10  30   7  30   0  7.7130011436147661e-04 
2016  10  30   8   0   0  7.5132337170576082e-04 
2016  10  30   8  30   0  7.6640211291686847e-04 
2016  10  30   9   0   0  7.4653983666506075e-04 
2016  10  30   9  30   0  6.8417982180298941e-04 
2016  10  30  10   0   0  6.6148200017403897e-04 
2016  10  30  10  30   0  5.2441227321121399e-04 
2016  10  30  11   0   0  5.4843729180189648e-04 
2016  10  30  11  30   0  6.2136447755823776e-04 
2016  10  30  12   0   0  6.4622460038938039e-04 
2016  10  30  12  30   0  6.5820996408052970e-04 
2016  10  30  13   0   0  7.7757500336410226e-04 
2016  10  30  13  30   0  8.1389933446214427e-04 
2016  10  30  14   0   0  8.3908643795586424e-04 
2016  10  30  14  30   0  8.2932815118781091e-04 
2016  10  30  15   0   0  8.5365229387643262e-04 
2016  10  30  15  30   0  8.4006835821332079e-04 
2016  10  30  16   0   0  8.3870950511248166e-04 
2016  10  30  16  30   0  9.8042050076380116e-04 
2016  10  30  17   0   0  9.2004277971918498e-04 
2016  10  30  17  30   0  8.7681865780886664e-04 
2016  10  30  18   0   0  6.9314721263133688e-04 
2016  10  30  18  30   0  6.2339552535170106e-04 
2016  10  30  19   0   0  6.0135176213162731e-04 
2016  10  30  19  30   0  5.9555178927317789e-04 
2016  10  30  20   0   0  6.1255509109039790e-04 
2016  10  30  20  30   0  6.8294954631569285e-04 
2016  10  30  21   0   0  7.0212183651612730e-04 
2016  10  30  21  30   0  5.6621591008347398e-04 
2016  10  30  22   0   0  4.5190669686472296e-04 
2016  10  30  22  30   0  4.4110629050155285e-04 
2016  10  30  23   0   0  5.5366770966568536e-04 
2016  10  30  23  30   0  5.5107471059345791e-04 
2016  10  31   0   0   0  5.5378307339079970e-04 
2016  10  31   0  30   0  5.3756821147318780e-04 
2016  10  31   1   0   0  5.1751539636599522e-04 
2016  10  31   1  30   0  4.9091601194299725e-04 
2016  10  31   2   0   0  4.9762424627998469e-04 
2016  10  31   2  30   0  6.4645609691642183e-04 
2016  10  31   3   0   0  7.6489970586091310e-04 
2016  10  31   3  30   0  7.5001405016155635e-04 
2016  10  31   4   0   0  7.7851712167462280e-04 
2016  10  31   4  30   0  8.3258572159729586e-04 
2016  10  31   5   0   0  9.3415888991392351e-04 
2016  10  31   5  30   0  1.0909583455148584e-03 
2016  10  31   6   0   0  1.1729636733909675e-03 
2016  10  31   6  30   0  1.2714818639423817e-03 
2016  10  31   7   0   0  1.3740228663469175e-03 
2016  10  31   7  30   0  1.3916373962010494e-03 
2016  10  31   8   0   0  1.4102520435167480e-03 
2016  10  31   8  30   0  1.5589563894110906e-03 
2016  10  31   9   0   0  1.4121779511494647e-03 
2016  10  31   9  30   0  1.4674411638818277e-03 
2016  10  31  10   0   0  1.5973377767383190e-03 
2016  10  31  10  30   0  1.6061417431770333e-03 
2016  10  31  11   0   0  1.6187533475281160e-03 
2016  10  31  11  30   0  1.6257167614468328e-03 
2016  10  31  12   0   0  1.6040644362077475e-03 
2016  10  31  12  30   0  1.5772080764020978e-03 
2016  10  31  13   0   0  1.5286195134999550e-03 
2016  10  31  13  30   0  1.6139819531966388e-03 
2016  10  31  14   0   0  1.5835478260342022e-03 
2016  10  31  14  30   0  1.4064771430843700e-03 
2016  10  31  15   0   0  1.2265498843201366e-03 
2016  10  31  15  30   0  1.3230370245287512e-03 
2016  10  31  16   0   0  1.3593746234280891e-03 
2016  10  31  16  30   0  1.3438142984528107e-03 
2016  10  31  17   0   0  1.2967069267107167e-03 
2016  10  31  17  30   0  1.2430727012883234e-03 
2016  10  31  18   0   0  1.6068969215301350e-03 
2016  10  31  18  30   0  1.7221090969794315e-03 
2016  10  31  19   0   0  1.8375866209674723e-03 
2016  10  31  19  30   0  1.9878799128316012e-03 
2016  10  31  20   0   0  2.0367007751831913e-03 
2016  10  31  20  30   0  2.3892981873631534e-03 
2016  10  31  21   0   0  2.3307305758673274e-03 
2016  10  31  21  30   0  2.4751269988097708e-03 
2016  10  31  22   0   0  2.3760996394706015e-03 
2016  10  31  22  30   0  2.3754124473529762e-03 
2016  10  31  23   0   0  2.2044792490208058e-03 
2016  10  31  23  30   0  1.9182735153953957e-03 
2016  11   1   0   0   0  1.9182735153953957e-03 
