   0   0   0   0   0   0  0.000267 
2016   8   1   0   0   0  2.6742238782601942e-04 
2016   8   1   0  30   0  2.8419946689702989e-04 
2016   8   1   1   0   0  3.1323536828995851e-04 
2016   8   1   1  30   0  3.3547778258016130e-04 
2016   8   1   2   0   0  3.6527943896062586e-04 
2016   8   1   2  30   0  3.8083642897459278e-04 
2016   8   1   3   0   0  3.9050964179912495e-04 
2016   8   1   3  30   0  3.8754989935798067e-04 
2016   8   1   4   0   0  4.0058428409903314e-04 
2016   8   1   4  30   0  4.0265799642907137e-04 
2016   8   1   5   0   0  4.1014230116360312e-04 
2016   8   1   5  30   0  4.0309091978149033e-04 
2016   8   1   6   0   0  3.8378678928369385e-04 
2016   8   1   6  30   0  3.3179766346158384e-04 
2016   8   1   7   0   0  2.5407714199509007e-04 
2016   8   1   7  30   0  1.9044108688824656e-04 
2016   8   1   8   0   0  1.4046132533318493e-04 
2016   8   1   8  30   0  9.6136123779849478e-05 
2016   8   1   9   0   0  4.8013245597001330e-05 
2016   8   1   9  30   0  4.0140740789627228e-06 
2016   8   1  10   0   0  3.9030634386903951e-06 
2016   8   1  10  30   0  3.2912310446968857e-06 
2016   8   1  11   0   0  3.0703433881849263e-06 
2016   8   1  11  30   0  3.4272758662894033e-06 
2016   8   1  12   0   0  3.4808907736165408e-06 
2016   8   1  12  30   0  3.3677746475442706e-06 
2016   8   1  13   0   0  3.3604819028259343e-06 
2016   8   1  13  30   0  4.1269871732415759e-06 
2016   8   1  14   0   0  4.1727936380097334e-06 
2016   8   1  14  30   0  4.0341083899203681e-06 
2016   8   1  15   0   0  3.8425519957149491e-06 
2016   8   1  15  30   0  4.0387977364276936e-06 
2016   8   1  16   0   0  4.1758541859180628e-06 
2016   8   1  16  30   0  3.9089775183899360e-06 
2016   8   1  17   0   0  3.9830179048234248e-06 
2016   8   1  17  30   0  4.6708820489402605e-06 
2016   8   1  18   0   0  4.4678291054545016e-06 
2016   8   1  18  30   0  3.5953182452497105e-06 
2016   8   1  19   0   0  3.3354937609932629e-06 
2016   8   1  19  30   0  3.0807469225225759e-06 
2016   8   1  20   0   0  1.7244016649744435e-05 
2016   8   1  20  30   0  4.1708517748211879e-05 
2016   8   1  21   0   0  3.9115801213271660e-05 
2016   8   1  21  30   0  4.4365529884374984e-05 
2016   8   1  22   0   0  7.4274575441251535e-05 
2016   8   1  22  30   0  9.8137156930316031e-05 
2016   8   1  23   0   0  9.1699519377130853e-05 
2016   8   1  23  30   0  1.2264820797780717e-04 
2016   8   2   0   0   0  8.1285306828027671e-05 
2016   8   2   0  30   0  6.5690080894380946e-05 
2016   8   2   1   0   0  7.3761405824497041e-05 
2016   8   2   1  30   0  8.7326789484785662e-05 
2016   8   2   2   0   0  8.9536950610082965e-05 
2016   8   2   2  30   0  1.1080713257564181e-04 
2016   8   2   3   0   0  1.5725508243405565e-04 
2016   8   2   3  30   0  1.6548648565523769e-04 
2016   8   2   4   0   0  1.7189622042387763e-04 
2016   8   2   4  30   0  1.9393430139683174e-04 
2016   8   2   5   0   0  2.1281959894853676e-04 
2016   8   2   5  30   0  2.1495821798204958e-04 
2016   8   2   6   0   0  2.2755966415821769e-04 
2016   8   2   6  30   0  2.3203796434891993e-04 
2016   8   2   7   0   0  2.3102609886751604e-04 
2016   8   2   7  30   0  2.3182217236971430e-04 
2016   8   2   8   0   0  2.2430719605364040e-04 
2016   8   2   8  30   0  1.9746357171768818e-04 
2016   8   2   9   0   0  1.4268336270554624e-04 
2016   8   2   9  30   0  6.1582822963795371e-05 
2016   8   2  10   0   0  9.1593006000994978e-05 
2016   8   2  10  30   0  7.3070853327551784e-05 
2016   8   2  11   0   0  4.2100630600415249e-05 
2016   8   2  11  30   0  3.8680129610096353e-05 
2016   8   2  12   0   0  2.1286651002422015e-06 
2016   8   2  12  30   0  2.4532203817349470e-06 
2016   8   2  13   0   0  2.6611586669119837e-06 
2016   8   2  13  30   0  2.9037232802739072e-06 
2016   8   2  14   0   0  3.0857157368295467e-06 
2016   8   2  14  30   0  3.4294351562240290e-06 
2016   8   2  15   0   0  3.4882479061076162e-06 
2016   8   2  15  30   0  3.6038163508230123e-06 
2016   8   2  16   0   0  3.7230432385348459e-06 
2016   8   2  16  30   0  3.6223041379028843e-06 
2016   8   2  17   0   0  3.8767455003812190e-06 
2016   8   2  17  30   0  4.3384813257181535e-06 
2016   8   2  18   0   0  4.3043130635170019e-06 
2016   8   2  18  30   0  3.8406377845955158e-06 
2016   8   2  19   0   0  4.2027183534111426e-06 
2016   8   2  19  30   0  4.3173534443589442e-06 
2016   8   2  20   0   0  4.3660999085853918e-06 
2016   8   2  20  30   0  4.1429605327042532e-06 
2016   8   2  21   0   0  4.2034669488729738e-06 
2016   8   2  21  30   0  1.3521125591243888e-05 
2016   8   2  22   0   0  2.9272666370534077e-05 
2016   8   2  22  30   0  1.6844682271967530e-05 
2016   8   2  23   0   0  5.0275484298100099e-06 
2016   8   2  23  30   0  1.6909531162266345e-05 
2016   8   3   0   0   0  4.1192296067550536e-05 
2016   8   3   0  30   0  7.0296707151156797e-05 
2016   8   3   1   0   0  9.7144718542227065e-05 
2016   8   3   1  30   0  1.1428083227539297e-04 
2016   8   3   2   0   0  1.2176600817167175e-04 
2016   8   3   2  30   0  1.2870885832882243e-04 
2016   8   3   3   0   0  1.2076662417886860e-04 
2016   8   3   3  30   0  1.1493306011506288e-04 
2016   8   3   4   0   0  1.3781963079385936e-04 
2016   8   3   4  30   0  1.5833620478483999e-04 
2016   8   3   5   0   0  1.6747818535526432e-04 
2016   8   3   5  30   0  1.7799102251752223e-04 
2016   8   3   6   0   0  1.6203757915723689e-04 
2016   8   3   6  30   0  1.3729700030963338e-04 
2016   8   3   7   0   0  1.1680256225266786e-04 
2016   8   3   7  30   0  8.9858632079987112e-05 
2016   8   3   8   0   0  5.4261210212942818e-05 
2016   8   3   8  30   0  1.5870674319060814e-05 
2016   8   3   9   0   0  3.9012890145725337e-06 
2016   8   3   9  30   0  3.9261645653498618e-06 
2016   8   3  10   0   0  4.1158145415273565e-06 
2016   8   3  10  30   0  4.2512445188005969e-06 
2016   8   3  11   0   0  4.3280502668481687e-06 
2016   8   3  11  30   0  4.0471878957532315e-06 
2016   8   3  12   0   0  3.9950901742144173e-06 
2016   8   3  12  30   0  3.9833477641903441e-06 
2016   8   3  13   0   0  3.3679735151354651e-06 
2016   8   3  13  30   0  3.5697341177281717e-06 
2016   8   3  14   0   0  3.4684015789641134e-06 
2016   8   3  14  30   0  3.7541442017012085e-06 
2016   8   3  15   0   0  3.6434349135606067e-06 
2016   8   3  15  30   0  4.3729776113498370e-06 
2016   8   3  16   0   0  4.5229433509049034e-06 
2016   8   3  16  30   0  4.4155386643917112e-06 
2016   8   3  17   0   0  4.2579215052824007e-06 
2016   8   3  17  30   0  4.6842890392820746e-06 
2016   8   3  18   0   0  4.9046661926173151e-06 
2016   8   3  18  30   0  4.4562982958497310e-06 
2016   8   3  19   0   0  4.4819459860603578e-06 
2016   8   3  19  30   0  4.4156083597298308e-06 
2016   8   3  20   0   0  4.4285845960290192e-06 
2016   8   3  20  30   0  4.2974339755026859e-06 
2016   8   3  21   0   0  4.3490818423040632e-06 
2016   8   3  21  30   0  4.4875064617886108e-06 
2016   8   3  22   0   0  4.5501775574955404e-06 
2016   8   3  22  30   0  4.5643440163024976e-06 
2016   8   3  23   0   0  4.4265863027536871e-06 
2016   8   3  23  30   0  4.2859360618258471e-06 
2016   8   4   0   0   0  4.2820619587494195e-06 
2016   8   4   0  30   0  4.0182205354154980e-06 
2016   8   4   1   0   0  3.8484044156620898e-05 
2016   8   4   1  30   0  8.5937351094448057e-05 
2016   8   4   2   0   0  8.8437613807842695e-05 
2016   8   4   2  30   0  8.3907406119485516e-05 
2016   8   4   3   0   0  9.8195153769383353e-05 
2016   8   4   3  30   0  1.2647355824863609e-04 
2016   8   4   4   0   0  1.5767981940847619e-04 
2016   8   4   4  30   0  1.4681577285844265e-04 
2016   8   4   5   0   0  1.5009414447861359e-04 
2016   8   4   5  30   0  1.5053904343422471e-04 
2016   8   4   6   0   0  1.7160211195912180e-04 
2016   8   4   6  30   0  1.5208633703047295e-04 
2016   8   4   7   0   0  1.4341143620132213e-04 
2016   8   4   7  30   0  1.2596755722041320e-04 
2016   8   4   8   0   0  1.0335016804780190e-04 
2016   8   4   8  30   0  6.7325442198918592e-05 
2016   8   4   9   0   0  3.8211837049876817e-05 
2016   8   4   9  30   0  3.3622160300899923e-06 
2016   8   4  10   0   0  3.3805924152550226e-06 
2016   8   4  10  30   0  3.4192314113349439e-06 
2016   8   4  11   0   0  4.1537919187106687e-06 
2016   8   4  11  30   0  4.0323201043706773e-06 
2016   8   4  12   0   0  4.1186002247761479e-06 
2016   8   4  12  30   0  4.4212843994767501e-06 
2016   8   4  13   0   0  4.2682840377375132e-06 
2016   8   4  13  30   0  3.9518750766187025e-06 
2016   8   4  14   0   0  4.1194961400825672e-06 
2016   8   4  14  30   0  3.2119748801034586e-06 
2016   8   4  15   0   0  3.0285729028598971e-06 
2016   8   4  15  30   0  2.7727194158498743e-06 
2016   8   4  16   0   0  2.8027629108780411e-06 
2016   8   4  16  30   0  3.0807219491714000e-06 
2016   8   4  17   0   0  3.3587592207415924e-06 
2016   8   4  17  30   0  3.6680181199012257e-06 
2016   8   4  18   0   0  3.8924610044835491e-06 
2016   8   4  18  30   0  4.0025235332611309e-06 
2016   8   4  19   0   0  4.1176501553481705e-06 
2016   8   4  19  30   0  4.1110157357888597e-06 
2016   8   4  20   0   0  3.6964205338584574e-06 
2016   8   4  20  30   0  3.5193539430632209e-06 
2016   8   4  21   0   0  3.4680385423550986e-06 
2016   8   4  21  30   0  2.6669738098707645e-06 
2016   8   4  22   0   0  1.7690726410659751e-06 
2016   8   4  22  30   0  1.6141076266358586e-06 
2016   8   4  23   0   0  1.9003823538222038e-06 
2016   8   4  23  30   0  6.5468945483788423e-06 
2016   8   5   0   0   0  2.2852188510837715e-05 
2016   8   5   0  30   0  3.1377447101148315e-05 
2016   8   5   1   0   0  2.8609581937168772e-05 
2016   8   5   1  30   0  2.8702107358679961e-05 
2016   8   5   2   0   0  4.4208750513159454e-05 
2016   8   5   2  30   0  5.6450116999518136e-05 
2016   8   5   3   0   0  4.0654486444831804e-05 
2016   8   5   3  30   0  5.1772788089061361e-05 
2016   8   5   4   0   0  6.9832728393877527e-05 
2016   8   5   4  30   0  7.5297243251288681e-05 
2016   8   5   5   0   0  7.7978599485736339e-05 
2016   8   5   5  30   0  7.5556150565380320e-05 
2016   8   5   6   0   0  4.1770337750204840e-05 
2016   8   5   6  30   0  3.7153049233379799e-05 
2016   8   5   7   0   0  3.2803709827846611e-05 
2016   8   5   7  30   0  2.9543256986468494e-05 
2016   8   5   8   0   0  1.3188202089085636e-05 
2016   8   5   8  30   0  2.3251557666704279e-06 
2016   8   5   9   0   0  2.4957432751166111e-06 
2016   8   5   9  30   0  2.7763460363124405e-06 
2016   8   5  10   0   0  2.8965985456327243e-06 
2016   8   5  10  30   0  3.0962400631644784e-06 
2016   8   5  11   0   0  3.7304904690763310e-06 
2016   8   5  11  30   0  4.2428761183136695e-06 
2016   8   5  12   0   0  4.6122971890201574e-06 
2016   8   5  12  30   0  4.8917316203473293e-06 
2016   8   5  13   0   0  5.0620992279229238e-06 
2016   8   5  13  30   0  4.5487473379341590e-06 
2016   8   5  14   0   0  4.8063019587366931e-06 
2016   8   5  14  30   0  4.9051260664871966e-06 
2016   8   5  15   0   0  4.8711427179514210e-06 
2016   8   5  15  30   0  5.1832425211507975e-06 
2016   8   5  16   0   0  4.9717795065937535e-06 
2016   8   5  16  30   0  5.0020345096766017e-06 
2016   8   5  17   0   0  4.7030568719528145e-06 
2016   8   5  17  30   0  4.5815042865672586e-06 
2016   8   5  18   0   0  4.5349040342983280e-06 
2016   8   5  18  30   0  7.0203235059004659e-06 
2016   8   5  19   0   0  9.2842335124558193e-06 
2016   8   5  19  30   0  9.6721051874701723e-06 
2016   8   5  20   0   0  7.9775979879997412e-06 
2016   8   5  20  30   0  5.9397672453036113e-06 
2016   8   5  21   0   0  5.9472149561980897e-06 
2016   8   5  21  30   0  5.5397211142059178e-06 
2016   8   5  22   0   0  5.1081645516558410e-06 
2016   8   5  22  30   0  4.9862682604356965e-06 
2016   8   5  23   0   0  5.2854624956744428e-06 
2016   8   5  23  30   0  1.6779349495502596e-05 
2016   8   6   0   0   0  1.1734940194945427e-04 
2016   8   6   0  30   0  1.3393229427524145e-04 
2016   8   6   1   0   0  1.6055895347241942e-04 
2016   8   6   1  30   0  1.8149635522842934e-04 
2016   8   6   2   0   0  2.3143206520641880e-04 
2016   8   6   2  30   0  2.4851164485494335e-04 
2016   8   6   3   0   0  2.4675103303930580e-04 
2016   8   6   3  30   0  2.7700332345031650e-04 
2016   8   6   4   0   0  3.1075960656014426e-04 
2016   8   6   4  30   0  3.1986958308500679e-04 
2016   8   6   5   0   0  3.1847380194431510e-04 
2016   8   6   5  30   0  2.7843884880665359e-04 
2016   8   6   6   0   0  2.6574929332729010e-04 
2016   8   6   6  30   0  2.1669894957273422e-04 
2016   8   6   7   0   0  1.8295233179472996e-04 
2016   8   6   7  30   0  1.3755734206032655e-04 
2016   8   6   8   0   0  7.3426888870957427e-05 
2016   8   6   8  30   0  2.8906334960694202e-05 
2016   8   6   9   0   0  4.9135328963357608e-06 
2016   8   6   9  30   0  5.1874735384809642e-06 
2016   8   6  10   0   0  4.8018382243070953e-06 
2016   8   6  10  30   0  4.7206517872703874e-06 
2016   8   6  11   0   0  4.4133804209521265e-06 
2016   8   6  11  30   0  4.7853503416833050e-06 
2016   8   6  12   0   0  4.7694868266148664e-06 
2016   8   6  12  30   0  4.5825407623727021e-06 
2016   8   6  13   0   0  4.7403204846094135e-06 
2016   8   6  13  30   0  5.4147510451035451e-06 
2016   8   6  14   0   0  5.5922601693476829e-06 
2016   8   6  14  30   0  5.6936200970802246e-06 
2016   8   6  15   0   0  1.2994707153118668e-04 
2016   8   6  15  30   0  3.6445730150366036e-04 
2016   8   6  16   0   0  4.2209090511112626e-04 
2016   8   6  16  30   0  4.3295125179811550e-04 
2016   8   6  17   0   0  4.4988139419921197e-04 
2016   8   6  17  30   0  4.9285585433688590e-04 
2016   8   6  18   0   0  5.1547083949447846e-04 
2016   8   6  18  30   0  3.8303951555220808e-04 
2016   8   6  19   0   0  3.3255260970017691e-04 
2016   8   6  19  30   0  3.3299093570261231e-04 
2016   8   6  20   0   0  3.2954235760288648e-04 
2016   8   6  20  30   0  3.4255626345492697e-04 
2016   8   6  21   0   0  3.5484227345843408e-04 
2016   8   6  21  30   0  3.9204547814820705e-04 
2016   8   6  22   0   0  4.1688840164352478e-04 
2016   8   6  22  30   0  4.7383919344529091e-04 
2016   8   6  23   0   0  5.1700296679983292e-04 
2016   8   6  23  30   0  5.6075565334606542e-04 
2016   8   7   0   0   0  5.1518611066017996e-04 
2016   8   7   0  30   0  5.1816986028949672e-04 
2016   8   7   1   0   0  6.2734028425454448e-04 
2016   8   7   1  30   0  6.4173898185102701e-04 
2016   8   7   2   0   0  6.1535767154908465e-04 
2016   8   7   2  30   0  6.3430749443102832e-04 
2016   8   7   3   0   0  6.2717357592205036e-04 
2016   8   7   3  30   0  6.2890286267700901e-04 
2016   8   7   4   0   0  5.8233150552604502e-04 
2016   8   7   4  30   0  5.7871075630590307e-04 
2016   8   7   5   0   0  5.5850988481297582e-04 
2016   8   7   5  30   0  5.5083583232709945e-04 
2016   8   7   6   0   0  5.2142288199981976e-04 
2016   8   7   6  30   0  5.3420157722757855e-04 
2016   8   7   7   0   0  5.3901575935001386e-04 
2016   8   7   7  30   0  5.3151208779218481e-04 
2016   8   7   8   0   0  4.3186379826248362e-04 
2016   8   7   8  30   0  3.2486523773995980e-04 
2016   8   7   9   0   0  2.4783772474002471e-04 
2016   8   7   9  30   0  1.5849812441337053e-04 
2016   8   7  10   0   0  8.7637393748662569e-05 
2016   8   7  10  30   0  2.6301419001619168e-05 
2016   8   7  11   0   0  4.2247836983383707e-06 
2016   8   7  11  30   0  4.2558912603485103e-06 
2016   8   7  12   0   0  4.1191906010640810e-06 
2016   8   7  12  30   0  3.5022528347698074e-06 
2016   8   7  13   0   0  3.0922423320020300e-06 
2016   8   7  13  30   0  3.2933835643761815e-06 
2016   8   7  14   0   0  3.5091397315168551e-06 
2016   8   7  14  30   0  3.8672856486026231e-06 
2016   8   7  15   0   0  3.7681489469022890e-06 
2016   8   7  15  30   0  3.6132656481962106e-06 
2016   8   7  16   0   0  3.6556608395187780e-06 
2016   8   7  16  30   0  4.1579860293944978e-06 
2016   8   7  17   0   0  4.0256731581406554e-06 
2016   8   7  17  30   0  4.5235803974731333e-06 
2016   8   7  18   0   0  4.5783630628367306e-06 
2016   8   7  18  30   0  4.2232602719997075e-06 
2016   8   7  19   0   0  4.1154142152010179e-06 
2016   8   7  19  30   0  4.1572984634097861e-06 
2016   8   7  20   0   0  4.2149512004921425e-06 
2016   8   7  20  30   0  4.3481464226419485e-06 
2016   8   7  21   0   0  1.7247413077274822e-05 
2016   8   7  21  30   0  7.5787312731907493e-05 
2016   8   7  22   0   0  1.3449091496329143e-04 
2016   8   7  22  30   0  1.9386736999483129e-04 
2016   8   7  23   0   0  2.4558690294553383e-04 
2016   8   7  23  30   0  3.0706968936978092e-04 
2016   8   8   0   0   0  3.5661993912811785e-04 
2016   8   8   0  30   0  3.9188383839083168e-04 
2016   8   8   1   0   0  4.3400075939885156e-04 
2016   8   8   1  30   0  4.1688736555144291e-04 
2016   8   8   2   0   0  4.4635914155494665e-04 
2016   8   8   2  30   0  4.5623384661437616e-04 
2016   8   8   3   0   0  4.4847555883509776e-04 
2016   8   8   3  30   0  4.5181052230335565e-04 
2016   8   8   4   0   0  4.3806426822998775e-04 
2016   8   8   4  30   0  3.9755174752341513e-04 
2016   8   8   5   0   0  3.4960343949480891e-04 
2016   8   8   5  30   0  3.3542520004182548e-04 
2016   8   8   6   0   0  3.1512873011608008e-04 
2016   8   8   6  30   0  3.0656544731229453e-04 
2016   8   8   7   0   0  2.6932871981796814e-04 
2016   8   8   7  30   0  2.1450727735645883e-04 
2016   8   8   8   0   0  1.6867240627000996e-04 
2016   8   8   8  30   0  1.3298118979806464e-04 
2016   8   8   9   0   0  5.9371642142443397e-05 
2016   8   8   9  30   0  2.7373354865329359e-05 
2016   8   8  10   0   0  5.6920441626573092e-06 
2016   8   8  10  30   0  5.5583823283282721e-06 
2016   8   8  11   0   0  5.2917741273145869e-06 
2016   8   8  11  30   0  5.0631575584772968e-06 
2016   8   8  12   0   0  5.4787155632840300e-06 
2016   8   8  12  30   0  5.2115603728148102e-06 
2016   8   8  13   0   0  5.2564226038813142e-06 
2016   8   8  13  30   0  5.4969737808334679e-06 
2016   8   8  14   0   0  5.5029038469362535e-06 
2016   8   8  14  30   0  5.3510900609176165e-06 
2016   8   8  15   0   0  5.3464641496276445e-06 
2016   8   8  15  30   0  5.0523581811016828e-06 
2016   8   8  16   0   0  4.7783961297151488e-06 
2016   8   8  16  30   0  4.8770507727391930e-06 
2016   8   8  17   0   0  4.9037787148149601e-06 
2016   8   8  17  30   0  4.8989668172670121e-06 
2016   8   8  18   0   0  2.9808882503842677e-05 
2016   8   8  18  30   0  9.9027495705108023e-05 
2016   8   8  19   0   0  1.2608973297716138e-04 
2016   8   8  19  30   0  9.7298518481972622e-05 
2016   8   8  20   0   0  1.4342429829462190e-04 
2016   8   8  20  30   0  1.9961983347117839e-04 
2016   8   8  21   0   0  2.5930702809139972e-04 
2016   8   8  21  30   0  2.7043176348182552e-04 
2016   8   8  22   0   0  2.4387215223294439e-04 
2016   8   8  22  30   0  2.4364151557648264e-04 
2016   8   8  23   0   0  3.5014636066282710e-04 
2016   8   8  23  30   0  3.9455808608533665e-04 
2016   8   9   0   0   0  4.8968681394744485e-04 
2016   8   9   0  30   0  5.0352311472316236e-04 
2016   8   9   1   0   0  4.9480973123173036e-04 
2016   8   9   1  30   0  4.9187977226428569e-04 
2016   8   9   2   0   0  5.8544295961425854e-04 
2016   8   9   2  30   0  5.7848765182495375e-04 
2016   8   9   3   0   0  5.1561118013820927e-04 
2016   8   9   3  30   0  4.1802850429493429e-04 
2016   8   9   4   0   0  3.3940846047657893e-04 
2016   8   9   4  30   0  3.1923220912945753e-04 
2016   8   9   5   0   0  3.1720863585190268e-04 
2016   8   9   5  30   0  3.2496440738726500e-04 
2016   8   9   6   0   0  3.1563928713507677e-04 
2016   8   9   6  30   0  3.0109557552924885e-04 
2016   8   9   7   0   0  2.9161055283522127e-04 
2016   8   9   7  30   0  2.6997721049724021e-04 
2016   8   9   8   0   0  2.3966398903463000e-04 
2016   8   9   8  30   0  2.0140586935776103e-04 
2016   8   9   9   0   0  1.6291501666511102e-04 
2016   8   9   9  30   0  1.3570440569743005e-04 
2016   8   9  10   0   0  8.6015731645039701e-05 
2016   8   9  10  30   0  5.4686319091767147e-05 
2016   8   9  11   0   0  5.0750771210629780e-06 
2016   8   9  11  30   0  3.0710471391601014e-06 
2016   8   9  12   0   0  2.9980344809152984e-06 
2016   8   9  12  30   0  3.2306397107790173e-06 
2016   8   9  13   0   0  4.2881214687579554e-05 
2016   8   9  13  30   0  1.2845992444809063e-04 
2016   8   9  14   0   0  1.5404281933645105e-04 
2016   8   9  14  30   0  2.7003731526873483e-04 
2016   8   9  15   0   0  2.5661032286115383e-04 
2016   8   9  15  30   0  2.1429500448891077e-04 
2016   8   9  16   0   0  1.9388706198041365e-04 
2016   8   9  16  30   0  1.1764932347701598e-04 
2016   8   9  17   0   0  9.5887893747457443e-05 
2016   8   9  17  30   0  1.1769861675075605e-04 
2016   8   9  18   0   0  1.5001060760840427e-04 
2016   8   9  18  30   0  1.6582068002125118e-04 
2016   8   9  19   0   0  1.9646055660317151e-04 
2016   8   9  19  30   0  2.5467807456729032e-04 
2016   8   9  20   0   0  2.9191541843530053e-04 
2016   8   9  20  30   0  2.8750480059733799e-04 
2016   8   9  21   0   0  2.7763738790253573e-04 
2016   8   9  21  30   0  2.7442530913275148e-04 
2016   8   9  22   0   0  2.7273684491525483e-04 
2016   8   9  22  30   0  2.6952405937276933e-04 
2016   8   9  23   0   0  2.6657176082292919e-04 
2016   8   9  23  30   0  2.7090188962274639e-04 
2016   8  10   0   0   0  2.7501637228982044e-04 
2016   8  10   0  30   0  2.7368948086062571e-04 
2016   8  10   1   0   0  2.7879839855923257e-04 
2016   8  10   1  30   0  2.6883375780033367e-04 
2016   8  10   2   0   0  2.7473292770488651e-04 
2016   8  10   2  30   0  2.8122297935770255e-04 
2016   8  10   3   0   0  2.8280968684797717e-04 
2016   8  10   3  30   0  2.8561326129621572e-04 
2016   8  10   4   0   0  2.9000856004061416e-04 
2016   8  10   4  30   0  3.0169472717525049e-04 
2016   8  10   5   0   0  3.2043405439050054e-04 
2016   8  10   5  30   0  3.2505128801013639e-04 
2016   8  10   6   0   0  3.3958880138950010e-04 
2016   8  10   6  30   0  3.5698765303837925e-04 
2016   8  10   7   0   0  3.6413126975747462e-04 
2016   8  10   7  30   0  3.7030043837087232e-04 
2016   8  10   8   0   0  3.8079974328143160e-04 
2016   8  10   8  30   0  3.7218444793822700e-04 
2016   8  10   9   0   0  2.8438571186817900e-04 
2016   8  10   9  30   0  1.8487200095539873e-04 
2016   8  10  10   0   0  1.1674979087319792e-04 
2016   8  10  10  30   0  1.2421564204404692e-04 
2016   8  10  11   0   0  6.8381209624954244e-05 
2016   8  10  11  30   0  4.5854170552467804e-06 
2016   8  10  12   0   0  1.1711452752658908e-05 
2016   8  10  12  30   0  3.3356651026736877e-05 
2016   8  10  13   0   0  7.2967892154812491e-06 
2016   8  10  13  30   0  4.4009167808096576e-06 
2016   8  10  14   0   0  3.8356664831869402e-06 
2016   8  10  14  30   0  3.3475247312899285e-06 
2016   8  10  15   0   0  2.9969510869955607e-06 
2016   8  10  15  30   0  3.0982111543092867e-06 
2016   8  10  16   0   0  3.3763821515324162e-06 
2016   8  10  16  30   0  4.2110454639475786e-06 
2016   8  10  17   0   0  4.1049755985412543e-06 
2016   8  10  17  30   0  4.4355516749938985e-06 
2016   8  10  18   0   0  3.5223576901975868e-05 
2016   8  10  18  30   0  1.8676492953531983e-05 
2016   8  10  19   0   0  8.4601017360798117e-06 
2016   8  10  19  30   0  7.1855618884518607e-05 
2016   8  10  20   0   0  1.6142015243451410e-04 
2016   8  10  20  30   0  1.9619289647475148e-04 
2016   8  10  21   0   0  2.2124688868023441e-04 
2016   8  10  21  30   0  2.3770843055057332e-04 
2016   8  10  22   0   0  2.3435503330510515e-04 
2016   8  10  22  30   0  2.3790662945298314e-04 
2016   8  10  23   0   0  2.4655137771164600e-04 
2016   8  10  23  30   0  2.5778636512332386e-04 
2016   8  11   0   0   0  2.3599803428969745e-04 
2016   8  11   0  30   0  2.6475140973148542e-04 
2016   8  11   1   0   0  3.5920183627843774e-04 
2016   8  11   1  30   0  4.7701006888472305e-04 
2016   8  11   2   0   0  4.5808199312149839e-04 
2016   8  11   2  30   0  3.2400423918851060e-04 
2016   8  11   3   0   0  2.8283560413628814e-04 
2016   8  11   3  30   0  2.5441070121380040e-04 
2016   8  11   4   0   0  2.4047255758755836e-04 
2016   8  11   4  30   0  2.5052617164661234e-04 
2016   8  11   5   0   0  2.5805365851305334e-04 
2016   8  11   5  30   0  2.9904137965083030e-04 
2016   8  11   6   0   0  2.7092400047056138e-04 
2016   8  11   6  30   0  2.8092776723444090e-04 
2016   8  11   7   0   0  2.8223085016992628e-04 
2016   8  11   7  30   0  2.6609300290836887e-04 
2016   8  11   8   0   0  2.4806513252053063e-04 
2016   8  11   8  30   0  2.5014256200328621e-04 
2016   8  11   9   0   0  2.6901483404710231e-04 
2016   8  11   9  30   0  2.8031590058861665e-04 
2016   8  11  10   0   0  2.7915512727713328e-04 
2016   8  11  10  30   0  2.2771784995126242e-04 
2016   8  11  11   0   0  1.5976389370439740e-04 
2016   8  11  11  30   0  8.2265644005625614e-05 
2016   8  11  12   0   0  2.1917099873971635e-05 
2016   8  11  12  30   0  2.9026625558785294e-06 
2016   8  11  13   0   0  2.1644195509696121e-06 
2016   8  11  13  30   0  2.9084584808093992e-06 
2016   8  11  14   0   0  2.7955472816296907e-06 
2016   8  11  14  30   0  2.5495125598966943e-06 
2016   8  11  15   0   0  2.5088399000976429e-06 
2016   8  11  15  30   0  2.5692853270648462e-06 
2016   8  11  16   0   0  2.8807557123911483e-06 
2016   8  11  16  30   0  3.0882433780616127e-06 
2016   8  11  17   0   0  3.3759719630700543e-06 
2016   8  11  17  30   0  4.1138919819234067e-06 
2016   8  11  18   0   0  4.0161675579764771e-06 
2016   8  11  18  30   0  2.9046108100432823e-06 
2016   8  11  19   0   0  2.7332066284595372e-06 
2016   8  11  19  30   0  1.6024397299991657e-06 
2016   8  11  20   0   0  1.5987171510703013e-06 
2016   8  11  20  30   0  2.3785773404391538e-05 
2016   8  11  21   0   0  4.4762434435210160e-05 
2016   8  11  21  30   0  5.2456079564202924e-05 
2016   8  11  22   0   0  6.9202080910775414e-05 
2016   8  11  22  30   0  1.0018479046612043e-04 
2016   8  11  23   0   0  9.9787715712489422e-05 
2016   8  11  23  30   0  9.0204369908711049e-05 
2016   8  12   0   0   0  1.1356901197909413e-04 
2016   8  12   0  30   0  1.3144932942417059e-04 
2016   8  12   1   0   0  1.4307704045690183e-04 
2016   8  12   1  30   0  1.5526371175696472e-04 
2016   8  12   2   0   0  1.7231819771580000e-04 
2016   8  12   2  30   0  2.1276291289447138e-04 
2016   8  12   3   0   0  2.3073616141682708e-04 
2016   8  12   3  30   0  2.2845664011648215e-04 
2016   8  12   4   0   0  2.5961267991147531e-04 
2016   8  12   4  30   0  2.7971921354253261e-04 
2016   8  12   5   0   0  3.0149431259214593e-04 
2016   8  12   5  30   0  3.0264991247572356e-04 
2016   8  12   6   0   0  2.9120451798409863e-04 
2016   8  12   6  30   0  2.6684266086179675e-04 
2016   8  12   7   0   0  1.6674332654179007e-04 
2016   8  12   7  30   0  1.1740553472754560e-04 
2016   8  12   8   0   0  5.0047541944920334e-05 
2016   8  12   8  30   0  4.3639631080970007e-05 
2016   8  12   9   0   0  4.4025810176810113e-05 
2016   8  12   9  30   0  2.8738874266992580e-05 
2016   8  12  10   0   0  5.1019721082788858e-05 
2016   8  12  10  30   0  2.3183109295375259e-05 
2016   8  12  11   0   0  2.7157979878416564e-05 
2016   8  12  11  30   0  3.7394020101236256e-05 
2016   8  12  12   0   0  2.0608066775290643e-05 
2016   8  12  12  30   0  2.0289853029177020e-06 
2016   8  12  13   0   0  1.1490482798057402e-04 
2016   8  12  13  30   0  2.4290486124813442e-04 
2016   8  12  14   0   0  2.0112327770594932e-04 
2016   8  12  14  30   0  1.5446155690191713e-04 
2016   8  12  15   0   0  1.3075934351529980e-04 
2016   8  12  15  30   0  8.1623991449953373e-05 
2016   8  12  16   0   0  6.0545080165999101e-05 
2016   8  12  16  30   0  5.0486355674368752e-05 
2016   8  12  17   0   0  4.0878730175147807e-05 
2016   8  12  17  30   0  2.3184131278254906e-05 
2016   8  12  18   0   0  3.6375468723030888e-06 
2016   8  12  18  30   0  4.9035049018843876e-06 
2016   8  12  19   0   0  3.3512958748129444e-05 
2016   8  12  19  30   0  1.8787569334989895e-04 
2016   8  12  20   0   0  1.7383874421833371e-04 
2016   8  12  20  30   0  2.3489172733609092e-04 
2016   8  12  21   0   0  3.5051569801124432e-04 
2016   8  12  21  30   0  4.1383621868196679e-04 
2016   8  12  22   0   0  4.0857851333379663e-04 
2016   8  12  22  30   0  3.9153413678802776e-04 
2016   8  12  23   0   0  3.7064881320056906e-04 
2016   8  12  23  30   0  3.3916737619881453e-04 
2016   8  13   0   0   0  3.3531655205841200e-04 
2016   8  13   0  30   0  3.3103082163001387e-04 
2016   8  13   1   0   0  3.2424140024810084e-04 
2016   8  13   1  30   0  3.1572453268839917e-04 
2016   8  13   2   0   0  3.2600785379622438e-04 
2016   8  13   2  30   0  3.2385140744308101e-04 
2016   8  13   3   0   0  3.2722183175417150e-04 
2016   8  13   3  30   0  3.3214816013552977e-04 
2016   8  13   4   0   0  3.4352738358111961e-04 
2016   8  13   4  30   0  3.6119721809878106e-04 
2016   8  13   5   0   0  3.6083139560067070e-04 
2016   8  13   5  30   0  3.6385832840535998e-04 
2016   8  13   6   0   0  3.6154746581635005e-04 
2016   8  13   6  30   0  3.5357815249924420e-04 
2016   8  13   7   0   0  3.3758264695981792e-04 
2016   8  13   7  30   0  2.9397716185363678e-04 
2016   8  13   8   0   0  2.1546092521444534e-04 
2016   8  13   8  30   0  1.3148896104713502e-04 
2016   8  13   9   0   0  7.6065760804174717e-05 
2016   8  13   9  30   0  4.3335429526342910e-05 
2016   8  13  10   0   0  3.2142542251633296e-05 
2016   8  13  10  30   0  7.6859841296642781e-06 
2016   8  13  11   0   0  2.2998235124601699e-06 
2016   8  13  11  30   0  2.0642934999635657e-06 
2016   8  13  12   0   0  1.5989545249218582e-06 
2016   8  13  12  30   0  1.5576280123898478e-05 
2016   8  13  13   0   0  1.2174088257479986e-05 
2016   8  13  13  30   0  8.5490930100550079e-06 
2016   8  13  14   0   0  1.2305212297995886e-05 
2016   8  13  14  30   0  1.3026945518308873e-05 
2016   8  13  15   0   0  1.7713259666899014e-05 
2016   8  13  15  30   0  2.9430053843284277e-05 
2016   8  13  16   0   0  4.1246101835036746e-05 
2016   8  13  16  30   0  6.2653484269669583e-05 
2016   8  13  17   0   0  6.7966524169428110e-05 
2016   8  13  17  30   0  4.5384594242103595e-05 
2016   8  13  18   0   0  7.3582195091545269e-05 
2016   8  13  18  30   0  1.1628027854567581e-04 
2016   8  13  19   0   0  1.5630749945384648e-04 
2016   8  13  19  30   0  1.8890572929382079e-04 
2016   8  13  20   0   0  1.9278626549005731e-04 
2016   8  13  20  30   0  2.4303946941836119e-04 
2016   8  13  21   0   0  2.7556500211802371e-04 
2016   8  13  21  30   0  2.8902422937388342e-04 
2016   8  13  22   0   0  3.0240137271602638e-04 
2016   8  13  22  30   0  3.0564856995818503e-04 
2016   8  13  23   0   0  3.0755187375383766e-04 
2016   8  13  23  30   0  3.0752750857663365e-04 
2016   8  14   0   0   0  3.0982396220932413e-04 
2016   8  14   0  30   0  3.1701370792154695e-04 
2016   8  14   1   0   0  3.0296916304326774e-04 
2016   8  14   1  30   0  3.1663479973135145e-04 
2016   8  14   2   0   0  3.0605480925015581e-04 
2016   8  14   2  30   0  3.0166185408137685e-04 
2016   8  14   3   0   0  2.8854244501987076e-04 
2016   8  14   3  30   0  2.8397289744633742e-04 
2016   8  14   4   0   0  2.9427363198431596e-04 
2016   8  14   4  30   0  3.0981465402798070e-04 
2016   8  14   5   0   0  2.9831322301611201e-04 
2016   8  14   5  30   0  3.0295581315694964e-04 
2016   8  14   6   0   0  3.1806347224304420e-04 
2016   8  14   6  30   0  4.6721788387702005e-04 
2016   8  14   7   0   0  3.8183066977047145e-04 
2016   8  14   7  30   0  3.4813469334888590e-04 
2016   8  14   8   0   0  2.8031358274480193e-04 
2016   8  14   8  30   0  2.6698163050516437e-04 
2016   8  14   9   0   0  2.4894889610242303e-04 
2016   8  14   9  30   0  2.4824680875516823e-04 
2016   8  14  10   0   0  2.2522368906173774e-04 
2016   8  14  10  30   0  1.3958354920756176e-04 
2016   8  14  11   0   0  5.7727584703110478e-05 
2016   8  14  11  30   0  1.7093910074762282e-05 
2016   8  14  12   0   0  1.7941656674817173e-04 
2016   8  14  12  30   0  2.3264235082009604e-04 
2016   8  14  13   0   0  2.5906716734404620e-04 
2016   8  14  13  30   0  2.9808766294550464e-04 
2016   8  14  14   0   0  3.2362732231239102e-04 
2016   8  14  14  30   0  2.9283329665218447e-04 
2016   8  14  15   0   0  2.7563624080497633e-04 
2016   8  14  15  30   0  1.9135697144450820e-04 
2016   8  14  16   0   0  1.2612940931851127e-04 
2016   8  14  16  30   0  1.2022670801561505e-04 
2016   8  14  17   0   0  9.3412246931212151e-05 
2016   8  14  17  30   0  3.1144507938078031e-04 
2016   8  14  18   0   0  3.8293443259282292e-04 
2016   8  14  18  30   0  2.2337661754928285e-04 
2016   8  14  19   0   0  2.5234117176326079e-04 
2016   8  14  19  30   0  2.5016705292852309e-04 
2016   8  14  20   0   0  2.6025482354308883e-04 
2016   8  14  20  30   0  2.9245228697043067e-04 
2016   8  14  21   0   0  3.0758320036497092e-04 
2016   8  14  21  30   0  3.1642784020430824e-04 
2016   8  14  22   0   0  2.8729842261333166e-04 
2016   8  14  22  30   0  2.0136676879828913e-04 
2016   8  14  23   0   0  1.6217759139706248e-04 
2016   8  14  23  30   0  1.4271712445400233e-04 
2016   8  15   0   0   0  1.2067233907252025e-04 
2016   8  15   0  30   0  1.0399611527197179e-04 
2016   8  15   1   0   0  9.4268207950765141e-05 
2016   8  15   1  30   0  8.2429113357278743e-05 
2016   8  15   2   0   0  7.0723214213744013e-05 
2016   8  15   2  30   0  5.6632629090999633e-05 
2016   8  15   3   0   0  5.4198258903132750e-05 
2016   8  15   3  30   0  6.4290641932714866e-05 
2016   8  15   4   0   0  7.7990755370685168e-05 
2016   8  15   4  30   0  7.9401582035279613e-05 
2016   8  15   5   0   0  7.9834567617787132e-05 
2016   8  15   5  30   0  7.6670394548220927e-05 
2016   8  15   6   0   0  7.5625300959256209e-05 
2016   8  15   6  30   0  7.8597698950301669e-05 
2016   8  15   7   0   0  8.0307105622135646e-05 
2016   8  15   7  30   0  6.7919239124358848e-05 
2016   8  15   8   0   0  3.6711144861002366e-05 
2016   8  15   8  30   0  1.5862475435232539e-05 
2016   8  15   9   0   0  7.5895725306601599e-06 
2016   8  15   9  30   0  1.0562765403933898e-06 
2016   8  15  10   0   0  1.2198479136337151e-06 
2016   8  15  10  30   0  1.4559035042647197e-06 
2016   8  15  11   0   0  1.5035434394283543e-06 
2016   8  15  11  30   0  1.3930453428883715e-06 
2016   8  15  12   0   0  1.2560018020858700e-06 
2016   8  15  12  30   0  1.3510078263523590e-06 
2016   8  15  13   0   0  1.6911492623297886e-06 
2016   8  15  13  30   0  1.9971607054581747e-06 
2016   8  15  14   0   0  2.3456532102054912e-06 
2016   8  15  14  30   0  2.7290155403091455e-06 
2016   8  15  15   0   0  3.1658288358130423e-06 
2016   8  15  15  30   0  3.0109720751137037e-06 
2016   8  15  16   0   0  2.9445371064493904e-06 
2016   8  15  16  30   0  2.3025680965467620e-06 
2016   8  15  17   0   0  2.3427490913610553e-06 
2016   8  15  17  30   0  2.0294030663166386e-06 
2016   8  15  18   0   0  2.3107533059731476e-06 
2016   8  15  18  30   0  2.8680784148278637e-06 
2016   8  15  19   0   0  3.1620806851617527e-06 
2016   8  15  19  30   0  7.6279875525110696e-05 
2016   8  15  20   0   0  1.3450772319395109e-04 
2016   8  15  20  30   0  1.1364223669718845e-04 
2016   8  15  21   0   0  1.6297723857408615e-04 
2016   8  15  21  30   0  1.6562898143268463e-04 
2016   8  15  22   0   0  1.7506037632333916e-04 
2016   8  15  22  30   0  1.7897581348655468e-04 
2016   8  15  23   0   0  1.5497599210606046e-04 
2016   8  15  23  30   0  1.7016011839856313e-04 
2016   8  16   0   0   0  1.9744715336993520e-04 
2016   8  16   0  30   0  2.1780005297529265e-04 
2016   8  16   1   0   0  2.1553746970672785e-04 
2016   8  16   1  30   0  2.2316113017130604e-04 
2016   8  16   2   0   0  2.1773900365111982e-04 
2016   8  16   2  30   0  2.1654763181096551e-04 
2016   8  16   3   0   0  2.2177220788065994e-04 
2016   8  16   3  30   0  2.0524613184224903e-04 
2016   8  16   4   0   0  1.8943975132293438e-04 
2016   8  16   4  30   0  1.7735706247357157e-04 
2016   8  16   5   0   0  1.6731768827201170e-04 
2016   8  16   5  30   0  1.6271529100673156e-04 
2016   8  16   6   0   0  1.5461071460662484e-04 
2016   8  16   6  30   0  1.4675834560381456e-04 
2016   8  16   7   0   0  1.3148532550922979e-04 
2016   8  16   7  30   0  1.1361418998105431e-04 
2016   8  16   8   0   0  9.2550686734062655e-05 
2016   8  16   8  30   0  5.1893293017959776e-05 
2016   8  16   9   0   0  1.4383662580853482e-05 
2016   8  16   9  30   0  1.3437826742101520e-06 
2016   8  16  10   0   0  1.5756572035370759e-06 
2016   8  16  10  30   0  1.8591195122085429e-06 
2016   8  16  11   0   0  2.5626414124286606e-06 
2016   8  16  11  30   0  2.8999102340224689e-06 
2016   8  16  12   0   0  2.6327209216577158e-06 
2016   8  16  12  30   0  2.1085121156357700e-06 
2016   8  16  13   0   0  2.3145129150573145e-06 
2016   8  16  13  30   0  2.5359722120826674e-06 
2016   8  16  14   0   0  2.6328319238335963e-06 
2016   8  16  14  30   0  2.4946117668959435e-06 
2016   8  16  15   0   0  2.4915162612383896e-06 
2016   8  16  15  30   0  2.3496755531457836e-06 
2016   8  16  16   0   0  2.1504568618682118e-06 
2016   8  16  16  30   0  1.7918685636137585e-06 
2016   8  16  17   0   0  1.6166639594697195e-06 
2016   8  16  17  30   0  1.2383045935703516e-06 
2016   8  16  18   0   0  1.1049018573567367e-06 
2016   8  16  18  30   0  9.9783254470468387e-07 
2016   8  16  19   0   0  1.4678347457301165e-05 
2016   8  16  19  30   0  2.9987085680075996e-05 
2016   8  16  20   0   0  3.1598891845761478e-05 
2016   8  16  20  30   0  2.2326143741438151e-05 
2016   8  16  21   0   0  2.0611248856771043e-05 
2016   8  16  21  30   0  2.0931510463814752e-05 
2016   8  16  22   0   0  2.2022382033453046e-05 
2016   8  16  22  30   0  2.5602167595594483e-05 
2016   8  16  23   0   0  2.6098021872151375e-05 
2016   8  16  23  30   0  2.3270576274068459e-05 
2016   8  17   0   0   0  2.4975440284050650e-05 
2016   8  17   0  30   0  2.6524677198918811e-05 
2016   8  17   1   0   0  2.7785261251135775e-05 
2016   8  17   1  30   0  2.9730005401904898e-05 
2016   8  17   2   0   0  2.9330886120748740e-05 
2016   8  17   2  30   0  3.0571724411169379e-05 
2016   8  17   3   0   0  2.8011515696683321e-05 
2016   8  17   3  30   0  2.6655553622401613e-05 
2016   8  17   4   0   0  2.7777039082782453e-05 
2016   8  17   4  30   0  2.5955616866817570e-05 
2016   8  17   5   0   0  2.8498736088081947e-05 
2016   8  17   5  30   0  2.8505263025489734e-05 
2016   8  17   6   0   0  3.0712534962207772e-05 
2016   8  17   6  30   0  2.2627686749294376e-05 
2016   8  17   7   0   0  2.3947437799486977e-05 
2016   8  17   7  30   0  4.5139569625462117e-05 
2016   8  17   8   0   0  6.5381670822321915e-05 
2016   8  17   8  30   0  1.0388023825124117e-04 
2016   8  17   9   0   0  1.4241758562711995e-04 
2016   8  17   9  30   0  2.2388466766028132e-04 
2016   8  17  10   0   0  2.4093458989051653e-04 
2016   8  17  10  30   0  2.5113183019876420e-04 
2016   8  17  11   0   0  2.7381870926368663e-04 
2016   8  17  11  30   0  2.7090777765099771e-04 
2016   8  17  12   0   0  2.6373178700551578e-04 
2016   8  17  12  30   0  2.4795961137037735e-04 
2016   8  17  13   0   0  2.5730511841368531e-04 
2016   8  17  13  30   0  2.7008015059606992e-04 
2016   8  17  14   0   0  2.8389059924944235e-04 
2016   8  17  14  30   0  2.9829203008338237e-04 
2016   8  17  15   0   0  3.1138337324860361e-04 
2016   8  17  15  30   0  3.0744332461162660e-04 
2016   8  17  16   0   0  3.0064955606463092e-04 
2016   8  17  16  30   0  3.1268474152533070e-04 
2016   8  17  17   0   0  3.2000138591769107e-04 
2016   8  17  17  30   0  3.2466828205416243e-04 
2016   8  17  18   0   0  3.3200046338945359e-04 
2016   8  17  18  30   0  3.4763047151312930e-04 
2016   8  17  19   0   0  3.5774056090227932e-04 
2016   8  17  19  30   0  3.5667586394698615e-04 
2016   8  17  20   0   0  3.6407168340099692e-04 
2016   8  17  20  30   0  3.6511991680241481e-04 
2016   8  17  21   0   0  3.6877796814074757e-04 
2016   8  17  21  30   0  3.8033502554411580e-04 
2016   8  17  22   0   0  3.9338994659119124e-04 
2016   8  17  22  30   0  4.1637318213844933e-04 
2016   8  17  23   0   0  4.2296040996205481e-04 
2016   8  17  23  30   0  4.1742520037978180e-04 
2016   8  18   0   0   0  4.1246400210043877e-04 
2016   8  18   0  30   0  4.0519461774467090e-04 
2016   8  18   1   0   0  3.9678825277504506e-04 
2016   8  18   1  30   0  4.0322301914550953e-04 
2016   8  18   2   0   0  4.0983809166929524e-04 
2016   8  18   2  30   0  4.1190826974218096e-04 
2016   8  18   3   0   0  4.1899818068104691e-04 
2016   8  18   3  30   0  4.2037654653088801e-04 
2016   8  18   4   0   0  4.2351464548577090e-04 
2016   8  18   4  30   0  3.9373164669020348e-04 
2016   8  18   5   0   0  3.6713027435048522e-04 
2016   8  18   5  30   0  3.4109249565700283e-04 
2016   8  18   6   0   0  3.2281796681163117e-04 
2016   8  18   6  30   0  3.1216895143498411e-04 
2016   8  18   7   0   0  3.0153886031606086e-04 
2016   8  18   7  30   0  2.7842294328359827e-04 
2016   8  18   8   0   0  2.8224865934544356e-04 
2016   8  18   8  30   0  2.9582732122927286e-04 
2016   8  18   9   0   0  2.9697311885465866e-04 
2016   8  18   9  30   0  2.9841189853048206e-04 
2016   8  18  10   0   0  2.8870636699225317e-04 
2016   8  18  10  30   0  2.9035766071169866e-04 
2016   8  18  11   0   0  2.9013559861188799e-04 
2016   8  18  11  30   0  2.4372365281453116e-04 
2016   8  18  12   0   0  2.1405268562910108e-04 
2016   8  18  12  30   0  2.1582193569185805e-04 
2016   8  18  13   0   0  2.5370846715736629e-04 
2016   8  18  13  30   0  3.1259827679207833e-04 
2016   8  18  14   0   0  3.1523529452773415e-04 
2016   8  18  14  30   0  2.9640568640734933e-04 
2016   8  18  15   0   0  2.9380726926264011e-04 
2016   8  18  15  30   0  2.3571486566832328e-04 
2016   8  18  16   0   0  2.6177545647326674e-04 
2016   8  18  16  30   0  2.2874880152212282e-04 
2016   8  18  17   0   0  2.2909971209945646e-04 
2016   8  18  17  30   0  2.4233829485972001e-04 
2016   8  18  18   0   0  2.8476255975876704e-04 
2016   8  18  18  30   0  2.8052838895967870e-04 
2016   8  18  19   0   0  3.3314768339855996e-04 
2016   8  18  19  30   0  4.0165735384703558e-04 
2016   8  18  20   0   0  4.3443761173190014e-04 
2016   8  18  20  30   0  4.8574781801104564e-04 
2016   8  18  21   0   0  4.8838165015761055e-04 
2016   8  18  21  30   0  4.6261781674056046e-04 
2016   8  18  22   0   0  4.3612131617909065e-04 
2016   8  18  22  30   0  4.1776686964108931e-04 
2016   8  18  23   0   0  4.0605111197627064e-04 
2016   8  18  23  30   0  3.8672869719222553e-04 
2016   8  19   0   0   0  3.7013836012584494e-04 
2016   8  19   0  30   0  3.5425575802021635e-04 
2016   8  19   1   0   0  3.5163539031914294e-04 
2016   8  19   1  30   0  3.4430929362693776e-04 
2016   8  19   2   0   0  3.4895597899271867e-04 
2016   8  19   2  30   0  3.5145273652792668e-04 
2016   8  19   3   0   0  3.5425090671725766e-04 
2016   8  19   3  30   0  3.5730817207847324e-04 
2016   8  19   4   0   0  3.5692423749154591e-04 
2016   8  19   4  30   0  3.6141071836440057e-04 
2016   8  19   5   0   0  3.6663359398192425e-04 
2016   8  19   5  30   0  3.6078098762771214e-04 
2016   8  19   6   0   0  3.4938760448355067e-04 
2016   8  19   6  30   0  3.7069299026673509e-04 
2016   8  19   7   0   0  3.8125049724018758e-04 
2016   8  19   7  30   0  4.5200640781331309e-04 
2016   8  19   8   0   0  4.5065698386579349e-04 
2016   8  19   8  30   0  5.0067783595432317e-04 
2016   8  19   9   0   0  4.8269063357137080e-04 
2016   8  19   9  30   0  4.1670421644487206e-04 
2016   8  19  10   0   0  2.6463526484944971e-04 
2016   8  19  10  30   0  2.0215116865586322e-04 
2016   8  19  11   0   0  8.7289006543259963e-05 
2016   8  19  11  30   0  1.0491333152265428e-04 
2016   8  19  12   0   0  7.9181529480227810e-05 
2016   8  19  12  30   0  1.2144290557455789e-04 
2016   8  19  13   0   0  1.6378627852356130e-04 
2016   8  19  13  30   0  1.9710806287028860e-04 
2016   8  19  14   0   0  2.9781502889337082e-04 
2016   8  19  14  30   0  3.3585825297714305e-04 
2016   8  19  15   0   0  3.7745211429814670e-04 
2016   8  19  15  30   0  4.1084989922813729e-04 
2016   8  19  16   0   0  4.0989003435230187e-04 
2016   8  19  16  30   0  4.4119138250146351e-04 
2016   8  19  17   0   0  3.1442933162138554e-04 
2016   8  19  17  30   0  3.3157146716969422e-04 
2016   8  19  18   0   0  4.7468332946823258e-04 
2016   8  19  18  30   0  5.4108448005896388e-04 
2016   8  19  19   0   0  4.7102745228986404e-04 
2016   8  19  19  30   0  5.4156112314072274e-04 
2016   8  19  20   0   0  7.2576753649041849e-04 
2016   8  19  20  30   0  9.1055553056718097e-04 
2016   8  19  21   0   0  9.6825165352604659e-04 
2016   8  19  21  30   0  9.1215404064029070e-04 
2016   8  19  22   0   0  1.1005805617130369e-03 
2016   8  19  22  30   0  9.4181058738895547e-04 
2016   8  19  23   0   0  8.9656380761113396e-04 
2016   8  19  23  30   0  1.0025852288686702e-03 
2016   8  20   0   0   0  1.0623243188520324e-03 
2016   8  20   0  30   0  1.0717402628761014e-03 
2016   8  20   1   0   0  1.1447719581825816e-03 
2016   8  20   1  30   0  8.5624108506190510e-04 
2016   8  20   2   0   0  8.8839231105912063e-04 
2016   8  20   2  30   0  8.0972130313955806e-04 
2016   8  20   3   0   0  7.8090330359902602e-04 
2016   8  20   3  30   0  7.5300796510518347e-04 
2016   8  20   4   0   0  7.6904297350855930e-04 
2016   8  20   4  30   0  8.7730033161026282e-04 
2016   8  20   5   0   0  1.0485748977151009e-03 
2016   8  20   5  30   0  8.6337871601868763e-04 
2016   8  20   6   0   0  9.0565147825421113e-04 
2016   8  20   6  30   0  8.5398189442494868e-04 
2016   8  20   7   0   0  8.2368684586934561e-04 
2016   8  20   7  30   0  8.2114805610546951e-04 
2016   8  20   8   0   0  8.5182802791993460e-04 
2016   8  20   8  30   0  8.7659444613805875e-04 
2016   8  20   9   0   0  8.2178495475697334e-04 
2016   8  20   9  30   0  6.0259986686397806e-04 
2016   8  20  10   0   0  3.8104926696805867e-04 
2016   8  20  10  30   0  3.7674060232715059e-04 
2016   8  20  11   0   0  3.2284326948929173e-04 
2016   8  20  11  30   0  6.6800711270362874e-04 
2016   8  20  12   0   0  4.6233636863425050e-04 
2016   8  20  12  30   0  5.0605832527645387e-04 
2016   8  20  13   0   0  6.5085136156494306e-04 
2016   8  20  13  30   0  6.5374372401887570e-04 
2016   8  20  14   0   0  5.7226559605034219e-04 
2016   8  20  14  30   0  3.9081896023041875e-04 
2016   8  20  15   0   0  2.3653074880859018e-04 
2016   8  20  15  30   0  1.3429783184199038e-04 
2016   8  20  16   0   0  1.2545317366685101e-04 
2016   8  20  16  30   0  1.3774843897714720e-04 
2016   8  20  17   0   0  1.9715194747135130e-04 
2016   8  20  17  30   0  3.0997266264322680e-04 
2016   8  20  18   0   0  3.4647685505149756e-04 
2016   8  20  18  30   0  3.5483245982754097e-04 
2016   8  20  19   0   0  3.3663396961262335e-04 
2016   8  20  19  30   0  3.6768776547283215e-04 
2016   8  20  20   0   0  3.5756976690122494e-04 
2016   8  20  20  30   0  3.9036656335985151e-04 
2016   8  20  21   0   0  3.7349221080055264e-04 
2016   8  20  21  30   0  3.8854199717730352e-04 
2016   8  20  22   0   0  3.9312575902473383e-04 
2016   8  20  22  30   0  4.3146289677028799e-04 
2016   8  20  23   0   0  4.6763306426495296e-04 
2016   8  20  23  30   0  4.9596320730697636e-04 
2016   8  21   0   0   0  5.1120584081430841e-04 
2016   8  21   0  30   0  4.8143083811590727e-04 
2016   8  21   1   0   0  4.5324497213007934e-04 
2016   8  21   1  30   0  4.7845653581413404e-04 
2016   8  21   2   0   0  5.0547903766974057e-04 
2016   8  21   2  30   0  4.9088292557866872e-04 
2016   8  21   3   0   0  4.9788863952126357e-04 
2016   8  21   3  30   0  5.0672529288651362e-04 
2016   8  21   4   0   0  5.0128157849214049e-04 
2016   8  21   4  30   0  4.9770158202736795e-04 
2016   8  21   5   0   0  4.5539530498400185e-04 
2016   8  21   5  30   0  3.9447707263670011e-04 
2016   8  21   6   0   0  3.5161184538805035e-04 
2016   8  21   6  30   0  3.2556451346816125e-04 
2016   8  21   7   0   0  3.0471240324481092e-04 
2016   8  21   7  30   0  2.8506847321631875e-04 
2016   8  21   8   0   0  3.0594935907042630e-04 
2016   8  21   8  30   0  3.3419724826083870e-04 
2016   8  21   9   0   0  3.1351002462489443e-04 
2016   8  21   9  30   0  2.2815397984301533e-04 
2016   8  21  10   0   0  1.3383212284597164e-04 
2016   8  21  10  30   0  1.5527002785654720e-04 
2016   8  21  11   0   0  9.2082359268847531e-05 
2016   8  21  11  30   0  1.4170434633997052e-04 
2016   8  21  12   0   0  4.8865511125431327e-05 
2016   8  21  12  30   0  6.5938991099672280e-05 
2016   8  21  13   0   0  4.4061888353043562e-05 
2016   8  21  13  30   0  1.8750609291641688e-05 
2016   8  21  14   0   0  3.4314822382356397e-05 
2016   8  21  14  30   0  9.3997125383443870e-06 
2016   8  21  15   0   0  8.8631590028504620e-06 
2016   8  21  15  30   0  9.0402788260063762e-06 
2016   8  21  16   0   0  9.9851186289471198e-06 
2016   8  21  16  30   0  1.9435059451606312e-04 
2016   8  21  17   0   0  1.6189951042271594e-04 
2016   8  21  17  30   0  2.4176147929985659e-04 
2016   8  21  18   0   0  5.8053860774204052e-04 
2016   8  21  18  30   0  9.6251474620130770e-04 
2016   8  21  19   0   0  1.1468040213511877e-03 
2016   8  21  19  30   0  1.0889364876284146e-03 
2016   8  21  20   0   0  1.1018631635431547e-03 
2016   8  21  20  30   0  1.1847515926289981e-03 
2016   8  21  21   0   0  1.1693089695285124e-03 
2016   8  21  21  30   0  1.1707542369034560e-03 
2016   8  21  22   0   0  1.1545936248132569e-03 
2016   8  21  22  30   0  1.1314319092548156e-03 
2016   8  21  23   0   0  1.1247586323090870e-03 
2016   8  21  23  30   0  1.1106582064896332e-03 
2016   8  22   0   0   0  1.0835956225528211e-03 
2016   8  22   0  30   0  1.0597565367697465e-03 
2016   8  22   1   0   0  1.0418385010696717e-03 
2016   8  22   1  30   0  1.0408098645097736e-03 
2016   8  22   2   0   0  1.0287736901597047e-03 
2016   8  22   2  30   0  1.0274672174869388e-03 
2016   8  22   3   0   0  1.1939451989376512e-03 
2016   8  22   3  30   0  1.3249404923110937e-03 
2016   8  22   4   0   0  1.1719992607558084e-03 
2016   8  22   4  30   0  1.2433847977255650e-03 
2016   8  22   5   0   0  1.0345632986058365e-03 
2016   8  22   5  30   0  1.1354781355638541e-03 
2016   8  22   6   0   0  1.0484159871320948e-03 
2016   8  22   6  30   0  1.1063782770686795e-03 
2016   8  22   7   0   0  1.0066770606389063e-03 
2016   8  22   7  30   0  9.9642431669948444e-04 
2016   8  22   8   0   0  1.0232990270805434e-03 
2016   8  22   8  30   0  1.0392342292530757e-03 
2016   8  22   9   0   0  1.0476926725563245e-03 
2016   8  22   9  30   0  1.0225894447055807e-03 
2016   8  22  10   0   0  9.4150175145909457e-04 
2016   8  22  10  30   0  9.5044774061019599e-04 
2016   8  22  11   0   0  5.9840913505672031e-04 
2016   8  22  11  30   0  4.9595021614504814e-04 
2016   8  22  12   0   0  2.5919361191092239e-04 
2016   8  22  12  30   0  4.1958501641092849e-05 
2016   8  22  13   0   0  1.4026327878230289e-04 
2016   8  22  13  30   0  2.1049282285430255e-04 
2016   8  22  14   0   0  1.0566508026912265e-04 
2016   8  22  14  30   0  9.8504129112347703e-05 
2016   8  22  15   0   0  9.1903778598083841e-06 
2016   8  22  15  30   0  8.4431567468014112e-06 
2016   8  22  16   0   0  7.4297072907245801e-06 
2016   8  22  16  30   0  1.8900614897320771e-04 
2016   8  22  17   0   0  1.8101981933853808e-04 
2016   8  22  17  30   0  2.2992675322609533e-04 
2016   8  22  18   0   0  2.9642834230287463e-04 
2016   8  22  18  30   0  5.5575292872693082e-04 
2016   8  22  19   0   0  5.7564116379623916e-04 
2016   8  22  19  30   0  6.2409461473618747e-04 
2016   8  22  20   0   0  5.4368240721276446e-04 
2016   8  22  20  30   0  5.2719888812616320e-04 
2016   8  22  21   0   0  4.9358308822210488e-04 
2016   8  22  21  30   0  4.6106697005995434e-04 
2016   8  22  22   0   0  4.5309929073855128e-04 
2016   8  22  22  30   0  4.4012744459269513e-04 
2016   8  22  23   0   0  4.1791911201794152e-04 
2016   8  22  23  30   0  3.7993684720671222e-04 
2016   8  23   0   0   0  3.6559157881623422e-04 
2016   8  23   0  30   0  3.5818776987776667e-04 
2016   8  23   1   0   0  3.9328020420536418e-04 
2016   8  23   1  30   0  4.0036010765954420e-04 
2016   8  23   2   0   0  3.9539692616563551e-04 
2016   8  23   2  30   0  4.0261688826020823e-04 
2016   8  23   3   0   0  4.0683610495243074e-04 
2016   8  23   3  30   0  3.9831812286221312e-04 
2016   8  23   4   0   0  4.0936118461483808e-04 
2016   8  23   4  30   0  4.2851971250423924e-04 
2016   8  23   5   0   0  4.4589637778194422e-04 
2016   8  23   5  30   0  4.6477481585058299e-04 
2016   8  23   6   0   0  4.8627532306096718e-04 
2016   8  23   6  30   0  4.9420710013918555e-04 
2016   8  23   7   0   0  5.0010488633637779e-04 
2016   8  23   7  30   0  5.0240342958509233e-04 
2016   8  23   8   0   0  5.1710708857653071e-04 
2016   8  23   8  30   0  5.4247960161457024e-04 
2016   8  23   9   0   0  5.6141842400092405e-04 
2016   8  23   9  30   0  5.7780430775196401e-04 
2016   8  23  10   0   0  5.1787226854338952e-04 
2016   8  23  10  30   0  4.7186467780995433e-04 
2016   8  23  11   0   0  3.5868499464730062e-04 
2016   8  23  11  30   0  3.0546655488344193e-04 
2016   8  23  12   0   0  2.3864083764018503e-04 
2016   8  23  12  30   0  2.2689484038712184e-04 
2016   8  23  13   0   0  3.0581424171845380e-04 
2016   8  23  13  30   0  4.0766980655258377e-04 
2016   8  23  14   0   0  1.9768389541660819e-04 
2016   8  23  14  30   0  8.3368756307341832e-06 
2016   8  23  15   0   0  8.4959140619056226e-06 
2016   8  23  15  30   0  8.1866598048948067e-06 
2016   8  23  16   0   0  1.0568183229133769e-04 
2016   8  23  16  30   0  7.6578662958980286e-05 
2016   8  23  17   0   0  2.5965048128611496e-04 
2016   8  23  17  30   0  4.9240824868025722e-04 
2016   8  23  18   0   0  5.1703123696968285e-04 
2016   8  23  18  30   0  5.2990638592792408e-04 
2016   8  23  19   0   0  5.9520269995659862e-04 
2016   8  23  19  30   0  5.1534400192437889e-04 
2016   8  23  20   0   0  5.1471119200094981e-04 
2016   8  23  20  30   0  5.6931541554720302e-04 
2016   8  23  21   0   0  6.6258718475339820e-04 
2016   8  23  21  30   0  6.6444262724362814e-04 
2016   8  23  22   0   0  6.9311019156789906e-04 
2016   8  23  22  30   0  7.9551643997133477e-04 
2016   8  23  23   0   0  6.8589629895584811e-04 
2016   8  23  23  30   0  6.2208439911181756e-04 
2016   8  24   0   0   0  6.0309194334039131e-04 
2016   8  24   0  30   0  6.1677511663499036e-04 
2016   8  24   1   0   0  5.8752459883517098e-04 
2016   8  24   1  30   0  5.3413744607139733e-04 
2016   8  24   2   0   0  4.9266922495716568e-04 
2016   8  24   2  30   0  4.9628887284418875e-04 
2016   8  24   3   0   0  4.8451021489464760e-04 
2016   8  24   3  30   0  4.8196073732502046e-04 
2016   8  24   4   0   0  4.9440570689028151e-04 
2016   8  24   4  30   0  4.8876373649543259e-04 
2016   8  24   5   0   0  4.6110715186690928e-04 
2016   8  24   5  30   0  4.5213927691870151e-04 
2016   8  24   6   0   0  4.5721430645063039e-04 
2016   8  24   6  30   0  4.7029469407077016e-04 
2016   8  24   7   0   0  4.6712047536178456e-04 
2016   8  24   7  30   0  4.6204834306240233e-04 
2016   8  24   8   0   0  4.0101920329016624e-04 
2016   8  24   8  30   0  3.7349557152661521e-04 
2016   8  24   9   0   0  3.6061008846773062e-04 
2016   8  24   9  30   0  3.3380434460930034e-04 
2016   8  24  10   0   0  3.3085209263803773e-04 
2016   8  24  10  30   0  3.2888702173105807e-04 
2016   8  24  11   0   0  2.5674072388349632e-04 
2016   8  24  11  30   0  2.0964130435959086e-04 
2016   8  24  12   0   0  2.3466938334357326e-04 
2016   8  24  12  30   0  2.0548876088748890e-04 
2016   8  24  13   0   0  2.0783683803211124e-04 
2016   8  24  13  30   0  2.3736996125915864e-04 
2016   8  24  14   0   0  1.9993650909746273e-04 
2016   8  24  14  30   0  1.7295351850694246e-04 
2016   8  24  15   0   0  1.9176099027449120e-04 
2016   8  24  15  30   0  2.1585818194104654e-04 
2016   8  24  16   0   0  2.0903873785979010e-04 
2016   8  24  16  30   0  2.2118883053909053e-04 
2016   8  24  17   0   0  2.1820885227197067e-04 
2016   8  24  17  30   0  2.1229735049720522e-04 
2016   8  24  18   0   0  2.1562601217714898e-04 
2016   8  24  18  30   0  2.2285531243181685e-04 
2016   8  24  19   0   0  2.2767382921452228e-04 
2016   8  24  19  30   0  2.3560055937233221e-04 
2016   8  24  20   0   0  2.4382683509784691e-04 
2016   8  24  20  30   0  2.5991830985822506e-04 
2016   8  24  21   0   0  2.6505960123196059e-04 
2016   8  24  21  30   0  2.7572349146301212e-04 
2016   8  24  22   0   0  3.1924516276098726e-04 
2016   8  24  22  30   0  6.8986082688293814e-04 
2016   8  24  23   0   0  4.6624497839978045e-04 
2016   8  24  23  30   0  3.5997256133264770e-04 
2016   8  25   0   0   0  3.4030357602361799e-04 
2016   8  25   0  30   0  3.1880220868908248e-04 
2016   8  25   1   0   0  2.9034709936339305e-04 
2016   8  25   1  30   0  2.9156978441415590e-04 
2016   8  25   2   0   0  2.7821987957972466e-04 
2016   8  25   2  30   0  2.5906184278292574e-04 
2016   8  25   3   0   0  2.4840317348613953e-04 
2016   8  25   3  30   0  2.5150098770142975e-04 
2016   8  25   4   0   0  2.5739019539794682e-04 
2016   8  25   4  30   0  2.6337293602047646e-04 
2016   8  25   5   0   0  2.7630145878796211e-04 
2016   8  25   5  30   0  2.8261207912455956e-04 
2016   8  25   6   0   0  3.0425331163693597e-04 
2016   8  25   6  30   0  3.3066042672729080e-04 
2016   8  25   7   0   0  3.4545968799405295e-04 
2016   8  25   7  30   0  3.5558341211835011e-04 
2016   8  25   8   0   0  3.4905263224141301e-04 
2016   8  25   8  30   0  3.7377788454672666e-04 
2016   8  25   9   0   0  3.6714280571532404e-04 
2016   8  25   9  30   0  3.5620811574352702e-04 
2016   8  25  10   0   0  3.9544171345941574e-04 
2016   8  25  10  30   0  5.4283794990873425e-04 
2016   8  25  11   0   0  5.9690043209201737e-04 
2016   8  25  11  30   0  6.2238996409716960e-04 
2016   8  25  12   0   0  6.0583159181101050e-04 
2016   8  25  12  30   0  5.5989464976740786e-04 
2016   8  25  13   0   0  5.8674985727708311e-04 
2016   8  25  13  30   0  5.7376384222533356e-04 
2016   8  25  14   0   0  5.4599665313050864e-04 
2016   8  25  14  30   0  4.9390220540717082e-04 
2016   8  25  15   0   0  4.3570321963580391e-04 
2016   8  25  15  30   0  4.0195056979385222e-04 
2016   8  25  16   0   0  3.8952315225948905e-04 
2016   8  25  16  30   0  3.6331562001857838e-04 
2016   8  25  17   0   0  3.5539752942324930e-04 
2016   8  25  17  30   0  3.5041852770368854e-04 
2016   8  25  18   0   0  3.0352045876188725e-04 
2016   8  25  18  30   0  2.2797037593068505e-04 
2016   8  25  19   0   0  2.2965236469657264e-04 
2016   8  25  19  30   0  2.2660064408485436e-04 
2016   8  25  20   0   0  2.2727722385368736e-04 
2016   8  25  20  30   0  2.4532311453662046e-04 
2016   8  25  21   0   0  2.3756708005914583e-04 
2016   8  25  21  30   0  2.3996367144341296e-04 
2016   8  25  22   0   0  3.1819648045390049e-04 
2016   8  25  22  30   0  2.8018971194607325e-04 
2016   8  25  23   0   0  4.6545112293455774e-04 
2016   8  25  23  30   0  3.4263812354494644e-04 
2016   8  26   0   0   0  3.2628150692131465e-04 
2016   8  26   0  30   0  4.0568012499356807e-04 
2016   8  26   1   0   0  4.0182974603598530e-04 
2016   8  26   1  30   0  3.6845386183021752e-04 
2016   8  26   2   0   0  3.6660609546610156e-04 
2016   8  26   2  30   0  3.8140081740093752e-04 
2016   8  26   3   0   0  3.5006751618747939e-04 
2016   8  26   3  30   0  3.5069622738407799e-04 
2016   8  26   4   0   0  3.4430046313703688e-04 
2016   8  26   4  30   0  3.4938325021665505e-04 
2016   8  26   5   0   0  3.5910751722059399e-04 
2016   8  26   5  30   0  3.3734043647427772e-04 
2016   8  26   6   0   0  3.3237764359718685e-04 
2016   8  26   6  30   0  3.3066543467236067e-04 
2016   8  26   7   0   0  3.1139668536292800e-04 
2016   8  26   7  30   0  2.9273091301549431e-04 
2016   8  26   8   0   0  2.9100730824492690e-04 
2016   8  26   8  30   0  2.6896107929595193e-04 
2016   8  26   9   0   0  2.5072804642774715e-04 
2016   8  26   9  30   0  2.3376242575407998e-04 
2016   8  26  10   0   0  2.1064045256135745e-04 
2016   8  26  10  30   0  2.5135063553835053e-04 
2016   8  26  11   0   0  2.7301482419252139e-04 
2016   8  26  11  30   0  2.5130126216269997e-04 
2016   8  26  12   0   0  2.0565702456346369e-04 
2016   8  26  12  30   0  1.9607647292538115e-04 
2016   8  26  13   0   0  2.0843782121740193e-04 
2016   8  26  13  30   0  2.2250979898781918e-04 
2016   8  26  14   0   0  1.9438384922318449e-04 
2016   8  26  14  30   0  1.7578299984591326e-04 
2016   8  26  15   0   0  3.6055280550061021e-04 
2016   8  26  15  30   0  4.1892765337053257e-04 
2016   8  26  16   0   0  4.2260769748449326e-04 
2016   8  26  16  30   0  4.0490640693209183e-04 
2016   8  26  17   0   0  4.0333966627269989e-04 
2016   8  26  17  30   0  3.6627243328674134e-04 
2016   8  26  18   0   0  3.9492420831366135e-04 
2016   8  26  18  30   0  3.8174057709785051e-04 
2016   8  26  19   0   0  3.7199265409932578e-04 
2016   8  26  19  30   0  3.4851767913963142e-04 
2016   8  26  20   0   0  3.5358824263973161e-04 
2016   8  26  20  30   0  3.1460396904528108e-04 
2016   8  26  21   0   0  3.0472526000808038e-04 
2016   8  26  21  30   0  3.3059595845633149e-04 
2016   8  26  22   0   0  4.3955964020480227e-04 
2016   8  26  22  30   0  6.0438402597096129e-04 
2016   8  26  23   0   0  7.5764094831359450e-04 
2016   8  26  23  30   0  9.2968197439906124e-04 
2016   8  27   0   0   0  9.9899776806445465e-04 
2016   8  27   0  30   0  1.0397182772200503e-03 
2016   8  27   1   0   0  1.0905698913444275e-03 
2016   8  27   1  30   0  1.1229504634854793e-03 
2016   8  27   2   0   0  1.1284745950296225e-03 
2016   8  27   2  30   0  1.1392064666637329e-03 
2016   8  27   3   0   0  1.1591688736840176e-03 
2016   8  27   3  30   0  1.1629046929901117e-03 
2016   8  27   4   0   0  1.1495543524029364e-03 
2016   8  27   4  30   0  1.1152016292866431e-03 
2016   8  27   5   0   0  1.0347390934812935e-03 
2016   8  27   5  30   0  9.0702577358919975e-04 
2016   8  27   6   0   0  7.5108588742773044e-04 
2016   8  27   6  30   0  6.0524639444428229e-04 
2016   8  27   7   0   0  4.7187518084742240e-04 
2016   8  27   7  30   0  3.5855158858842467e-04 
2016   8  27   8   0   0  2.9276511938900688e-04 
2016   8  27   8  30   0  2.4905472163487248e-04 
2016   8  27   9   0   0  2.3491838071591800e-04 
2016   8  27   9  30   0  2.2926952513045723e-04 
2016   8  27  10   0   0  1.8970204115829347e-04 
2016   8  27  10  30   0  1.8055489178806311e-04 
2016   8  27  11   0   0  1.3218562046864385e-04 
2016   8  27  11  30   0  1.1339846810964407e-04 
2016   8  27  12   0   0  1.6230821128471201e-04 
2016   8  27  12  30   0  1.6580382412601039e-04 
2016   8  27  13   0   0  1.2827307559361027e-04 
2016   8  27  13  30   0  8.8725969238717147e-05 
2016   8  27  14   0   0  5.2452938885364344e-04 
2016   8  27  14  30   0  5.3021511274197104e-04 
2016   8  27  15   0   0  5.3613163607204813e-04 
2016   8  27  15  30   0  5.4350250346013487e-04 
2016   8  27  16   0   0  5.4728840612798492e-04 
2016   8  27  16  30   0  5.4997177410907991e-04 
2016   8  27  17   0   0  5.5263836666531003e-04 
2016   8  27  17  30   0  5.5571677349864636e-04 
2016   8  27  18   0   0  5.5887911661337540e-04 
2016   8  27  18  30   0  5.6286289402817703e-04 
2016   8  27  19   0   0  5.6634568223235557e-04 
2016   8  27  19  30   0  5.7521638334423074e-04 
2016   8  27  20   0   0  5.7430886285564451e-04 
2016   8  27  20  30   0  5.7893458963676988e-04 
2016   8  27  21   0   0  5.8360886467337609e-04 
2016   8  27  21  30   0  5.8914506872096643e-04 
2016   8  27  22   0   0  5.9986507649318862e-04 
2016   8  27  22  30   0  6.0536036461638981e-04 
2016   8  27  23   0   0  6.0874405286968751e-04 
2016   8  27  23  30   0  6.0883303301047774e-04 
2016   8  28   0   0   0  6.0579613677980192e-04 
2016   8  28   0  30   0  5.9436724219112419e-04 
2016   8  28   1   0   0  5.8628285120531710e-04 
2016   8  28   1  30   0  5.8167467168781573e-04 
2016   8  28   2   0   0  5.7128905496012976e-04 
2016   8  28   2  30   0  5.5576300060238882e-04 
2016   8  28   3   0   0  5.4427566879657312e-04 
2016   8  28   3  30   0  5.3620122229033917e-04 
2016   8  28   4   0   0  5.2348759675169265e-04 
2016   8  28   4  30   0  5.1043826825703095e-04 
2016   8  28   5   0   0  4.9409704885147114e-04 
2016   8  28   5  30   0  4.8167224131159228e-04 
2016   8  28   6   0   0  4.7343240056823952e-04 
2016   8  28   6  30   0  4.6458355622087304e-04 
2016   8  28   7   0   0  4.5873656986971268e-04 
2016   8  28   7  30   0  4.5322124249346087e-04 
2016   8  28   8   0   0  4.5296957958434889e-04 
2016   8  28   8  30   0  4.5503224818771031e-04 
2016   8  28   9   0   0  4.5849540645913708e-04 
2016   8  28   9  30   0  4.6287720039069475e-04 
2016   8  28  10   0   0  4.6764965317583785e-04 
2016   8  28  10  30   0  4.7262623455134636e-04 
2016   8  28  11   0   0  4.7849223520762737e-04 
2016   8  28  11  30   0  4.8467680332034993e-04 
2016   8  28  12   0   0  4.9193486187835468e-04 
2016   8  28  12  30   0  4.9970580660409583e-04 
2016   8  28  13   0   0  5.0667552303846264e-04 
2016   8  28  13  30   0  5.1370781480251525e-04 
2016   8  28  14   0   0  1.4391822233282849e-04 
2016   8  28  14  30   0  1.4676959644525000e-04 
2016   8  28  15   0   0  1.1119832873706635e-04 
2016   8  28  15  30   0  1.0654476015217789e-04 
2016   8  28  16   0   0  1.1412481616370234e-04 
2016   8  28  16  30   0  1.2617590437066109e-04 
2016   8  28  17   0   0  1.2519561846649827e-04 
2016   8  28  17  30   0  1.3244446857733222e-04 
2016   8  28  18   0   0  1.4829543988348755e-04 
2016   8  28  18  30   0  1.8234355542306007e-04 
2016   8  28  19   0   0  2.4092950205807271e-04 
2016   8  28  19  30   0  3.2112618695362530e-04 
2016   8  28  20   0   0  3.2238500684508560e-04 
2016   8  28  20  30   0  4.1671278061311388e-04 
2016   8  28  21   0   0  3.7902854578476472e-04 
2016   8  28  21  30   0  3.4816073902965266e-04 
2016   8  28  22   0   0  5.2427946731299375e-04 
2016   8  28  22  30   0  7.3959774453237460e-04 
2016   8  28  23   0   0  1.3568484934261512e-03 
2016   8  28  23  30   0  7.0239652240729590e-04 
2016   8  29   0   0   0  4.8219240411976098e-04 
2016   8  29   0  30   0  4.8282780282773898e-04 
2016   8  29   1   0   0  4.0079338082694266e-04 
2016   8  29   1  30   0  4.8479539462048185e-04 
2016   8  29   2   0   0  7.9963533885714247e-04 
2016   8  29   2  30   0  9.1504801834216829e-04 
2016   8  29   3   0   0  6.3844716147747212e-04 
2016   8  29   3  30   0  4.7842605029204565e-04 
2016   8  29   4   0   0  4.5560670951082368e-04 
2016   8  29   4  30   0  3.9553170929379028e-04 
2016   8  29   5   0   0  3.8088484499370614e-04 
2016   8  29   5  30   0  3.7914171565471327e-04 
2016   8  29   6   0   0  3.9925662187084428e-04 
2016   8  29   6  30   0  4.1575975531133754e-04 
2016   8  29   7   0   0  4.4332865676807628e-04 
2016   8  29   7  30   0  4.6692251792951984e-04 
2016   8  29   8   0   0  4.0928783794543568e-04 
2016   8  29   8  30   0  3.1179537677829028e-04 
2016   8  29   9   0   0  1.4144478631558291e-04 
2016   8  29   9  30   0  7.6036638721040944e-05 
2016   8  29  10   0   0  2.0632673014625693e-05 
2016   8  29  10  30   0  6.7881448378896635e-06 
2016   8  29  11   0   0  7.3550734020926129e-06 
2016   8  29  11  30   0  7.5566271856674387e-06 
2016   8  29  12   0   0  1.2358556042371945e-04 
2016   8  29  12  30   0  1.0741615181975473e-04 
2016   8  29  13   0   0  6.1744147366708013e-05 
2016   8  29  13  30   0  1.2818045544697552e-05 
2016   8  29  14   0   0  7.5987581860303735e-06 
2016   8  29  14  30   0  7.4686319108178898e-06 
2016   8  29  15   0   0  1.1791528043047646e-04 
2016   8  29  15  30   0  1.2491256930998961e-04 
2016   8  29  16   0   0  7.9703027953187134e-05 
2016   8  29  16  30   0  1.7348561521320828e-04 
2016   8  29  17   0   0  3.4287738183719435e-04 
2016   8  29  17  30   0  3.9565154380133481e-04 
2016   8  29  18   0   0  4.0150158464236503e-04 
2016   8  29  18  30   0  3.6767336920770299e-04 
2016   8  29  19   0   0  4.3472419335900567e-04 
2016   8  29  19  30   0  4.9175604734697084e-04 
2016   8  29  20   0   0  4.7400250942144259e-04 
2016   8  29  20  30   0  4.4282021202819846e-04 
2016   8  29  21   0   0  4.2446202103748357e-04 
2016   8  29  21  30   0  4.2872131363163273e-04 
2016   8  29  22   0   0  3.9755270583766313e-04 
2016   8  29  22  30   0  4.1187938610757579e-04 
2016   8  29  23   0   0  3.7243917453962214e-04 
2016   8  29  23  30   0  3.5146163862504289e-04 
2016   8  30   0   0   0  3.0197361544836038e-04 
2016   8  30   0  30   0  3.0461042978225072e-04 
2016   8  30   1   0   0  2.9109336592750349e-04 
2016   8  30   1  30   0  2.9653061928028442e-04 
2016   8  30   2   0   0  2.8258154526634711e-04 
2016   8  30   2  30   0  2.6960993888610387e-04 
2016   8  30   3   0   0  2.8411572459153395e-04 
2016   8  30   3  30   0  2.9102613206494486e-04 
2016   8  30   4   0   0  3.1380088849332621e-04 
2016   8  30   4  30   0  3.4405970307934699e-04 
2016   8  30   5   0   0  3.7692553708254799e-04 
2016   8  30   5  30   0  3.9654266014418189e-04 
2016   8  30   6   0   0  4.0405057033363604e-04 
2016   8  30   6  30   0  3.8333604395832571e-04 
2016   8  30   7   0   0  3.8173135282115343e-04 
2016   8  30   7  30   0  3.7372968891794851e-04 
2016   8  30   8   0   0  2.7533999329728019e-04 
2016   8  30   8  30   0  2.1978990736449836e-04 
2016   8  30   9   0   0  8.9541944514268855e-05 
2016   8  30   9  30   0  6.9699805017340235e-05 
2016   8  30  10   0   0  9.4849046785197975e-05 
2016   8  30  10  30   0  1.0307438116326039e-04 
2016   8  30  11   0   0  3.3303920477605863e-05 
2016   8  30  11  30   0  4.7670788769848034e-06 
2016   8  30  12   0   0  5.0710025362553374e-05 
2016   8  30  12  30   0  4.5166794618846980e-05 
2016   8  30  13   0   0  4.2354484807648252e-05 
2016   8  30  13  30   0  4.3322036696908183e-05 
2016   8  30  14   0   0  9.3725792505512402e-05 
2016   8  30  14  30   0  9.7593517949704731e-05 
2016   8  30  15   0   0  6.8057571843501387e-05 
2016   8  30  15  30   0  4.9952831882794108e-05 
2016   8  30  16   0   0  6.5444263240409362e-05 
2016   8  30  16  30   0  7.4989353388721806e-05 
2016   8  30  17   0   0  1.7208479377326698e-04 
2016   8  30  17  30   0  2.2076936140518402e-04 
2016   8  30  18   0   0  2.4490296229601188e-04 
2016   8  30  18  30   0  2.3031137816886113e-04 
2016   8  30  19   0   0  2.2998106606819985e-04 
2016   8  30  19  30   0  2.2155484577989539e-04 
2016   8  30  20   0   0  1.6687947630716221e-04 
2016   8  30  20  30   0  1.6791290704768909e-04 
2016   8  30  21   0   0  1.8926904622220620e-04 
2016   8  30  21  30   0  2.3795781547491948e-04 
2016   8  30  22   0   0  2.3990111242065920e-04 
2016   8  30  22  30   0  2.3848115875619265e-04 
2016   8  30  23   0   0  2.5403869167133690e-04 
2016   8  30  23  30   0  2.5405194872724990e-04 
2016   8  31   0   0   0  2.4248092550747881e-04 
2016   8  31   0  30   0  2.3920320886556510e-04 
2016   8  31   1   0   0  2.3502772033936326e-04 
2016   8  31   1  30   0  2.4112086309022841e-04 
2016   8  31   2   0   0  2.6153879226365682e-04 
2016   8  31   2  30   0  2.7938740622241050e-04 
2016   8  31   3   0   0  2.9078089390449869e-04 
2016   8  31   3  30   0  2.9455221398811727e-04 
2016   8  31   4   0   0  3.0261351515275604e-04 
2016   8  31   4  30   0  3.0621175626868079e-04 
2016   8  31   5   0   0  3.1664426614734352e-04 
2016   8  31   5  30   0  3.3218021237586143e-04 
2016   8  31   6   0   0  3.2937475030400047e-04 
2016   8  31   6  30   0  3.2522579643865673e-04 
2016   8  31   7   0   0  2.9498757755382310e-04 
2016   8  31   7  30   0  2.8534828288849078e-04 
2016   8  31   8   0   0  2.8562304442116844e-04 
2016   8  31   8  30   0  2.9904042182706133e-04 
2016   8  31   9   0   0  2.3935656157306981e-04 
2016   8  31   9  30   0  1.6424597997877425e-04 
2016   8  31  10   0   0  1.1017212170200183e-04 
2016   8  31  10  30   0  7.8641190951123316e-05 
2016   8  31  11   0   0  8.1341625590834675e-05 
2016   8  31  11  30   0  8.0796706298476211e-05 
2016   8  31  12   0   0  8.5878176361809197e-05 
2016   8  31  12  30   0  9.5207018918655039e-05 
2016   8  31  13   0   0  1.0337397407605468e-04 
2016   8  31  13  30   0  9.8162353463139887e-05 
2016   8  31  14   0   0  1.0825999970828658e-04 
2016   8  31  14  30   0  9.4303578028132989e-05 
2016   8  31  15   0   0  1.5479503021241514e-04 
2016   8  31  15  30   0  6.5209483325903150e-05 
2016   8  31  16   0   0  9.1125144545854120e-05 
2016   8  31  16  30   0  1.1110449846775187e-04 
2016   8  31  17   0   0  2.0794975203860741e-04 
2016   8  31  17  30   0  2.7270363808434925e-04 
2016   8  31  18   0   0  2.3893127461490856e-04 
2016   8  31  18  30   0  3.1550287505679162e-04 
2016   8  31  19   0   0  4.6216862105685264e-04 
2016   8  31  19  30   0  5.0846042129379723e-04 
2016   8  31  20   0   0  5.2330063179426066e-04 
2016   8  31  20  30   0  5.1693717060550756e-04 
2016   8  31  21   0   0  5.3875004372872513e-04 
2016   8  31  21  30   0  5.3226547591728288e-04 
2016   8  31  22   0   0  5.6907433903261625e-04 
2016   8  31  22  30   0  5.9583436774758526e-04 
2016   8  31  23   0   0  5.6417662028377389e-04 
2016   8  31  23  30   0  5.5021206359144679e-04 
2016   9   1   0   0   0  5.5021206359144679e-04 
