   0   0   0   0   0   0  0.005029 
2016   8   1   0   0   0  5.0290999121019152e-03 
2016   8   1   0  30   0  5.0389976400182605e-03 
2016   8   1   1   0   0  5.1203166046580898e-03 
2016   8   1   1  30   0  5.0887794096346048e-03 
2016   8   1   2   0   0  5.0856865849025533e-03 
2016   8   1   2  30   0  5.0778190529945722e-03 
2016   8   1   3   0   0  5.1382847605148021e-03 
2016   8   1   3  30   0  5.0993407810260606e-03 
2016   8   1   4   0   0  5.2708458434083307e-03 
2016   8   1   4  30   0  5.2981315319614647e-03 
2016   8   1   5   0   0  5.3966092258368832e-03 
2016   8   1   5  30   0  5.3038278918617144e-03 
2016   8   1   6   0   0  5.1497724157489955e-03 
2016   8   1   6  30   0  4.9726139147483524e-03 
2016   8   1   7   0   0  4.5330444602157032e-03 
2016   8   1   7  30   0  4.4678260853547565e-03 
2016   8   1   8   0   0  4.7898150156243805e-03 
2016   8   1   8  30   0  4.4923422327032489e-03 
2016   8   1   9   0   0  4.4456708886112320e-03 
2016   8   1   9  30   0  4.0140740789627229e-03 
2016   8   1  10   0   0  3.9030634386903952e-03 
2016   8   1  10  30   0  3.2912310446968854e-03 
2016   8   1  11   0   0  3.0703433881849257e-03 
2016   8   1  11  30   0  3.4272758662894031e-03 
2016   8   1  12   0   0  3.4808907736165406e-03 
2016   8   1  12  30   0  3.3677746475442708e-03 
2016   8   1  13   0   0  3.3604819028259340e-03 
2016   8   1  13  30   0  4.1269871732415760e-03 
2016   8   1  14   0   0  4.1727936380097329e-03 
2016   8   1  14  30   0  4.0341083899203684e-03 
2016   8   1  15   0   0  3.8425519957149493e-03 
2016   8   1  15  30   0  4.0387977364276934e-03 
2016   8   1  16   0   0  4.1758541859180627e-03 
2016   8   1  16  30   0  3.9089775183899361e-03 
2016   8   1  17   0   0  3.9830179048234247e-03 
2016   8   1  17  30   0  4.6708820489402610e-03 
2016   8   1  18   0   0  4.4678291054545023e-03 
2016   8   1  18  30   0  3.5953182452497104e-03 
2016   8   1  19   0   0  3.3354937609932633e-03 
2016   8   1  19  30   0  3.0807469225225758e-03 
2016   8   1  20   0   0  3.0120553099990278e-03 
2016   8   1  20  30   0  3.0278415788175597e-03 
2016   8   1  21   0   0  3.2062132142025930e-03 
2016   8   1  21  30   0  3.4525704190175115e-03 
2016   8   1  22   0   0  3.6364541219707012e-03 
2016   8   1  22  30   0  3.7208400731873360e-03 
2016   8   1  23   0   0  3.9525654903935737e-03 
2016   8   1  23  30   0  4.2438826289898689e-03 
2016   8   2   0   0   0  2.7909118224215507e-03 
2016   8   2   0  30   0  2.7116648460012755e-03 
2016   8   2   1   0   0  2.7446104492836122e-03 
2016   8   2   1  30   0  2.9577236065973134e-03 
2016   8   2   2   0   0  3.5320296098652077e-03 
2016   8   2   2  30   0  3.9966504084992553e-03 
2016   8   2   3   0   0  4.2819627619892610e-03 
2016   8   2   3  30   0  4.3606452083066590e-03 
2016   8   2   4   0   0  4.3135814410006921e-03 
2016   8   2   4  30   0  4.2506148251360391e-03 
2016   8   2   5   0   0  4.3278006903617041e-03 
2016   8   2   5  30   0  3.9351618852549114e-03 
2016   8   2   6   0   0  3.8999085545538595e-03 
2016   8   2   6  30   0  3.8448709916970997e-03 
2016   8   2   7   0   0  3.7232248004434487e-03 
2016   8   2   7  30   0  3.6767989273547084e-03 
2016   8   2   8   0   0  3.7635435579469866e-03 
2016   8   2   8  30   0  3.8604803854875502e-03 
2016   8   2   9   0   0  3.6515255970709201e-03 
2016   8   2   9  30   0  3.3423513141815674e-03 
2016   8   2  10   0   0  3.4368857786489663e-03 
2016   8   2  10  30   0  3.2154390903213121e-03 
2016   8   2  11   0   0  3.3347034138942731e-03 
2016   8   2  11  30   0  3.7014478095785969e-03 
2016   8   2  12   0   0  2.1286651002422013e-03 
2016   8   2  12  30   0  2.4532203817349469e-03 
2016   8   2  13   0   0  2.6611586669119838e-03 
2016   8   2  13  30   0  2.9037232802739069e-03 
2016   8   2  14   0   0  3.0857157368295463e-03 
2016   8   2  14  30   0  3.4294351562240291e-03 
2016   8   2  15   0   0  3.4882479061076163e-03 
2016   8   2  15  30   0  3.6038163508230123e-03 
2016   8   2  16   0   0  3.7230432385348461e-03 
2016   8   2  16  30   0  3.6223041379028842e-03 
2016   8   2  17   0   0  3.8767455003812187e-03 
2016   8   2  17  30   0  4.3384813257181538e-03 
2016   8   2  18   0   0  4.3043130635170021e-03 
2016   8   2  18  30   0  3.8406377845955153e-03 
2016   8   2  19   0   0  4.2027183534111426e-03 
2016   8   2  19  30   0  4.3173534443589449e-03 
2016   8   2  20   0   0  4.3660999085853918e-03 
2016   8   2  20  30   0  4.1429605327042533e-03 
2016   8   2  21   0   0  4.2034669488729736e-03 
2016   8   2  21  30   0  4.2253517472637062e-03 
2016   8   2  22   0   0  4.3690546821692636e-03 
2016   8   2  22  30   0  4.3752421485629932e-03 
2016   8   2  23   0   0  4.4689319376089260e-03 
2016   8   2  23  30   0  4.3920860161730741e-03 
2016   8   3   0   0   0  4.0885653665062539e-03 
2016   8   3   0  30   0  3.9771828656948675e-03 
2016   8   3   1   0   0  3.9053153182804856e-03 
2016   8   3   1  30   0  3.5629254021946346e-03 
2016   8   3   2   0   0  3.5760942194323570e-03 
2016   8   3   2  30   0  3.5977318889957358e-03 
2016   8   3   3   0   0  3.4211508265968443e-03 
2016   8   3   3  30   0  3.2697883389776073e-03 
2016   8   3   4   0   0  3.3492012343586714e-03 
2016   8   3   4  30   0  3.3474884732524316e-03 
2016   8   3   5   0   0  3.2599160166474793e-03 
2016   8   3   5  30   0  3.3191799070866621e-03 
2016   8   3   6   0   0  3.2718340062036729e-03 
2016   8   3   6  30   0  3.1454066508507066e-03 
2016   8   3   7   0   0  3.2580909972850175e-03 
2016   8   3   7  30   0  3.3560646901955962e-03 
2016   8   3   8   0   0  3.5464843276433221e-03 
2016   8   3   8  30   0  3.7787319807287630e-03 
2016   8   3   9   0   0  3.9012890145725333e-03 
2016   8   3   9  30   0  3.9261645653498618e-03 
2016   8   3  10   0   0  4.1158145415273566e-03 
2016   8   3  10  30   0  4.2512445188005966e-03 
2016   8   3  11   0   0  4.3280502668481685e-03 
2016   8   3  11  30   0  4.0471878957532318e-03 
2016   8   3  12   0   0  3.9950901742144178e-03 
2016   8   3  12  30   0  3.9833477641903437e-03 
2016   8   3  13   0   0  3.3679735151354649e-03 
2016   8   3  13  30   0  3.5697341177281720e-03 
2016   8   3  14   0   0  3.4684015789641131e-03 
2016   8   3  14  30   0  3.7541442017012083e-03 
2016   8   3  15   0   0  3.6434349135606066e-03 
2016   8   3  15  30   0  4.3729776113498372e-03 
2016   8   3  16   0   0  4.5229433509049030e-03 
2016   8   3  16  30   0  4.4155386643917110e-03 
2016   8   3  17   0   0  4.2579215052824006e-03 
2016   8   3  17  30   0  4.6842890392820745e-03 
2016   8   3  18   0   0  4.9046661926173156e-03 
2016   8   3  18  30   0  4.4562982958497310e-03 
2016   8   3  19   0   0  4.4819459860603586e-03 
2016   8   3  19  30   0  4.4156083597298307e-03 
2016   8   3  20   0   0  4.4285845960290188e-03 
2016   8   3  20  30   0  4.2974339755026854e-03 
2016   8   3  21   0   0  4.3490818423040636e-03 
2016   8   3  21  30   0  4.4875064617886104e-03 
2016   8   3  22   0   0  4.5501775574955401e-03 
2016   8   3  22  30   0  4.5643440163024972e-03 
2016   8   3  23   0   0  4.4265863027536873e-03 
2016   8   3  23  30   0  4.2859360618258471e-03 
2016   8   4   0   0   0  4.2820619587494195e-03 
2016   8   4   0  30   0  4.0182205354154978e-03 
2016   8   4   1   0   0  3.8388073971691678e-03 
2016   8   4   1  30   0  3.6922599825756435e-03 
2016   8   4   2   0   0  3.5552809570992042e-03 
2016   8   4   2  30   0  3.3901982270499206e-03 
2016   8   4   3   0   0  3.2514951579265994e-03 
2016   8   4   3  30   0  3.3238780091625797e-03 
2016   8   4   4   0   0  3.4712123149912210e-03 
2016   8   4   4  30   0  3.2973783909813056e-03 
2016   8   4   5   0   0  3.1850216334984309e-03 
2016   8   4   5  30   0  3.2373987835317142e-03 
2016   8   4   6   0   0  3.8218733175750955e-03 
2016   8   4   6  30   0  3.6406065118006689e-03 
2016   8   4   7   0   0  3.6631273614641659e-03 
2016   8   4   7  30   0  3.7999263113246817e-03 
2016   8   4   8   0   0  3.7891903958864105e-03 
2016   8   4   8  30   0  3.6739668321374369e-03 
2016   8   4   9   0   0  3.5879659201762267e-03 
2016   8   4   9  30   0  3.3622160300899925e-03 
2016   8   4  10   0   0  3.3805924152550226e-03 
2016   8   4  10  30   0  3.4192314113349440e-03 
2016   8   4  11   0   0  4.1537919187106687e-03 
2016   8   4  11  30   0  4.0323201043706769e-03 
2016   8   4  12   0   0  4.1186002247761474e-03 
2016   8   4  12  30   0  4.4212843994767496e-03 
2016   8   4  13   0   0  4.2682840377375134e-03 
2016   8   4  13  30   0  3.9518750766187024e-03 
2016   8   4  14   0   0  4.1194961400825665e-03 
2016   8   4  14  30   0  3.2119748801034587e-03 
2016   8   4  15   0   0  3.0285729028598969e-03 
2016   8   4  15  30   0  2.7727194158498744e-03 
2016   8   4  16   0   0  2.8027629108780408e-03 
2016   8   4  16  30   0  3.0807219491714001e-03 
2016   8   4  17   0   0  3.3587592207415928e-03 
2016   8   4  17  30   0  3.6680181199012256e-03 
2016   8   4  18   0   0  3.8924610044835488e-03 
2016   8   4  18  30   0  4.0025235332611306e-03 
2016   8   4  19   0   0  4.1176501553481706e-03 
2016   8   4  19  30   0  4.1110157357888595e-03 
2016   8   4  20   0   0  3.6964205338584572e-03 
2016   8   4  20  30   0  3.5193539430632206e-03 
2016   8   4  21   0   0  3.4680385423550984e-03 
2016   8   4  21  30   0  2.6669738098707642e-03 
2016   8   4  22   0   0  1.7690726410659750e-03 
2016   8   4  22  30   0  1.6141076266358587e-03 
2016   8   4  23   0   0  1.6525063946279950e-03 
2016   8   4  23  30   0  1.6679986110519325e-03 
2016   8   5   0   0   0  1.6149956544761620e-03 
2016   8   5   0  30   0  1.4443013625384715e-03 
2016   8   5   1   0   0  1.3108628608095661e-03 
2016   8   5   1  30   0  1.3091040984574663e-03 
2016   8   5   2   0   0  1.5024214278049086e-03 
2016   8   5   2  30   0  1.7436329575140741e-03 
2016   8   5   3   0   0  1.8584908089065979e-03 
2016   8   5   3  30   0  2.0981879671352127e-03 
2016   8   5   4   0   0  2.1704033688850826e-03 
2016   8   5   4  30   0  2.2904104411038380e-03 
2016   8   5   5   0   0  2.3864911854854271e-03 
2016   8   5   5  30   0  2.5397025400127845e-03 
2016   8   5   6   0   0  2.3302838354368124e-03 
2016   8   5   6  30   0  2.2898643595303408e-03 
2016   8   5   7   0   0  2.1028019120414481e-03 
2016   8   5   7  30   0  2.2171299802227736e-03 
2016   8   5   8   0   0  2.2165045527875048e-03 
2016   8   5   8  30   0  2.3251557666704279e-03 
2016   8   5   9   0   0  2.4957432751166108e-03 
2016   8   5   9  30   0  2.7763460363124408e-03 
2016   8   5  10   0   0  2.8965985456327241e-03 
2016   8   5  10  30   0  3.0962400631644785e-03 
2016   8   5  11   0   0  3.7304904690763311e-03 
2016   8   5  11  30   0  4.2428761183136692e-03 
2016   8   5  12   0   0  4.6122971890201576e-03 
2016   8   5  12  30   0  4.8917316203473289e-03 
2016   8   5  13   0   0  5.0620992279229240e-03 
2016   8   5  13  30   0  4.5487473379341586e-03 
2016   8   5  14   0   0  4.8063019587366931e-03 
2016   8   5  14  30   0  4.9051260664871961e-03 
2016   8   5  15   0   0  4.8711427179514216e-03 
2016   8   5  15  30   0  5.1832425211507972e-03 
2016   8   5  16   0   0  4.9717795065937539e-03 
2016   8   5  16  30   0  5.0020345096766020e-03 
2016   8   5  17   0   0  4.7030568719528144e-03 
2016   8   5  17  30   0  4.5815042865672588e-03 
2016   8   5  18   0   0  4.5349040342983274e-03 
2016   8   5  18  30   0  7.0203235059004658e-03 
2016   8   5  19   0   0  9.2842335124558185e-03 
2016   8   5  19  30   0  9.6721051874701716e-03 
2016   8   5  20   0   0  7.9775979879997422e-03 
2016   8   5  20  30   0  5.9397672453036111e-03 
2016   8   5  21   0   0  5.9472149561980896e-03 
2016   8   5  21  30   0  5.5397211142059182e-03 
2016   8   5  22   0   0  5.1081645516558409e-03 
2016   8   5  22  30   0  4.9862682604356959e-03 
2016   8   5  23   0   0  5.2854624956744428e-03 
2016   8   5  23  30   0  5.5468923952074600e-03 
2016   8   6   0   0   0  7.8626064957758399e-03 
2016   8   6   0  30   0  8.4366799543459138e-03 
2016   8   6   1   0   0  8.6554691898878423e-03 
2016   8   6   1  30   0  8.5510650284301177e-03 
2016   8   6   2   0   0  8.5242012967373451e-03 
2016   8   6   2  30   0  8.4312686973687309e-03 
2016   8   6   3   0   0  8.3081155905490138e-03 
2016   8   6   3  30   0  8.1832591861245654e-03 
2016   8   6   4   0   0  7.9529009996198129e-03 
2016   8   6   4  30   0  8.0167815309525482e-03 
2016   8   6   5   0   0  7.7393390508946553e-03 
2016   8   6   5  30   0  6.8835314908937831e-03 
2016   8   6   6   0   0  6.8097192396486929e-03 
2016   8   6   6  30   0  6.3362265956939832e-03 
2016   8   6   7   0   0  5.9935243831197357e-03 
2016   8   6   7  30   0  5.8102362010697631e-03 
2016   8   6   8   0   0  5.3015804238958414e-03 
2016   8   6   8  30   0  4.9838508552921008e-03 
2016   8   6   9   0   0  4.9135328963357608e-03 
2016   8   6   9  30   0  5.1874735384809644e-03 
2016   8   6  10   0   0  4.8018382243070956e-03 
2016   8   6  10  30   0  4.7206517872703871e-03 
2016   8   6  11   0   0  4.4133804209521271e-03 
2016   8   6  11  30   0  4.7853503416833048e-03 
2016   8   6  12   0   0  4.7694868266148667e-03 
2016   8   6  12  30   0  4.5825407623727027e-03 
2016   8   6  13   0   0  4.7403204846094126e-03 
2016   8   6  13  30   0  5.4147510451035448e-03 
2016   8   6  14   0   0  5.5922601693476834e-03 
2016   8   6  14  30   0  5.6936200970802249e-03 
2016   8   6  15   0   0  5.3697136996358127e-03 
2016   8   6  15  30   0  5.3834165657852331e-03 
2016   8   6  16   0   0  5.5538276988306087e-03 
2016   8   6  16  30   0  5.6967269973436244e-03 
2016   8   6  17   0   0  6.0835888329846101e-03 
2016   8   6  17  30   0  6.4849454518011301e-03 
2016   8   6  18   0   0  6.7825110459799800e-03 
2016   8   6  18  30   0  5.0399936256869480e-03 
2016   8   6  19   0   0  4.3756922328970641e-03 
2016   8   6  19  30   0  4.3814596802975309e-03 
2016   8   6  20   0   0  4.3360836526695591e-03 
2016   8   6  20  30   0  4.5073192559858810e-03 
2016   8   6  21   0   0  4.6689772823478165e-03 
2016   8   6  21  30   0  5.1584931335290404e-03 
2016   8   6  22   0   0  5.4853737058358524e-03 
2016   8   6  22  30   0  6.2347262295433022e-03 
2016   8   6  23   0   0  6.8026706157872738e-03 
2016   8   6  23  30   0  7.3783638598166517e-03 
2016   8   7   0   0   0  6.7787646139497370e-03 
2016   8   7   0  30   0  6.8180244774933771e-03 
2016   8   7   1   0   0  8.2544774244019022e-03 
2016   8   7   1  30   0  8.4439339717240387e-03 
2016   8   7   2   0   0  8.0968114677511128e-03 
2016   8   7   2  30   0  8.3461512425135297e-03 
2016   8   7   3   0   0  8.2522838937111893e-03 
2016   8   7   3  30   0  8.2750376668027509e-03 
2016   8   7   4   0   0  7.6622566516584868e-03 
2016   8   7   4  30   0  7.6146152145513549e-03 
2016   8   7   5   0   0  7.3488142738549452e-03 
2016   8   7   5  30   0  7.2478398990407826e-03 
2016   8   7   6   0   0  6.8608273947344716e-03 
2016   8   7   6  30   0  7.0289681214155079e-03 
2016   8   7   7   0   0  7.0923126230264984e-03 
2016   8   7   7  30   0  6.9935801025287469e-03 
2016   8   7   8   0   0  6.4893132721635409e-03 
2016   8   7   8  30   0  6.2294388828371995e-03 
2016   8   7   9   0   0  6.2153661376808727e-03 
2016   8   7   9  30   0  5.7531079641876762e-03 
2016   8   7  10   0   0  5.3033218607360143e-03 
2016   8   7  10  30   0  4.8259484406640652e-03 
2016   8   7  11   0   0  4.2247836983383708e-03 
2016   8   7  11  30   0  4.2558912603485105e-03 
2016   8   7  12   0   0  4.1191906010640805e-03 
2016   8   7  12  30   0  3.5022528347698071e-03 
2016   8   7  13   0   0  3.0922423320020299e-03 
2016   8   7  13  30   0  3.2933835643761816e-03 
2016   8   7  14   0   0  3.5091397315168554e-03 
2016   8   7  14  30   0  3.8672856486026233e-03 
2016   8   7  15   0   0  3.7681489469022890e-03 
2016   8   7  15  30   0  3.6132656481962107e-03 
2016   8   7  16   0   0  3.6556608395187781e-03 
2016   8   7  16  30   0  4.1579860293944979e-03 
2016   8   7  17   0   0  4.0256731581406564e-03 
2016   8   7  17  30   0  4.5235803974731335e-03 
2016   8   7  18   0   0  4.5783630628367308e-03 
2016   8   7  18  30   0  4.2232602719997070e-03 
2016   8   7  19   0   0  4.1154142152010180e-03 
2016   8   7  19  30   0  4.1572984634097865e-03 
2016   8   7  20   0   0  4.2149512004921426e-03 
2016   8   7  20  30   0  4.3481464226419481e-03 
2016   8   7  21   0   0  4.7579070557999597e-03 
2016   8   7  21  30   0  4.9860074165728550e-03 
2016   8   7  22   0   0  5.4950322763346847e-03 
2016   8   7  22  30   0  5.4342640503106153e-03 
2016   8   7  23   0   0  5.4574867321229752e-03 
2016   8   7  23  30   0  5.7910361031547541e-03 
2016   8   8   0   0   0  5.9835560256395626e-03 
2016   8   8   0  30   0  6.3232567711308061e-03 
2016   8   8   1   0   0  6.6032827599673107e-03 
2016   8   8   1  30   0  6.0005378272967678e-03 
2016   8   8   2   0   0  6.0791166708198396e-03 
2016   8   8   2  30   0  6.0030769291365286e-03 
2016   8   8   3   0   0  5.9224240189514402e-03 
2016   8   8   3  30   0  5.9448752934652058e-03 
2016   8   8   4   0   0  5.7640035293419446e-03 
2016   8   8   4  30   0  5.3024574527964653e-03 
2016   8   8   5   0   0  5.0906944229313286e-03 
2016   8   8   5  30   0  5.1983758239724995e-03 
2016   8   8   6   0   0  5.2152044702702552e-03 
2016   8   8   6  30   0  5.4817245831433993e-03 
2016   8   8   7   0   0  6.0084488526038621e-03 
2016   8   8   7  30   0  5.5535864687756339e-03 
2016   8   8   8   0   0  5.5393236870282404e-03 
2016   8   8   8  30   0  5.7567614631196798e-03 
2016   8   8   9   0   0  5.7502801106482744e-03 
2016   8   8   9  30   0  5.6732341689801746e-03 
2016   8   8  10   0   0  5.6920441626573089e-03 
2016   8   8  10  30   0  5.5583823283282723e-03 
2016   8   8  11   0   0  5.2917741273145868e-03 
2016   8   8  11  30   0  5.0631575584772969e-03 
2016   8   8  12   0   0  5.4787155632840309e-03 
2016   8   8  12  30   0  5.2115603728148108e-03 
2016   8   8  13   0   0  5.2564226038813141e-03 
2016   8   8  13  30   0  5.4969737808334678e-03 
2016   8   8  14   0   0  5.5029038469362537e-03 
2016   8   8  14  30   0  5.3510900609176158e-03 
2016   8   8  15   0   0  5.3464641496276449e-03 
2016   8   8  15  30   0  5.0523581811016830e-03 
2016   8   8  16   0   0  4.7783961297151491e-03 
2016   8   8  16  30   0  4.8770507727391920e-03 
2016   8   8  17   0   0  4.9037787148149600e-03 
2016   8   8  17  30   0  4.8989668172670121e-03 
2016   8   8  18   0   0  5.0738523410795988e-03 
2016   8   8  18  30   0  4.9145159158862570e-03 
2016   8   8  19   0   0  4.9062152909401351e-03 
2016   8   8  19  30   0  4.9832787954915579e-03 
2016   8   8  20   0   0  5.0192230374320884e-03 
2016   8   8  20  30   0  5.0409048856358187e-03 
2016   8   8  21   0   0  4.9699478311720120e-03 
2016   8   8  21  30   0  5.0595278481164740e-03 
2016   8   8  22   0   0  5.1613153911734258e-03 
2016   8   8  22  30   0  5.4022508997002804e-03 
2016   8   8  23   0   0  5.9146344706558626e-03 
2016   8   8  23  30   0  6.6062467322785551e-03 
2016   8   9   0   0   0  7.7176802828596491e-03 
2016   8   9   0  30   0  7.5660873737515011e-03 
2016   8   9   1   0   0  7.4407478380711317e-03 
2016   8   9   1  30   0  7.3994700603879004e-03 
2016   8   9   2   0   0  7.7825584528316179e-03 
2016   8   9   2  30   0  7.6116796292757067e-03 
2016   8   9   3   0   0  6.7843576333974911e-03 
2016   8   9   3  30   0  5.5003750565122932e-03 
2016   8   9   4   0   0  4.4659007957444600e-03 
2016   8   9   4  30   0  4.2004238043349676e-03 
2016   8   9   5   0   0  4.1737978401566143e-03 
2016   8   9   5  30   0  4.2758474656219084e-03 
2016   8   9   6   0   0  4.1531485149352209e-03 
2016   8   9   6  30   0  4.2185019338598787e-03 
2016   8   9   7   0   0  4.2277716975023024e-03 
2016   8   9   7  30   0  4.2415901099330739e-03 
2016   8   9   8   0   0  3.9630258624990481e-03 
2016   8   9   8  30   0  3.2655998274464708e-03 
2016   8   9   9   0   0  2.8173803141394028e-03 
2016   8   9   9  30   0  2.5424713011228104e-03 
2016   8   9  10   0   0  2.6985327574914428e-03 
2016   8   9  10  30   0  2.8594153773473015e-03 
2016   8   9  11   0   0  3.1719232006643511e-03 
2016   8   9  11  30   0  3.0710471391601013e-03 
2016   8   9  12   0   0  2.9980344809152982e-03 
2016   8   9  12  30   0  3.2306397107790177e-03 
2016   8   9  13   0   0  2.9573251508675526e-03 
2016   8   9  13  30   0  3.2357663588939698e-03 
2016   8   9  14   0   0  3.3109687122289330e-03 
2016   8   9  14  30   0  3.5531225693254580e-03 
2016   8   9  15   0   0  3.3764516165941299e-03 
2016   8   9  15  30   0  3.0668336957268096e-03 
2016   8   9  16   0   0  3.4361907307118053e-03 
2016   8   9  16  30   0  3.2703078103409598e-03 
2016   8   9  17   0   0  3.5188217888975208e-03 
2016   8   9  17  30   0  3.8908633636613567e-03 
2016   8   9  18   0   0  4.0352550802529733e-03 
2016   8   9  18  30   0  3.9717528148802677e-03 
2016   8   9  19   0   0  4.0012333320401539e-03 
2016   8   9  19  30   0  3.8822877220623521e-03 
2016   8   9  20   0   0  3.8409923478329023e-03 
2016   8   9  20  30   0  3.7866947724377745e-03 
2016   8   9  21   0   0  3.6531235250333647e-03 
2016   8   9  21  30   0  3.6108593306940985e-03 
2016   8   9  22   0   0  3.5886426962533535e-03 
2016   8   9  22  30   0  3.5463692022732808e-03 
2016   8   9  23   0   0  3.5075231687227530e-03 
2016   8   9  23  30   0  3.5644985476677156e-03 
2016   8  10   0   0   0  3.6186364774976366e-03 
2016   8  10   0  30   0  3.6011773797450745e-03 
2016   8  10   1   0   0  3.6683999810425342e-03 
2016   8  10   1  30   0  3.5372862868464955e-03 
2016   8  10   2   0   0  3.6149069434853486e-03 
2016   8  10   2  30   0  3.7003023599697701e-03 
2016   8  10   3   0   0  3.7211800901049627e-03 
2016   8  10   3  30   0  3.7580692275817852e-03 
2016   8  10   4   0   0  3.8159021057975551e-03 
2016   8  10   4  30   0  3.9696674628322427e-03 
2016   8  10   5   0   0  4.2162375577697439e-03 
2016   8  10   5  30   0  4.2769906317123210e-03 
2016   8  10   6   0   0  4.4682737024934220e-03 
2016   8  10   6  30   0  4.6972059610313061e-03 
2016   8  10   7   0   0  4.7912009178615097e-03 
2016   8  10   7  30   0  4.8723741890904252e-03 
2016   8  10   8   0   0  5.0105229379135722e-03 
2016   8  10   8  30   0  4.8971637886608826e-03 
2016   8  10   9   0   0  4.7181370695674671e-03 
2016   8  10   9  30   0  4.3601887017782710e-03 
2016   8  10  10   0   0  4.3604030204742435e-03 
2016   8  10  10  30   0  4.2832980015188584e-03 
2016   8  10  11   0   0  4.3975054421192495e-03 
2016   8  10  11  30   0  4.5854170552467799e-03 
2016   8  10  12   0   0  4.6381991099639260e-03 
2016   8  10  12  30   0  4.9786046308562476e-03 
2016   8  10  13   0   0  4.2922289502830809e-03 
2016   8  10  13  30   0  4.4009167808096578e-03 
2016   8  10  14   0   0  3.8356664831869398e-03 
2016   8  10  14  30   0  3.3475247312899285e-03 
2016   8  10  15   0   0  2.9969510869955608e-03 
2016   8  10  15  30   0  3.0982111543092867e-03 
2016   8  10  16   0   0  3.3763821515324158e-03 
2016   8  10  16  30   0  4.2110454639475792e-03 
2016   8  10  17   0   0  4.1049755985412542e-03 
2016   8  10  17  30   0  4.4355516749938978e-03 
2016   8  10  18   0   0  5.9700977799959079e-03 
2016   8  10  18  30   0  4.9803981209418577e-03 
2016   8  10  19   0   0  3.9812243463904868e-03 
2016   8  10  19  30   0  3.7968622924448399e-03 
2016   8  10  20   0   0  3.2959704427670054e-03 
2016   8  10  20  30   0  2.9930266433981930e-03 
2016   8  10  21   0   0  3.0422397893466405e-03 
2016   8  10  21  30   0  3.1536773539047871e-03 
2016   8  10  22   0   0  3.0836188592776996e-03 
2016   8  10  22  30   0  3.1303503875392516e-03 
2016   8  10  23   0   0  3.2440970751532370e-03 
2016   8  10  23  30   0  3.3919258568858397e-03 
2016   8  11   0   0   0  3.1052372932854930e-03 
2016   8  11   0  30   0  3.4835711806774396e-03 
2016   8  11   1   0   0  4.7263399510320755e-03 
2016   8  11   1  30   0  6.2764482747989870e-03 
2016   8  11   2   0   0  6.0273946463355052e-03 
2016   8  11   2  30   0  4.2632136735330332e-03 
2016   8  11   3   0   0  3.7215211070564225e-03 
2016   8  11   3  30   0  3.3475092264973732e-03 
2016   8  11   4   0   0  3.1641125998362945e-03 
2016   8  11   4  30   0  3.2963969953501626e-03 
2016   8  11   5   0   0  3.3954428751717535e-03 
2016   8  11   5  30   0  3.9347549954056611e-03 
2016   8  11   6   0   0  3.5647894798758080e-03 
2016   8  11   6  30   0  3.6964179899268532e-03 
2016   8  11   7   0   0  3.7135638180253454e-03 
2016   8  11   7  30   0  3.5012237224785374e-03 
2016   8  11   8   0   0  3.2640149015859300e-03 
2016   8  11   8  30   0  3.2913495000432393e-03 
2016   8  11   9   0   0  3.5396688690408204e-03 
2016   8  11   9  30   0  3.6883671130081138e-03 
2016   8  11  10   0   0  3.6730937799622793e-03 
2016   8  11  10  30   0  3.6907269035861010e-03 
2016   8  11  11   0   0  3.5209673543668846e-03 
2016   8  11  11  30   0  3.7351030195516759e-03 
2016   8  11  12   0   0  3.5783020202402706e-03 
2016   8  11  12  30   0  2.9026625558785297e-03 
2016   8  11  13   0   0  2.1644195509696118e-03 
2016   8  11  13  30   0  2.9084584808093993e-03 
2016   8  11  14   0   0  2.7955472816296903e-03 
2016   8  11  14  30   0  2.5495125598966944e-03 
2016   8  11  15   0   0  2.5088399000976424e-03 
2016   8  11  15  30   0  2.5692853270648463e-03 
2016   8  11  16   0   0  2.8807557123911478e-03 
2016   8  11  16  30   0  3.0882433780616129e-03 
2016   8  11  17   0   0  3.3759719630700540e-03 
2016   8  11  17  30   0  4.1138919819234060e-03 
2016   8  11  18   0   0  4.0161675579764777e-03 
2016   8  11  18  30   0  2.9046108100432822e-03 
2016   8  11  19   0   0  2.7332066284595372e-03 
2016   8  11  19  30   0  1.6024397299991659e-03 
2016   8  11  20   0   0  1.5987171510703012e-03 
2016   8  11  20  30   0  1.5622839674477203e-03 
2016   8  11  21   0   0  1.8496873733557912e-03 
2016   8  11  21  30   0  2.1676065935621039e-03 
2016   8  11  22   0   0  2.2615059121168430e-03 
2016   8  11  22  30   0  2.9531257322364161e-03 
2016   8  11  23   0   0  2.5652369077760785e-03 
2016   8  11  23  30   0  1.8812173077937652e-03 
2016   8  12   0   0   0  1.9463412507128390e-03 
2016   8  12   0  30   0  1.9751965352993324e-03 
2016   8  12   1   0   0  2.1173072949597018e-03 
2016   8  12   1  30   0  2.2633194133668323e-03 
2016   8  12   2   0   0  2.4364538383287383e-03 
2016   8  12   2  30   0  2.7995120117693603e-03 
2016   8  12   3   0   0  3.0360021239056196e-03 
2016   8  12   3  30   0  3.0060084225852915e-03 
2016   8  12   4   0   0  3.4159563146246752e-03 
2016   8  12   4  30   0  3.6805159676649032e-03 
2016   8  12   5   0   0  3.9670304288440253e-03 
2016   8  12   5  30   0  3.9822356904700464e-03 
2016   8  12   6   0   0  3.8316383945276138e-03 
2016   8  12   6  30   0  3.5110876429183778e-03 
2016   8  12   7   0   0  2.3710391260830430e-03 
2016   8  12   7  30   0  2.0770550150826300e-03 
2016   8  12   8   0   0  1.8657051983194909e-03 
2016   8  12   8  30   0  1.8749572967119237e-03 
2016   8  12   9   0   0  2.0453338061235840e-03 
2016   8  12   9  30   0  2.2106826359225076e-03 
2016   8  12  10   0   0  2.3085846643795872e-03 
2016   8  12  10  30   0  2.4995266086657946e-03 
2016   8  12  11   0   0  2.7501751775611733e-03 
2016   8  12  11  30   0  1.8263257680701454e-03 
2016   8  12  12   0   0  1.7803945378220842e-03 
2016   8  12  12  30   0  2.0289853029177018e-03 
2016   8  12  13   0   0  2.7374586773215967e-03 
2016   8  12  13  30   0  3.1961165953701895e-03 
2016   8  12  14   0   0  2.6463589171835437e-03 
2016   8  12  14  30   0  2.0323889066041728e-03 
2016   8  12  15   0   0  1.8580368527928925e-03 
2016   8  12  15  30   0  1.8118533063252685e-03 
2016   8  12  16   0   0  2.2177685042490520e-03 
2016   8  12  16  30   0  2.3591754988022788e-03 
2016   8  12  17   0   0  2.8940693929308185e-03 
2016   8  12  17  30   0  3.0606113898686317e-03 
2016   8  12  18   0   0  3.6375468723030889e-03 
2016   8  12  18  30   0  4.9035049018843879e-03 
2016   8  12  19   0   0  5.5854931246882410e-03 
2016   8  12  19  30   0  5.3948512088987490e-03 
2016   8  12  20   0   0  5.0315121336710188e-03 
2016   8  12  20  30   0  4.5698779637371777e-03 
2016   8  12  21   0   0  5.0253146668278754e-03 
2016   8  12  21  30   0  5.4452134037100896e-03 
2016   8  12  22   0   0  5.3760330701815347e-03 
2016   8  12  22  30   0  5.1517649577372069e-03 
2016   8  12  23   0   0  4.8769580684285404e-03 
2016   8  12  23  30   0  4.4627286341949284e-03 
2016   8  13   0   0   0  4.4120598955054218e-03 
2016   8  13   0  30   0  4.3556687056580780e-03 
2016   8  13   1   0   0  4.2663342137908003e-03 
2016   8  13   1  30   0  4.1542701669526208e-03 
2016   8  13   2   0   0  4.2895770236345302e-03 
2016   8  13   2  30   0  4.2612027295142237e-03 
2016   8  13   3   0   0  4.3055504178180458e-03 
2016   8  13   3  30   0  4.3703705280990759e-03 
2016   8  13   4   0   0  4.5200971523831528e-03 
2016   8  13   4  30   0  4.7525949749839614e-03 
2016   8  13   5   0   0  4.7477815210614565e-03 
2016   8  13   5  30   0  4.7876095842810523e-03 
2016   8  13   6   0   0  4.7572034975835531e-03 
2016   8  13   6  30   0  4.6523441118321608e-03 
2016   8  13   7   0   0  4.4418769336818141e-03 
2016   8  13   7  30   0  4.2056818577058189e-03 
2016   8  13   8   0   0  4.1256280558055599e-03 
2016   8  13   8  30   0  4.0520481062291227e-03 
2016   8  13   9   0   0  3.9310470699831877e-03 
2016   8  13   9  30   0  3.5667020186290507e-03 
2016   8  13  10   0   0  3.5516621272523000e-03 
2016   8  13  10  30   0  2.7207023467838232e-03 
2016   8  13  11   0   0  2.2998235124601697e-03 
2016   8  13  11  30   0  2.0642934999635658e-03 
2016   8  13  12   0   0  1.5989545249218582e-03 
2016   8  13  12  30   0  1.4977192426825468e-03 
2016   8  13  13   0   0  1.5361625561488926e-03 
2016   8  13  13  30   0  1.5758696792728105e-03 
2016   8  13  14   0   0  1.5929077408408927e-03 
2016   8  13  14  30   0  1.8609922169012688e-03 
2016   8  13  15   0   0  2.0656862585304962e-03 
2016   8  13  15  30   0  2.6876761500716252e-03 
2016   8  13  16   0   0  2.8106372630348729e-03 
2016   8  13  16  30   0  3.3282063357062217e-03 
2016   8  13  17   0   0  3.0173817611288838e-03 
2016   8  13  17  30   0  1.9251153443098023e-03 
2016   8  13  18   0   0  2.2113356902042163e-03 
2016   8  13  18  30   0  2.8326499036705447e-03 
2016   8  13  19   0   0  3.3906182094109861e-03 
2016   8  13  19  30   0  3.4456129374157919e-03 
2016   8  13  20   0   0  3.4288353132958167e-03 
2016   8  13  20  30   0  3.5610178669356939e-03 
2016   8  13  21   0   0  3.6258552910266280e-03 
2016   8  13  21  30   0  3.8029503864984654e-03 
2016   8  13  22   0   0  3.9789654304740315e-03 
2016   8  13  22  30   0  4.0216917099761195e-03 
2016   8  13  23   0   0  4.0467351809715477e-03 
2016   8  13  23  30   0  4.0464145865346532e-03 
2016   8  14   0   0   0  4.0766310817016340e-03 
2016   8  14   0  30   0  4.1712329989677232e-03 
2016   8  14   1   0   0  3.9864363558324697e-03 
2016   8  14   1  30   0  4.1662473648862034e-03 
2016   8  14   2   0   0  4.0270369638178392e-03 
2016   8  14   2  30   0  3.9692349221233788e-03 
2016   8  14   3   0   0  3.7966111186825105e-03 
2016   8  14   3  30   0  3.7364854927149655e-03 
2016   8  14   4   0   0  3.8720214734778409e-03 
2016   8  14   4  30   0  4.0765086056313250e-03 
2016   8  14   5   0   0  3.9251739870541057e-03 
2016   8  14   5  30   0  3.9862606994335477e-03 
2016   8  14   6   0   0  4.1850456874084757e-03 
2016   8  14   6  30   0  6.1476037352239483e-03 
2016   8  14   7   0   0  5.0240877601377826e-03 
2016   8  14   7  30   0  4.5807196493274464e-03 
2016   8  14   8   0   0  3.6883366150631826e-03 
2016   8  14   8  30   0  3.5129161908574263e-03 
2016   8  14   9   0   0  3.2756433697687238e-03 
2016   8  14   9  30   0  3.2664053783574769e-03 
2016   8  14  10   0   0  3.5356937058357574e-03 
2016   8  14  10  30   0  3.3174937423068739e-03 
2016   8  14  11   0   0  3.0994676350663357e-03 
2016   8  14  11  30   0  3.3031710289395688e-03 
2016   8  14  12   0   0  2.9292500693579057e-03 
2016   8  14  12  30   0  3.0610835634223162e-03 
2016   8  14  13   0   0  3.4087785176848181e-03 
2016   8  14  13  30   0  3.9222060913882192e-03 
2016   8  14  14   0   0  4.3049859968392551e-03 
2016   8  14  14  30   0  4.9298534789930064e-03 
2016   8  14  15   0   0  5.0047433645933068e-03 
2016   8  14  15  30   0  5.1440046087233371e-03 
2016   8  14  16   0   0  5.3558135591724558e-03 
2016   8  14  16  30   0  5.4401225346432163e-03 
2016   8  14  17   0   0  5.1537791410323991e-03 
2016   8  14  17  30   0  5.6242903725648805e-03 
2016   8  14  18   0   0  6.0831522254618407e-03 
2016   8  14  18  30   0  3.4168507464517458e-03 
2016   8  14  19   0   0  3.3202785758323790e-03 
2016   8  14  19  30   0  3.2916717490595140e-03 
2016   8  14  20   0   0  3.4244055729353794e-03 
2016   8  14  20  30   0  3.8480564075056671e-03 
2016   8  14  21   0   0  4.0471473732233013e-03 
2016   8  14  21  30   0  4.1635242132145823e-03 
2016   8  14  22   0   0  3.7802424028069949e-03 
2016   8  14  22  30   0  2.6495627473459098e-03 
2016   8  14  23   0   0  2.1339156762771377e-03 
2016   8  14  23  30   0  1.8778569007105567e-03 
2016   8  15   0   0   0  1.5877939351647402e-03 
2016   8  15   0  30   0  1.3683699377891024e-03 
2016   8  15   1   0   0  1.2403711572469098e-03 
2016   8  15   1  30   0  1.0845935968062993e-03 
2016   8  15   2   0   0  9.3056860807557904e-04 
2016   8  15   2  30   0  7.4516617224999521e-04 
2016   8  15   3   0   0  7.1313498556753625e-04 
2016   8  15   3  30   0  8.4592949911466912e-04 
2016   8  15   4   0   0  1.0261941496142787e-03 
2016   8  15   4  30   0  1.0447576583589421e-03 
2016   8  15   5   0   0  1.0504548370761466e-03 
2016   8  15   5  30   0  1.0088209808976438e-03 
2016   8  15   6   0   0  9.9506974946389753e-04 
2016   8  15   6  30   0  1.0341802493460746e-03 
2016   8  15   7   0   0  1.0566724423965216e-03 
2016   8  15   7  30   0  1.0554660314585677e-03 
2016   8  15   8   0   0  8.8781486967357600e-04 
2016   8  15   8  30   0  8.4374869336343249e-04 
2016   8  15   9   0   0  1.1952082725449069e-03 
2016   8  15   9  30   0  1.0562765403933898e-03 
2016   8  15  10   0   0  1.2198479136337152e-03 
2016   8  15  10  30   0  1.4559035042647195e-03 
2016   8  15  11   0   0  1.5035434394283544e-03 
2016   8  15  11  30   0  1.3930453428883714e-03 
2016   8  15  12   0   0  1.2560018020858700e-03 
2016   8  15  12  30   0  1.3510078263523591e-03 
2016   8  15  13   0   0  1.6911492623297886e-03 
2016   8  15  13  30   0  1.9971607054581745e-03 
2016   8  15  14   0   0  2.3456532102054911e-03 
2016   8  15  14  30   0  2.7290155403091455e-03 
2016   8  15  15   0   0  3.1658288358130423e-03 
2016   8  15  15  30   0  3.0109720751137037e-03 
2016   8  15  16   0   0  2.9445371064493906e-03 
2016   8  15  16  30   0  2.3025680965467620e-03 
2016   8  15  17   0   0  2.3427490913610553e-03 
2016   8  15  17  30   0  2.0294030663166387e-03 
2016   8  15  18   0   0  2.3107533059731475e-03 
2016   8  15  18  30   0  2.8680784148278639e-03 
2016   8  15  19   0   0  3.1620806851617531e-03 
2016   8  15  19  30   0  3.3864539633789441e-03 
2016   8  15  20   0   0  3.7208222183665574e-03 
2016   8  15  20  30   0  3.7692284145004469e-03 
2016   8  15  21   0   0  3.6644685457917063e-03 
2016   8  15  21  30   0  3.5695901170837208e-03 
2016   8  15  22   0   0  3.5419398345642710e-03 
2016   8  15  22  30   0  3.5795162697310943e-03 
2016   8  15  23   0   0  3.6251694059897177e-03 
2016   8  15  23  30   0  3.5505502013263059e-03 
2016   8  16   0   0   0  3.5688595276987829e-03 
2016   8  16   0  30   0  3.4272234929235671e-03 
2016   8  16   1   0   0  3.2097910604129247e-03 
2016   8  16   1  30   0  3.1531067491530353e-03 
2016   8  16   2   0   0  3.1217061455357685e-03 
2016   8  16   2  30   0  3.0836259424843792e-03 
2016   8  16   3   0   0  2.9180553668507886e-03 
2016   8  16   3  30   0  2.7113095355647166e-03 
2016   8  16   4   0   0  2.4926283068807155e-03 
2016   8  16   4  30   0  2.3336455588627843e-03 
2016   8  16   5   0   0  2.2015485298948903e-03 
2016   8  16   5  30   0  2.1409906711412044e-03 
2016   8  16   6   0   0  2.0343515079819055e-03 
2016   8  16   6  30   0  1.9310308632080864e-03 
2016   8  16   7   0   0  2.0345891761582944e-03 
2016   8  16   7  30   0  2.0685332722995783e-03 
2016   8  16   8   0   0  1.9494615425816246e-03 
2016   8  16   8  30   0  1.7956156753619306e-03 
2016   8  16   9   0   0  1.4241250080052950e-03 
2016   8  16   9  30   0  1.3437826742101521e-03 
2016   8  16  10   0   0  1.5756572035370761e-03 
2016   8  16  10  30   0  1.8591195122085427e-03 
2016   8  16  11   0   0  2.5626414124286603e-03 
2016   8  16  11  30   0  2.8999102340224684e-03 
2016   8  16  12   0   0  2.6327209216577157e-03 
2016   8  16  12  30   0  2.1085121156357699e-03 
2016   8  16  13   0   0  2.3145129150573145e-03 
2016   8  16  13  30   0  2.5359722120826675e-03 
2016   8  16  14   0   0  2.6328319238335964e-03 
2016   8  16  14  30   0  2.4946117668959438e-03 
2016   8  16  15   0   0  2.4915162612383895e-03 
2016   8  16  15  30   0  2.3496755531457834e-03 
2016   8  16  16   0   0  2.1504568618682116e-03 
2016   8  16  16  30   0  1.7918685636137584e-03 
2016   8  16  17   0   0  1.6166639594697193e-03 
2016   8  16  17  30   0  1.2383045935703519e-03 
2016   8  16  18   0   0  1.1049018573567368e-03 
2016   8  16  18  30   0  9.9783254470468385e-04 
2016   8  16  19   0   0  8.5339229402913699e-04 
2016   8  16  19  30   0  7.6497667551214254e-04 
2016   8  16  20   0   0  6.6210354836587705e-04 
2016   8  16  20  30   0  4.9014585601401010e-04 
2016   8  16  21   0   0  4.2629263405938040e-04 
2016   8  16  21  30   0  4.2073387866964324e-04 
2016   8  16  22   0   0  4.1473412492378610e-04 
2016   8  16  22  30   0  4.2741515184631850e-04 
2016   8  16  23   0   0  4.1874082426235658e-04 
2016   8  16  23  30   0  4.0682825653965831e-04 
2016   8  17   0   0   0  4.4638856629223677e-04 
2016   8  17   0  30   0  4.5206096632158189e-04 
2016   8  17   1   0   0  4.2468874667383685e-04 
2016   8  17   1  30   0  4.1191555804509733e-04 
2016   8  17   2   0   0  3.9160061576433560e-04 
2016   8  17   2  30   0  4.0225953172591289e-04 
2016   8  17   3   0   0  3.6857257495635949e-04 
2016   8  17   3  30   0  3.5073096871581064e-04 
2016   8  17   4   0   0  3.6548735635240077e-04 
2016   8  17   4  30   0  3.4152127456338907e-04 
2016   8  17   5   0   0  3.7498336958002561e-04 
2016   8  17   5  30   0  3.7506925033539126e-04 
2016   8  17   6   0   0  4.0411230213431272e-04 
2016   8  17   6  30   0  2.9773272038545234e-04 
2016   8  17   7   0   0  3.1509786578272337e-04 
2016   8  17   7  30   0  5.9394170559818563e-04 
2016   8  17   8   0   0  8.6028514239897263e-04 
2016   8  17   8  30   0  1.3668452401479100e-03 
2016   8  17   9   0   0  1.8739156003568411e-03 
2016   8  17   9  30   0  2.9458508902668592e-03 
2016   8  17  10   0   0  3.1701919722436386e-03 
2016   8  17  10  30   0  3.3043661868258443e-03 
2016   8  17  11   0   0  3.6028777534695606e-03 
2016   8  17  11  30   0  3.5645760217236544e-03 
2016   8  17  12   0   0  3.4701550921778391e-03 
2016   8  17  12  30   0  3.2626264653997021e-03 
2016   8  17  13   0   0  3.3855936633379645e-03 
2016   8  17  13  30   0  3.5536861920535518e-03 
2016   8  17  14   0   0  3.7354026217031886e-03 
2016   8  17  14  30   0  3.9248951326760831e-03 
2016   8  17  15   0   0  4.0971496480079429e-03 
2016   8  17  15  30   0  4.0453069027845609e-03 
2016   8  17  16   0   0  3.9559152113767225e-03 
2016   8  17  16  30   0  4.1142729148069832e-03 
2016   8  17  17   0   0  4.2105445515485665e-03 
2016   8  17  17  30   0  4.2719510796600324e-03 
2016   8  17  18   0   0  4.3684271498612313e-03 
2016   8  17  18  30   0  4.5740851514885442e-03 
2016   8  17  19   0   0  4.7071126434510436e-03 
2016   8  17  19  30   0  4.6931034729866582e-03 
2016   8  17  20   0   0  4.7904168868552225e-03 
2016   8  17  20  30   0  4.8042094316107222e-03 
2016   8  17  21   0   0  4.8523416860624677e-03 
2016   8  17  21  30   0  5.0044082308436291e-03 
2016   8  17  22   0   0  5.1761835077788320e-03 
2016   8  17  22  30   0  5.4785945018217021e-03 
2016   8  17  23   0   0  5.5652685521322999e-03 
2016   8  17  23  30   0  5.4924368471023933e-03 
2016   8  18   0   0   0  5.4271579223741937e-03 
2016   8  18   0  30   0  5.3315081282193540e-03 
2016   8  18   1   0   0  5.2208980628295400e-03 
2016   8  18   1  30   0  5.3055660413882828e-03 
2016   8  18   2   0   0  5.3926064693328325e-03 
2016   8  18   2  30   0  5.4198456545023806e-03 
2016   8  18   3   0   0  5.5131339563295649e-03 
2016   8  18   3  30   0  5.5312703490906319e-03 
2016   8  18   4   0   0  5.5725611248127740e-03 
2016   8  18   4  30   0  5.1806795617132043e-03 
2016   8  18   5   0   0  4.8306615046116476e-03 
2016   8  18   5  30   0  4.4880591533816155e-03 
2016   8  18   6   0   0  4.2476048264688312e-03 
2016   8  18   6  30   0  4.1074862030918962e-03 
2016   8  18   7   0   0  3.9676165831060636e-03 
2016   8  18   7  30   0  3.6634597800473453e-03 
2016   8  18   8   0   0  3.7137981492821521e-03 
2016   8  18   8  30   0  3.8924647530167475e-03 
2016   8  18   9   0   0  3.9075410375612992e-03 
2016   8  18   9  30   0  3.9264723490852905e-03 
2016   8  18  10   0   0  3.7987679867401741e-03 
2016   8  18  10  30   0  3.8204955356802460e-03 
2016   8  18  11   0   0  3.8175736659458947e-03 
2016   8  18  11  30   0  3.2068901686122522e-03 
2016   8  18  12   0   0  2.8164827056460671e-03 
2016   8  18  12  30   0  2.8397623117349742e-03 
2016   8  18  13   0   0  3.3382693047021876e-03 
2016   8  18  13  30   0  4.1131352209483989e-03 
2016   8  18  14   0   0  4.4305733594902884e-03 
2016   8  18  14  30   0  4.5408760843714951e-03 
2016   8  18  15   0   0  4.6691659795413615e-03 
2016   8  18  15  30   0  4.9545951795758976e-03 
2016   8  18  16   0   0  5.2538977716661654e-03 
2016   8  18  16  30   0  5.1753122516317376e-03 
2016   8  18  17   0   0  4.1167962641411766e-03 
2016   8  18  17  30   0  4.9056334991846159e-03 
2016   8  18  18   0   0  5.6444511349606928e-03 
2016   8  18  18  30   0  5.6902310133809097e-03 
2016   8  18  19   0   0  5.9837931459103700e-03 
2016   8  18  19  30   0  6.2709969375025062e-03 
2016   8  18  20   0   0  6.3911380909437293e-03 
2016   8  18  20  30   0  6.6838365051399467e-03 
2016   8  18  21   0   0  6.4260743441790858e-03 
2016   8  18  21  30   0  6.0870765360600066e-03 
2016   8  18  22   0   0  5.7384383707775079e-03 
2016   8  18  22  30   0  5.4969324952774913e-03 
2016   8  18  23   0   0  5.3427777891614557e-03 
2016   8  18  23  30   0  5.0885354893713888e-03 
2016   8  19   0   0   0  4.8702415806032235e-03 
2016   8  19   0  30   0  4.6612599739502157e-03 
2016   8  19   1   0   0  4.6267814515676704e-03 
2016   8  19   1  30   0  4.5303854424597082e-03 
2016   8  19   2   0   0  4.5915260393778771e-03 
2016   8  19   2  30   0  4.6243781122095621e-03 
2016   8  19   3   0   0  4.6611961410165485e-03 
2016   8  19   3  30   0  4.7014233168220163e-03 
2016   8  19   4   0   0  4.6963715459413932e-03 
2016   8  19   4  30   0  4.7554041890052702e-03 
2016   8  19   5   0   0  4.8241262366042672e-03 
2016   8  19   5  30   0  4.7471182582593712e-03 
2016   8  19   6   0   0  4.5972053221519813e-03 
2016   8  19   6  30   0  4.8775393456149353e-03 
2016   8  19   7   0   0  5.0164539110551000e-03 
2016   8  19   7  30   0  5.9474527343856979e-03 
2016   8  19   8   0   0  5.9296971561288610e-03 
2016   8  19   8  30   0  6.6424920192945025e-03 
2016   8  19   9   0   0  7.2232043931368620e-03 
2016   8  19   9  30   0  7.2914123612401079e-03 
2016   8  19  10   0   0  6.8915433554544211e-03 
2016   8  19  10  30   0  6.3921318152051617e-03 
2016   8  19  11   0   0  6.3252903292217305e-03 
2016   8  19  11  30   0  6.0556035510911550e-03 
2016   8  19  12   0   0  6.9305496262781416e-03 
2016   8  19  12  30   0  7.8987255658249048e-03 
2016   8  19  13   0   0  8.4534853431515577e-03 
2016   8  19  13  30   0  8.4414587953014417e-03 
2016   8  19  14   0   0  8.0818189658987995e-03 
2016   8  19  14  30   0  7.8609304383181530e-03 
2016   8  19  15   0   0  8.7626724155112443e-03 
2016   8  19  15  30   0  7.8406469318346803e-03 
2016   8  19  16   0   0  6.9590837750815272e-03 
2016   8  19  16  30   0  6.7927849499840416e-03 
2016   8  19  17   0   0  6.6616383818090133e-03 
2016   8  19  17  30   0  6.2827374167635109e-03 
2016   8  19  18   0   0  6.2458332824767444e-03 
2016   8  19  18  30   0  7.1195326323547879e-03 
2016   8  19  19   0   0  6.7193645119809414e-03 
2016   8  19  19  30   0  7.7726748925830320e-03 
2016   8  19  20   0   0  9.8010470829225996e-03 
2016   8  19  20  30   0  1.1980993823252382e-02 
2016   8  19  21   0   0  1.2740153335869035e-02 
2016   8  19  21  30   0  1.2002026850530140e-02 
2016   8  19  22   0   0  1.4481323180434698e-02 
2016   8  19  22  30   0  1.2392244570907309e-02 
2016   8  19  23   0   0  1.1796892205409658e-02 
2016   8  19  23  30   0  1.3191910906166714e-02 
2016   8  20   0   0   0  1.3977951563842532e-02 
2016   8  20   0  30   0  1.4101845564159226e-02 
2016   8  20   1   0   0  1.5062788923455021e-02 
2016   8  20   1  30   0  1.1266330066604014e-02 
2016   8  20   2   0   0  1.1689372513935798e-02 
2016   8  20   2  30   0  1.0654227672888924e-02 
2016   8  20   3   0   0  1.0275043468408239e-02 
2016   8  20   3  30   0  9.9079995408576788e-03 
2016   8  20   4   0   0  1.0118986493533676e-02 
2016   8  20   4  30   0  1.1543425415924511e-02 
2016   8  20   5   0   0  1.3797038127830275e-02 
2016   8  20   5  30   0  1.1360246263403784e-02 
2016   8  20   6   0   0  1.1916466819134358e-02 
2016   8  20   6  30   0  1.1236603874012483e-02 
2016   8  20   7   0   0  1.0837984814070337e-02 
2016   8  20   7  30   0  1.0804579685598283e-02 
2016   8  20   8   0   0  1.1208263525262298e-02 
2016   8  20   8  30   0  1.1534137449184984e-02 
2016   8  20   9   0   0  1.2238048469947483e-02 
2016   8  20   9  30   0  1.2489116411688662e-02 
2016   8  20  10   0   0  1.2808378721615417e-02 
2016   8  20  10  30   0  1.3081270914137166e-02 
2016   8  20  11   0   0  1.3451802895387154e-02 
2016   8  20  11  30   0  1.3639757278277261e-02 
2016   8  20  12   0   0  1.2736539080833343e-02 
2016   8  20  12  30   0  8.2118998016463118e-03 
2016   8  20  13   0   0  9.6244193946756814e-03 
2016   8  20  13  30   0  8.8763574204871083e-03 
2016   8  20  14   0   0  8.1548357114405706e-03 
2016   8  20  14  30   0  6.3911522523371830e-03 
2016   8  20  15   0   0  4.2370040091104363e-03 
2016   8  20  15  30   0  3.8152793136929067e-03 
2016   8  20  16   0   0  3.7701930478392493e-03 
2016   8  20  16  30   0  3.2816781173828995e-03 
2016   8  20  17   0   0  3.5300259171235694e-03 
2016   8  20  17  30   0  4.0785876663582479e-03 
2016   8  20  18   0   0  4.5589059875197051e-03 
2016   8  20  18  30   0  4.6688481556255400e-03 
2016   8  20  19   0   0  4.4293943370082023e-03 
2016   8  20  19  30   0  4.8379969141162131e-03 
2016   8  20  20   0   0  4.7048653539634869e-03 
2016   8  20  20  30   0  5.1364021494717301e-03 
2016   8  20  21   0   0  4.9143711947441130e-03 
2016   8  20  21  30   0  5.1123946997013621e-03 
2016   8  20  22   0   0  5.1727073555886032e-03 
2016   8  20  22  30   0  5.6771433785564223e-03 
2016   8  20  23   0   0  6.1530666350651702e-03 
2016   8  20  23  30   0  6.5258316750917951e-03 
2016   8  21   0   0   0  6.7263926422935320e-03 
2016   8  21   0  30   0  6.3346162909987793e-03 
2016   8  21   1   0   0  5.9637496332905181e-03 
2016   8  21   1  30   0  6.2954807343965011e-03 
2016   8  21   2   0   0  6.6510399693386919e-03 
2016   8  21   2  30   0  6.4589858628772197e-03 
2016   8  21   3   0   0  6.5511663094903107e-03 
2016   8  21   3  30   0  6.6674380642962328e-03 
2016   8  21   4   0   0  6.5958102433176392e-03 
2016   8  21   4  30   0  6.5487050266758943e-03 
2016   8  21   5   0   0  5.9920434866316029e-03 
2016   8  21   5  30   0  5.1904877978513177e-03 
2016   8  21   6   0   0  4.6264716498427682e-03 
2016   8  21   6  30   0  4.2837435982652798e-03 
2016   8  21   7   0   0  4.0093737269054066e-03 
2016   8  21   7  30   0  3.7509009633726153e-03 
2016   8  21   8   0   0  4.0256494614529775e-03 
2016   8  21   8  30   0  4.3973322139584043e-03 
2016   8  21   9   0   0  4.1251319029591369e-03 
2016   8  21   9  30   0  3.7946607874098175e-03 
2016   8  21  10   0   0  3.5783990065767807e-03 
2016   8  21  10  30   0  4.2539733659327983e-03 
2016   8  21  11   0   0  4.5360768112732777e-03 
2016   8  21  11  30   0  5.3675888765140354e-03 
2016   8  21  12   0   0  6.5812136195867099e-03 
2016   8  21  12  30   0  7.1868110190378446e-03 
2016   8  21  13   0   0  7.7642094014173761e-03 
2016   8  21  13  30   0  8.6209697892605571e-03 
2016   8  21  14   0   0  9.0900191741341459e-03 
2016   8  21  14  30   0  9.3997125383443875e-03 
2016   8  21  15   0   0  8.8631590028504618e-03 
2016   8  21  15  30   0  9.0402788260063767e-03 
2016   8  21  16   0   0  9.9851186289471195e-03 
2016   8  21  16  30   0  1.0351562956914149e-02 
2016   8  21  17   0   0  1.1089007563199726e-02 
2016   8  21  17  30   0  1.1553714661880841e-02 
2016   8  21  18   0   0  1.2164245316753074e-02 
2016   8  21  18  30   0  1.2664667713175102e-02 
2016   8  21  19   0   0  1.5089526596726154e-02 
2016   8  21  19  30   0  1.4328111679321243e-02 
2016   8  21  20   0   0  1.4498199520304665e-02 
2016   8  21  20  30   0  1.5588836745118398e-02 
2016   8  21  21   0   0  1.5385644335901475e-02 
2016   8  21  21  30   0  1.5404661011887583e-02 
2016   8  21  22   0   0  1.5192021379121802e-02 
2016   8  21  22  30   0  1.4887261963879152e-02 
2016   8  21  23   0   0  1.4799455688277461e-02 
2016   8  21  23  30   0  1.4613923769600438e-02 
2016   8  22   0   0   0  1.4257837138852907e-02 
2016   8  22   0  30   0  1.3944164957496664e-02 
2016   8  22   1   0   0  1.3708401329864102e-02 
2016   8  22   1  30   0  1.3694866638286495e-02 
2016   8  22   2   0   0  1.3536495923154009e-02 
2016   8  22   2  30   0  1.3519305493249196e-02 
2016   8  22   3   0   0  1.5709805249179622e-02 
2016   8  22   3  30   0  1.7433427530409128e-02 
2016   8  22   4   0   0  1.5421042904681690e-02 
2016   8  22   4  30   0  1.6360326285862696e-02 
2016   8  22   5   0   0  1.3612674981655743e-02 
2016   8  22   5  30   0  1.4940501783734921e-02 
2016   8  22   6   0   0  1.3794947199106511e-02 
2016   8  22   6  30   0  1.4557608908798415e-02 
2016   8  22   7   0   0  1.3245750797880344e-02 
2016   8  22   7  30   0  1.3110846272361639e-02 
2016   8  22   8   0   0  1.3464460882638730e-02 
2016   8  22   8  30   0  1.3674134595435207e-02 
2016   8  22   9   0   0  1.3785429902056903e-02 
2016   8  22   9  30   0  1.4197701419029237e-02 
2016   8  22  10   0   0  1.4602586296379907e-02 
2016   8  22  10  30   0  1.4747055711562391e-02 
2016   8  22  11   0   0  1.4550982007458248e-02 
2016   8  22  11  30   0  1.4190278001288931e-02 
2016   8  22  12   0   0  1.2597502401502911e-02 
2016   8  22  12  30   0  1.5257636960397360e-02 
2016   8  22  13   0   0  1.1266126809823529e-02 
2016   8  22  13  30   0  9.5245621201041908e-03 
2016   8  22  14   0   0  9.2082858622329154e-03 
2016   8  22  14  30   0  9.2928423690893987e-03 
2016   8  22  15   0   0  9.1903778598083855e-03 
2016   8  22  15  30   0  8.4431567468014109e-03 
2016   8  22  16   0   0  7.4297072907245796e-03 
2016   8  22  16  30   0  7.2002342465983934e-03 
2016   8  22  17   0   0  6.8116583006035004e-03 
2016   8  22  17  30   0  6.7328478250686750e-03 
2016   8  22  18   0   0  7.1904995100757919e-03 
2016   8  22  18  30   0  7.3952485525872382e-03 
2016   8  22  19   0   0  7.5742258394242007e-03 
2016   8  22  19  30   0  8.6052342604093415e-03 
2016   8  22  20   0   0  8.7796916788496458e-03 
2016   8  22  20  30   0  8.0273907594391042e-03 
2016   8  22  21   0   0  7.0386180138624580e-03 
2016   8  22  21  30   0  6.5655673913841851e-03 
2016   8  22  22   0   0  6.1416372855106916e-03 
2016   8  22  22  30   0  5.7911505867459879e-03 
2016   8  22  23   0   0  5.4989356844465992e-03 
2016   8  22  23  30   0  4.9991690421935814e-03 
2016   8  23   0   0   0  4.8104155107399236e-03 
2016   8  23   0  30   0  4.7129969720758769e-03 
2016   8  23   1   0   0  5.1747395290179495e-03 
2016   8  23   1  30   0  5.2678961534150552e-03 
2016   8  23   2   0   0  5.2025911337583624e-03 
2016   8  23   2  30   0  5.2975906350027401e-03 
2016   8  23   3   0   0  5.3531066441109302e-03 
2016   8  23   3  30   0  5.2410279323975417e-03 
2016   8  23   4   0   0  5.3863313765110284e-03 
2016   8  23   4  30   0  5.6384172697926211e-03 
2016   8  23   5   0   0  5.8670576023940020e-03 
2016   8  23   5  30   0  6.1154581032971450e-03 
2016   8  23   6   0   0  6.3983595139600934e-03 
2016   8  23   6  30   0  6.5027250018313883e-03 
2016   8  23   7   0   0  6.5803274517944443e-03 
2016   8  23   7  30   0  6.6105714419091091e-03 
2016   8  23   8   0   0  6.8040406391648763e-03 
2016   8  23   8  30   0  7.1378894949285562e-03 
2016   8  23   9   0   0  7.3870845263279469e-03 
2016   8  23   9  30   0  7.6026882598942622e-03 
2016   8  23  10   0   0  7.5767705712273510e-03 
2016   8  23  10  30   0  7.7291511516782057e-03 
2016   8  23  11   0   0  7.9179910518167914e-03 
2016   8  23  11  30   0  7.5517071664633348e-03 
2016   8  23  12   0   0  7.5281021337597794e-03 
2016   8  23  12  30   0  7.5317789340123400e-03 
2016   8  23  13   0   0  7.5884427225422785e-03 
2016   8  23  13  30   0  8.0766677870744655e-03 
2016   8  23  14   0   0  8.1017989924839426e-03 
2016   8  23  14  30   0  8.3368756307341842e-03 
2016   8  23  15   0   0  8.4959140619056215e-03 
2016   8  23  15  30   0  8.1866598048948060e-03 
2016   8  23  16   0   0  8.1450352440337239e-03 
2016   8  23  16  30   0  8.2564596182188935e-03 
2016   8  23  17   0   0  8.2298092325234547e-03 
2016   8  23  17  30   0  8.2792475608282016e-03 
2016   8  23  18   0   0  8.2035896385510964e-03 
2016   8  23  18  30   0  8.3220476784911564e-03 
2016   8  23  19   0   0  8.2983994417092852e-03 
2016   8  23  19  30   0  8.0459641205992034e-03 
2016   8  23  20   0   0  8.0173082866191563e-03 
2016   8  23  20  30   0  8.2419893673138338e-03 
2016   8  23  21   0   0  8.7499133014644868e-03 
2016   8  23  21  30   0  8.7426661479424756e-03 
2016   8  23  22   0   0  9.1198709416828814e-03 
2016   8  23  22  30   0  1.0467321578570193e-02 
2016   8  23  23   0   0  9.0249513020506308e-03 
2016   8  23  23  30   0  8.1853210409449685e-03 
2016   8  24   0   0   0  7.9354203071104121e-03 
2016   8  24   0  30   0  8.1154620609867143e-03 
2016   8  24   1   0   0  7.7305868267785642e-03 
2016   8  24   1  30   0  7.0281242904131243e-03 
2016   8  24   2   0   0  6.4824898020679712e-03 
2016   8  24   2  30   0  6.5301167479498512e-03 
2016   8  24   3   0   0  6.3751344065085215e-03 
2016   8  24   3  30   0  6.3415886490134268e-03 
2016   8  24   4   0   0  6.5053382485563364e-03 
2016   8  24   4  30   0  6.4311017959925330e-03 
2016   8  24   5   0   0  6.0671993666698591e-03 
2016   8  24   5  30   0  5.9492010120881771e-03 
2016   8  24   6   0   0  6.0159777164556626e-03 
2016   8  24   6  30   0  6.1880880798785539e-03 
2016   8  24   7   0   0  6.1463220442340072e-03 
2016   8  24   7  30   0  6.0795834613473990e-03 
2016   8  24   8   0   0  5.2765684643442928e-03 
2016   8  24   8  30   0  4.9144154148238837e-03 
2016   8  24   9   0   0  4.7448695851017185e-03 
2016   8  24   9  30   0  4.3921624290697413e-03 
2016   8  24  10   0   0  4.3533170083952331e-03 
2016   8  24  10  30   0  4.3274608122507632e-03 
2016   8  24  11   0   0  3.8134530097808580e-03 
2016   8  24  11  30   0  3.2055245314922143e-03 
2016   8  24  12   0   0  3.0877550439943851e-03 
2016   8  24  12  30   0  2.7037994853616955e-03 
2016   8  24  13   0   0  2.7346952372646217e-03 
2016   8  24  13  30   0  3.1232889639362981e-03 
2016   8  24  14   0   0  2.6307435407560888e-03 
2016   8  24  14  30   0  2.2757041908808215e-03 
2016   8  24  15   0   0  2.5231709246643580e-03 
2016   8  24  15  30   0  2.8402392360664017e-03 
2016   8  24  16   0   0  2.7505097086814485e-03 
2016   8  24  16  30   0  2.9103793491985597e-03 
2016   8  24  17   0   0  2.8711691088417193e-03 
2016   8  24  17  30   0  2.7933861907527002e-03 
2016   8  24  18   0   0  2.8371843707519604e-03 
2016   8  24  18  30   0  2.9323067425239056e-03 
2016   8  24  19   0   0  2.9957082791384508e-03 
2016   8  24  19  30   0  3.1000073601622660e-03 
2016   8  24  20   0   0  3.2082478302348279e-03 
2016   8  24  20  30   0  3.4199777612924352e-03 
2016   8  24  21   0   0  3.4876263319994810e-03 
2016   8  24  21  30   0  3.6279406771448966e-03 
2016   8  24  22   0   0  4.2005942468550956e-03 
2016   8  24  22  30   0  9.0771161431965550e-03 
2016   8  24  23   0   0  6.1348023473655330e-03 
2016   8  24  23  30   0  4.7364810701664168e-03 
2016   8  25   0   0   0  4.4776786318897113e-03 
2016   8  25   0  30   0  4.1947659038037164e-03 
2016   8  25   1   0   0  3.8203565705709612e-03 
2016   8  25   1  30   0  3.8364445317652087e-03 
2016   8  25   2   0   0  3.6607878892069038e-03 
2016   8  25   2  30   0  3.4087084576700758e-03 
2016   8  25   3   0   0  3.2684628090281524e-03 
2016   8  25   3  30   0  3.3092235223872333e-03 
2016   8  25   4   0   0  3.3867130973414057e-03 
2016   8  25   4  30   0  3.4654333686904800e-03 
2016   8  25   5   0   0  3.6355455103679220e-03 
2016   8  25   5  30   0  3.7185799884810471e-03 
2016   8  25   6   0   0  4.0033330478544205e-03 
2016   8  25   6  30   0  4.3507950885169847e-03 
2016   8  25   7   0   0  4.5455222104480650e-03 
2016   8  25   7  30   0  4.6787291068203958e-03 
2016   8  25   8   0   0  4.5927977926501721e-03 
2016   8  25   8  30   0  4.9181300598253501e-03 
2016   8  25   9   0   0  4.8308263909911048e-03 
2016   8  25   9  30   0  4.6869488913621974e-03 
2016   8  25  10   0   0  5.2031804402554709e-03 
2016   8  25  10  30   0  7.1426046040622910e-03 
2016   8  25  11   0   0  7.8539530538423354e-03 
2016   8  25  11  30   0  8.1893416328574966e-03 
2016   8  25  12   0   0  7.9714683133027698e-03 
2016   8  25  12  30   0  7.7925490573056066e-03 
2016   8  25  13   0   0  7.7203928589089860e-03 
2016   8  25  13  30   0  7.5495242398070199e-03 
2016   8  25  14   0   0  7.1841664885593246e-03 
2016   8  25  14  30   0  6.4987132290417219e-03 
2016   8  25  15   0   0  5.7329371004711041e-03 
2016   8  25  15  30   0  5.2888232867612135e-03 
2016   8  25  16   0   0  5.1253046349932765e-03 
2016   8  25  16  30   0  4.7804686844549783e-03 
2016   8  25  17   0   0  4.6762832818848582e-03 
2016   8  25  17  30   0  4.6107701013643233e-03 
2016   8  25  18   0   0  3.9936902468669377e-03 
2016   8  25  18  30   0  2.9996102096142771e-03 
2016   8  25  19   0   0  3.0217416407443769e-03 
2016   8  25  19  30   0  2.9815874221691364e-03 
2016   8  25  20   0   0  2.9904897875485180e-03 
2016   8  25  20  30   0  3.2279357175871112e-03 
2016   8  25  21   0   0  3.1258826323571822e-03 
2016   8  25  21  30   0  3.1574167295185911e-03 
2016   8  25  22   0   0  4.1867957954460598e-03 
2016   8  25  22  30   0  3.6867067361325426e-03 
2016   8  25  23   0   0  6.1243568807178659e-03 
2016   8  25  23  30   0  4.5083963624335064e-03 
2016   8  26   0   0   0  4.2931777226488778e-03 
2016   8  26   0  30   0  5.3378963814943179e-03 
2016   8  26   1   0   0  5.2872335004734905e-03 
2016   8  26   1  30   0  4.8480771293449671e-03 
2016   8  26   2   0   0  4.8237644140276519e-03 
2016   8  26   2  30   0  5.0184318079070731e-03 
2016   8  26   3   0   0  4.6061515287826246e-03 
2016   8  26   3  30   0  4.6144240445273425e-03 
2016   8  26   4   0   0  4.5302692518031174e-03 
2016   8  26   4  30   0  4.5971480291665135e-03 
2016   8  26   5   0   0  4.7250989107972896e-03 
2016   8  26   5  30   0  4.4386899536089175e-03 
2016   8  26   6   0   0  4.3733900473314066e-03 
2016   8  26   6  30   0  4.3508609825310615e-03 
2016   8  26   7   0   0  4.0973248074069489e-03 
2016   8  26   7  30   0  3.8517225396775567e-03 
2016   8  26   8   0   0  3.8290435295385119e-03 
2016   8  26   8  30   0  3.5389615696835778e-03 
2016   8  26   9   0   0  3.2990532424703573e-03 
2016   8  26   9  30   0  3.0758213915010528e-03 
2016   8  26  10   0   0  2.7715849021231246e-03 
2016   8  26  10  30   0  3.3457655312925188e-03 
2016   8  26  11   0   0  3.6794450699800729e-03 
2016   8  26  11  30   0  3.8961435994217040e-03 
2016   8  26  12   0   0  3.8333089387411678e-03 
2016   8  26  12  30   0  3.7526597689068165e-03 
2016   8  26  13   0   0  3.8797174726366099e-03 
2016   8  26  13  30   0  4.0328010691041078e-03 
2016   8  26  14   0   0  4.5549818212814175e-03 
2016   8  26  14  30   0  5.2748086975517826e-03 
2016   8  26  15   0   0  4.7441158618501348e-03 
2016   8  26  15  30   0  5.5122059654017447e-03 
2016   8  26  16   0   0  5.5606275984801737e-03 
2016   8  26  16  30   0  5.3277158806854189e-03 
2016   8  26  17   0   0  5.3071008720092091e-03 
2016   8  26  17  30   0  4.8193741221939645e-03 
2016   8  26  18   0   0  5.1963711620218594e-03 
2016   8  26  18  30   0  5.0229023302348751e-03 
2016   8  26  19   0   0  4.8946401855174447e-03 
2016   8  26  19  30   0  4.5857589360477824e-03 
2016   8  26  20   0   0  4.6524768768385748e-03 
2016   8  26  20  30   0  4.1395259084905404e-03 
2016   8  26  21   0   0  4.0095428948431627e-03 
2016   8  26  21  30   0  4.3499468217938356e-03 
2016   8  26  22   0   0  5.7836794763789778e-03 
2016   8  26  22  30   0  7.9524213943547532e-03 
2016   8  26  23   0   0  9.9689598462315062e-03 
2016   8  26  23  30   0  1.2232657557882385e-02 
2016   8  27   0   0   0  1.3144707474532297e-02 
2016   8  27   0  30   0  1.3680503647632241e-02 
2016   8  27   1   0   0  1.4349603833479311e-02 
2016   8  27   1  30   0  1.4775663993229993e-02 
2016   8  27   2   0   0  1.4848349934600300e-02 
2016   8  27   2  30   0  1.4989558771891223e-02 
2016   8  27   3   0   0  1.5252222022158125e-02 
2016   8  27   3  30   0  1.5301377539343575e-02 
2016   8  27   4   0   0  1.5125715163196531e-02 
2016   8  27   4  30   0  1.4673705648508461e-02 
2016   8  27   5   0   0  1.3614988072122282e-02 
2016   8  27   5  30   0  1.1934549652489470e-02 
2016   8  27   6   0   0  9.8827090451017174e-03 
2016   8  27   6  30   0  7.9637683479510824e-03 
2016   8  27   7   0   0  6.2088839585187159e-03 
2016   8  27   7  30   0  4.7177840603740070e-03 
2016   8  27   8   0   0  3.8521726235395642e-03 
2016   8  27   8  30   0  3.2770358109851642e-03 
2016   8  27   9   0   0  3.0910313252094472e-03 
2016   8  27   9  30   0  3.0167042780323314e-03 
2016   8  27  10   0   0  2.8962143688289086e-03 
2016   8  27  10  30   0  2.7831197192765031e-03 
2016   8  27  11   0   0  2.5322915798590769e-03 
2016   8  27  11  30   0  2.4518587699382506e-03 
2016   8  27  12   0   0  2.5793915182314190e-03 
2016   8  27  12  30   0  2.6080035253796363e-03 
2016   8  27  13   0   0  2.7147740866372543e-03 
2016   8  27  13  30   0  2.8713905902497468e-03 
2016   8  27  14   0   0  7.1832686799055377e-03 
2016   8  27  14  30   0  7.2511110256022089e-03 
2016   8  27  15   0   0  7.2474281549148390e-03 
2016   8  27  15  30   0  7.2881185544408401e-03 
2016   8  27  16   0   0  7.3406181149191794e-03 
2016   8  27  16  30   0  7.3787761193154344e-03 
2016   8  27  17   0   0  7.4168450322235572e-03 
2016   8  27  17  30   0  7.4604562622268417e-03 
2016   8  27  18   0   0  7.5048524922516312e-03 
2016   8  27  18  30   0  7.5602900914673813e-03 
2016   8  27  19   0   0  7.6092322868114995e-03 
2016   8  27  19  30   0  7.7336466545664187e-03 
2016   8  27  20   0   0  7.7205706649394971e-03 
2016   8  27  20  30   0  7.7847028096208366e-03 
2016   8  27  21   0   0  7.8496182007137556e-03 
2016   8  27  21  30   0  7.9259426524574458e-03 
2016   8  27  22   0   0  8.0751269847819385e-03 
2016   8  27  22  30   0  8.1511510697408786e-03 
2016   8  27  23   0   0  8.1994668165441820e-03 
2016   8  27  23  30   0  8.2045085598541727e-03 
2016   8  28   0   0   0  8.1684993499281031e-03 
2016   8  28   0  30   0  8.0170827830213579e-03 
2016   8  28   1   0   0  7.9147186291582978e-03 
2016   8  28   1  30   0  7.8632428618068944e-03 
2016   8  28   2   0   0  7.7308681480992942e-03 
2016   8  28   2  30   0  7.5256675447852714e-03 
2016   8  28   3   0   0  7.3788653091022231e-03 
2016   8  28   3  30   0  7.2823340318189950e-03 
2016   8  28   4   0   0  7.1196832565059527e-03 
2016   8  28   4  30   0  6.9527099037949803e-03 
2016   8  28   5   0   0  6.7369131835394395e-03 
2016   8  28   5  30   0  6.5782377763545473e-03 
2016   8  28   6   0   0  6.4803313727717499e-03 
2016   8  28   6  30   0  6.3690207956346549e-03 
2016   8  28   7   0   0  6.2973128721761432e-03 
2016   8  28   7  30   0  6.2241197815905442e-03 
2016   8  28   8   0   0  6.2261286488496659e-03 
2016   8  28   8  30   0  6.2586974734608570e-03 
2016   8  28   9   0   0  6.3098047546357302e-03 
2016   8  28   9  30   0  6.3731123962951046e-03 
2016   8  28  10   0   0  6.4416756423208129e-03 
2016   8  28  10  30   0  6.5130425013542352e-03 
2016   8  28  11   0   0  6.5882728782755574e-03 
2016   8  28  11  30   0  6.6675043508166686e-03 
2016   8  28  12   0   0  6.7531152197331957e-03 
2016   8  28  12  30   0  6.8419718172176075e-03 
2016   8  28  13   0   0  6.9303012396781521e-03 
2016   8  28  13  30   0  7.0197518755707221e-03 
2016   8  28  14   0   0  2.1822323325675279e-03 
2016   8  28  14  30   0  2.3643914046757946e-03 
2016   8  28  15   0   0  2.4669623679881613e-03 
2016   8  28  15  30   0  2.4464927704288845e-03 
2016   8  28  16   0   0  2.3701934821121983e-03 
2016   8  28  16  30   0  2.3863055200125031e-03 
2016   8  28  17   0   0  2.4939366228386101e-03 
2016   8  28  17  30   0  2.6555281920267117e-03 
2016   8  28  18   0   0  2.7848908898307511e-03 
2016   8  28  18  30   0  3.2301781297264837e-03 
2016   8  28  19   0   0  3.4778708344723594e-03 
2016   8  28  19  30   0  4.2253445651792799e-03 
2016   8  28  20   0   0  4.2419079848037581e-03 
2016   8  28  20  30   0  5.6522588079093100e-03 
2016   8  28  21   0   0  5.3085230502067900e-03 
2016   8  28  21  30   0  4.5810623556533248e-03 
2016   8  28  22   0   0  6.8984140435920235e-03 
2016   8  28  22  30   0  9.7315492701628235e-03 
2016   8  28  23   0   0  1.7853269650344096e-02 
2016   8  28  23  30   0  9.2420595053591542e-03 
2016   8  29   0   0   0  6.3446368963126446e-03 
2016   8  29   0  30   0  6.3529974056281439e-03 
2016   8  29   1   0   0  5.2735971161439821e-03 
2016   8  29   1  30   0  6.3788867713221306e-03 
2016   8  29   2   0   0  1.0521517616541349e-02 
2016   8  29   2  30   0  1.2040105504502215e-02 
2016   8  29   3   0   0  8.4006205457562103e-03 
2016   8  29   3  30   0  6.2950796091058633e-03 
2016   8  29   4   0   0  5.9948251251424169e-03 
2016   8  29   4  30   0  5.2043645959709249e-03 
2016   8  29   5   0   0  5.0116426972856070e-03 
2016   8  29   5  30   0  4.9887067849304382e-03 
2016   8  29   6   0   0  5.2533766035637412e-03 
2016   8  29   6  30   0  5.4705230962018092e-03 
2016   8  29   7   0   0  5.8332717995799510e-03 
2016   8  29   7  30   0  6.1437173411778932e-03 
2016   8  29   8   0   0  6.6849789782839619e-03 
2016   8  29   8  30   0  6.6944793725880877e-03 
2016   8  29   9   0   0  6.4220107294248778e-03 
2016   8  29   9  30   0  6.3100944996714444e-03 
2016   8  29  10   0   0  6.3977280665506002e-03 
2016   8  29  10  30   0  6.7881448378896633e-03 
2016   8  29  11   0   0  7.3550734020926128e-03 
2016   8  29  11  30   0  7.5566271856674387e-03 
2016   8  29  12   0   0  7.1333656810227668e-03 
2016   8  29  12  30   0  6.6102247273695279e-03 
2016   8  29  13   0   0  6.8414567719344037e-03 
2016   8  29  13  30   0  7.0235865998342917e-03 
2016   8  29  14   0   0  7.5987581860303731e-03 
2016   8  29  14  30   0  7.4686319108178897e-03 
2016   8  29  15   0   0  7.3812382116104263e-03 
2016   8  29  15  30   0  7.5135380036083967e-03 
2016   8  29  16   0   0  7.7949171592359076e-03 
2016   8  29  16  30   0  7.9036726748614294e-03 
2016   8  29  17   0   0  7.9186462318058728e-03 
2016   8  29  17  30   0  7.8658358608615277e-03 
2016   8  29  18   0   0  7.9191634051748554e-03 
2016   8  29  18  30   0  7.0672440020702184e-03 
2016   8  29  19   0   0  6.6067506589514531e-03 
2016   8  29  19  30   0  6.6746664044380188e-03 
2016   8  29  20   0   0  6.2368751239663504e-03 
2016   8  29  20  30   0  5.8265817372131368e-03 
2016   8  29  21   0   0  5.6955655288491603e-03 
2016   8  29  21  30   0  5.6410699162056932e-03 
2016   8  29  22   0   0  5.2309566557587244e-03 
2016   8  29  22  30   0  5.4194656066786284e-03 
2016   8  29  23   0   0  4.9005154544687120e-03 
2016   8  29  23  30   0  4.6244952450663545e-03 
2016   8  30   0   0   0  4.1795656117420126e-03 
2016   8  30   0  30   0  4.0239158491710810e-03 
2016   8  30   1   0   0  3.8606547205239190e-03 
2016   8  30   1  30   0  3.9471629854280791e-03 
2016   8  30   2   0   0  3.7415629959132359e-03 
2016   8  30   2  30   0  3.5474991958697878e-03 
2016   8  30   3   0   0  3.7383647972570257e-03 
2016   8  30   3  30   0  3.8292912113808537e-03 
2016   8  30   4   0   0  4.1289590591227134e-03 
2016   8  30   4  30   0  4.5271013563071959e-03 
2016   8  30   5   0   0  4.9595465405598421e-03 
2016   8  30   5  30   0  5.2176665808444985e-03 
2016   8  30   6   0   0  5.3164548728110005e-03 
2016   8  30   6  30   0  5.0438953152411280e-03 
2016   8  30   7   0   0  5.0227809581730723e-03 
2016   8  30   7  30   0  5.2288169138572727e-03 
2016   8  30   8   0   0  5.0660532345405728e-03 
2016   8  30   8  30   0  5.1054566170615212e-03 
2016   8  30   9   0   0  5.0093395532458101e-03 
2016   8  30   9  30   0  5.2209591773288598e-03 
2016   8  30  10   0   0  5.0857397740052520e-03 
2016   8  30  10  30   0  4.9614623905299840e-03 
2016   8  30  11   0   0  4.8442066149244865e-03 
2016   8  30  11  30   0  4.7670788769848026e-03 
2016   8  30  12   0   0  4.2524130283063582e-03 
2016   8  30  12  30   0  4.1821106128562000e-03 
2016   8  30  13   0   0  4.0146431097296915e-03 
2016   8  30  13  30   0  4.2060229802823495e-03 
2016   8  30  14   0   0  4.3042843860166425e-03 
2016   8  30  14  30   0  4.3423144805207871e-03 
2016   8  30  15   0   0  4.1753111560430267e-03 
2016   8  30  15  30   0  4.4800746083223392e-03 
2016   8  30  16   0   0  4.7423379159716892e-03 
2016   8  30  16  30   0  5.0840239585574097e-03 
2016   8  30  17   0   0  5.5243914533954080e-03 
2016   8  30  17  30   0  5.1311879466631955e-03 
2016   8  30  18   0   0  4.4731134665938243e-03 
2016   8  30  18  30   0  3.8642848686050533e-03 
2016   8  30  19   0   0  3.6146336513665995e-03 
2016   8  30  19  30   0  3.1958867043619965e-03 
2016   8  30  20   0   0  2.4028722290448130e-03 
2016   8  30  20  30   0  2.3541942803741904e-03 
2016   8  30  21   0   0  2.5620175461550749e-03 
2016   8  30  21  30   0  3.1310238878278877e-03 
2016   8  30  22   0   0  3.1565935844823580e-03 
2016   8  30  22  30   0  3.1893167336167513e-03 
2016   8  30  23   0   0  3.3426143640965383e-03 
2016   8  30  23  30   0  3.3427887990427618e-03 
2016   8  31   0   0   0  3.1905384935194581e-03 
2016   8  31   0  30   0  3.1474106429679616e-03 
2016   8  31   1   0   0  3.0924700044653065e-03 
2016   8  31   1  30   0  3.1726429353977426e-03 
2016   8  31   2   0   0  3.4412998982060110e-03 
2016   8  31   2  30   0  3.6761500818738224e-03 
2016   8  31   3   0   0  3.8260643934802468e-03 
2016   8  31   3  30   0  3.8756870261594375e-03 
2016   8  31   4   0   0  3.9817567783257384e-03 
2016   8  31   4  30   0  4.0291020561668521e-03 
2016   8  31   5   0   0  4.1663719229913625e-03 
2016   8  31   5  30   0  4.3707922681034406e-03 
2016   8  31   6   0   0  4.3338782934736900e-03 
2016   8  31   6  30   0  4.2792867952454825e-03 
2016   8  31   7   0   0  3.8814154941292514e-03 
2016   8  31   7  30   0  3.7545826695854047e-03 
2016   8  31   8   0   0  3.7581979529101111e-03 
2016   8  31   8  30   0  3.9347423924613332e-03 
2016   8  31   9   0   0  3.6556939530060289e-03 
2016   8  31   9  30   0  3.2816379616138701e-03 
2016   8  31  10   0   0  2.7019527088167220e-03 
2016   8  31  10  30   0  2.2927460918694856e-03 
2016   8  31  11   0   0  2.6175905258514777e-03 
2016   8  31  11  30   0  3.4199664041683069e-03 
2016   8  31  12   0   0  3.8381307871199651e-03 
2016   8  31  12  30   0  4.1259813182515735e-03 
2016   8  31  13   0   0  4.4271509240280385e-03 
2016   8  31  13  30   0  4.1506280534097184e-03 
2016   8  31  14   0   0  4.3390781446207049e-03 
2016   8  31  14  30   0  4.6283964676384287e-03 
2016   8  31  15   0   0  6.7743995716593088e-03 
2016   8  31  15  30   0  6.7226271470003304e-03 
2016   8  31  16   0   0  7.0776811297750767e-03 
2016   8  31  16  30   0  7.7424737608189406e-03 
2016   8  31  17   0   0  7.6734225844504586e-03 
2016   8  31  17  30   0  7.4611118490930045e-03 
2016   8  31  18   0   0  6.9355957798231827e-03 
2016   8  31  18  30   0  6.8587581534085128e-03 
2016   8  31  19   0   0  6.7916035423490478e-03 
2016   8  31  19  30   0  6.8249720979033160e-03 
2016   8  31  20   0   0  6.9082591656007986e-03 
2016   8  31  20  30   0  6.8018048763882569e-03 
2016   8  31  21   0   0  7.3075624785178019e-03 
2016   8  31  21  30   0  7.8418486322988264e-03 
2016   8  31  22   0   0  7.9898117098296424e-03 
2016   8  31  22  30   0  8.5700736101774234e-03 
2016   8  31  23   0   0  8.2301476336072068e-03 
2016   8  31  23  30   0  7.3953234353689081e-03 
2016   9   1   0   0   0  7.3953234353689081e-03 
