   0   0   0   0   0   0  0.000629 
2016   6   1   0   0   0  6.2924031721878443e-04 
2016   6   1   0  30   0  5.9858456242759027e-04 
2016   6   1   1   0   0  5.7026935544356714e-04 
2016   6   1   1  30   0  5.7169434451100976e-04 
2016   6   1   2   0   0  5.9205612168493403e-04 
2016   6   1   2  30   0  6.2011320730301269e-04 
2016   6   1   3   0   0  6.4185480520973057e-04 
2016   6   1   3  30   0  6.7409964218716851e-04 
2016   6   1   4   0   0  7.1649165626000585e-04 
2016   6   1   4  30   0  7.4987103668884612e-04 
2016   6   1   5   0   0  7.8687238709885827e-04 
2016   6   1   5  30   0  7.6567426783994037e-04 
2016   6   1   6   0   0  7.2522884322891135e-04 
2016   6   1   6  30   0  5.8392966274396362e-04 
2016   6   1   7   0   0  4.2100551498067178e-04 
2016   6   1   7  30   0  3.3756826555526382e-04 
2016   6   1   8   0   0  3.0691667374090255e-04 
2016   6   1   8  30   0  2.7708486138035938e-04 
2016   6   1   9   0   0  2.5243212581387399e-04 
2016   6   1   9  30   0  2.0989124108894525e-04 
2016   6   1  10   0   0  1.8222813128599533e-04 
2016   6   1  10  30   0  1.6895092236202179e-04 
2016   6   1  11   0   0  1.2046863680787007e-04 
2016   6   1  11  30   0  5.4901042990333524e-05 
2016   6   1  12   0   0  9.3519108968041001e-06 
2016   6   1  12  30   0  9.2443821150007229e-06 
2016   6   1  13   0   0  1.0041828948421054e-05 
2016   6   1  13  30   0  1.0007928840033644e-05 
2016   6   1  14   0   0  9.8243838289917948e-06 
2016   6   1  14  30   0  9.4796478462602703e-06 
2016   6   1  15   0   0  9.0935946718597599e-06 
2016   6   1  15  30   0  9.3408808310998417e-06 
2016   6   1  16   0   0  9.3305563406561631e-06 
2016   6   1  16  30   0  1.1059782811174312e-05 
2016   6   1  17   0   0  9.7791668344276314e-06 
2016   6   1  17  30   0  9.2422458342464826e-06 
2016   6   1  18   0   0  9.2384265319879929e-06 
2016   6   1  18  30   0  9.3346071351816451e-06 
2016   6   1  19   0   0  9.7263590818855770e-06 
2016   6   1  19  30   0  9.9729314253305442e-06 
2016   6   1  20   0   0  6.4020291598065898e-05 
2016   6   1  20  30   0  1.6843849042789201e-04 
2016   6   1  21   0   0  3.1571001369419001e-04 
2016   6   1  21  30   0  4.3089302174573218e-04 
2016   6   1  22   0   0  4.7785018916368037e-04 
2016   6   1  22  30   0  4.7669320594225287e-04 
2016   6   1  23   0   0  5.0301773684415310e-04 
2016   6   1  23  30   0  6.1405460305352872e-04 
2016   6   2   0   0   0  6.9207756680830757e-04 
2016   6   2   0  30   0  7.6348051377313013e-04 
2016   6   2   1   0   0  8.2168710398105118e-04 
2016   6   2   1  30   0  8.7981094499483355e-04 
2016   6   2   2   0   0  8.9718598276274358e-04 
2016   6   2   2  30   0  9.1895854714516153e-04 
2016   6   2   3   0   0  9.0426913145576519e-04 
2016   6   2   3  30   0  8.8409039136187208e-04 
2016   6   2   4   0   0  8.7904649836638513e-04 
2016   6   2   4  30   0  8.3496492735861589e-04 
2016   6   2   5   0   0  8.0331980929552104e-04 
2016   6   2   5  30   0  7.1395007301206653e-04 
2016   6   2   6   0   0  6.4111962953590940e-04 
2016   6   2   6  30   0  5.0874595156310642e-04 
2016   6   2   7   0   0  4.7441200669901180e-04 
2016   6   2   7  30   0  4.5020936509070146e-04 
2016   6   2   8   0   0  3.9320189714534887e-04 
2016   6   2   8  30   0  3.4743700440155039e-04 
2016   6   2   9   0   0  2.7324780848775418e-04 
2016   6   2   9  30   0  1.9341606036664844e-04 
2016   6   2  10   0   0  1.2979828409938763e-04 
2016   6   2  10  30   0  1.2763902465227632e-04 
2016   6   2  11   0   0  1.5208580132555020e-04 
2016   6   2  11  30   0  1.9293260033355659e-04 
2016   6   2  12   0   0  1.7593049053470056e-04 
2016   6   2  12  30   0  1.5913207538601263e-04 
2016   6   2  13   0   0  2.1788375797150507e-04 
2016   6   2  13  30   0  2.7763248672454640e-04 
2016   6   2  14   0   0  3.2536781544214547e-04 
2016   6   2  14  30   0  3.1816807712775050e-04 
2016   6   2  15   0   0  3.1164323956383124e-04 
2016   6   2  15  30   0  4.7115552906229100e-04 
2016   6   2  16   0   0  5.3881733803602010e-04 
2016   6   2  16  30   0  5.3859530362927548e-04 
2016   6   2  17   0   0  5.3358682892068877e-04 
2016   6   2  17  30   0  5.4553956775802543e-04 
2016   6   2  18   0   0  5.2450345394611253e-04 
2016   6   2  18  30   0  5.4055945220531868e-04 
2016   6   2  19   0   0  5.5179349550480404e-04 
2016   6   2  19  30   0  5.3399729418704932e-04 
2016   6   2  20   0   0  5.3436462535449948e-04 
2016   6   2  20  30   0  5.4589195551828272e-04 
2016   6   2  21   0   0  5.4095281729154025e-04 
2016   6   2  21  30   0  5.5689898238828856e-04 
2016   6   2  22   0   0  5.8641696778310201e-04 
2016   6   2  22  30   0  6.2971070293654969e-04 
2016   6   2  23   0   0  7.1329100326270121e-04 
2016   6   2  23  30   0  8.2311520954813343e-04 
2016   6   3   0   0   0  8.3394021746723500e-04 
2016   6   3   0  30   0  8.2630340462170129e-04 
2016   6   3   1   0   0  7.0888967767021777e-04 
2016   6   3   1  30   0  6.8812847715570274e-04 
2016   6   3   2   0   0  6.7076095331467130e-04 
2016   6   3   2  30   0  6.3993283832374317e-04 
2016   6   3   3   0   0  6.1979390856868426e-04 
2016   6   3   3  30   0  6.2346630002896514e-04 
2016   6   3   4   0   0  6.5857954453817156e-04 
2016   6   3   4  30   0  7.0446729715759743e-04 
2016   6   3   5   0   0  7.0202107695339336e-04 
2016   6   3   5  30   0  7.8033278866408641e-04 
2016   6   3   6   0   0  7.9542022800602142e-04 
2016   6   3   6  30   0  7.7213243458182325e-04 
2016   6   3   7   0   0  7.0811696674528675e-04 
2016   6   3   7  30   0  7.0716513555707874e-04 
2016   6   3   8   0   0  7.3113924126957204e-04 
2016   6   3   8  30   0  7.0836906457496650e-04 
2016   6   3   9   0   0  7.2449639724048056e-04 
2016   6   3   9  30   0  7.0816273932162175e-04 
2016   6   3  10   0   0  7.0969140124669161e-04 
2016   6   3  10  30   0  6.5777468748779680e-04 
2016   6   3  11   0   0  5.9511047267693659e-04 
2016   6   3  11  30   0  4.3116888326494946e-04 
2016   6   3  12   0   0  3.6441142674661703e-04 
2016   6   3  12  30   0  2.3116090067482924e-04 
2016   6   3  13   0   0  1.7166789330426308e-04 
2016   6   3  13  30   0  1.2460946619461424e-04 
2016   6   3  14   0   0  1.6086312964976539e-04 
2016   6   3  14  30   0  5.0584205310062009e-04 
2016   6   3  15   0   0  1.8769764691813117e-04 
2016   6   3  15  30   0  1.2961864440610575e-04 
2016   6   3  16   0   0  2.2232624002953652e-04 
2016   6   3  16  30   0  1.9523319871491999e-04 
2016   6   3  17   0   0  7.6476789896633946e-05 
2016   6   3  17  30   0  5.7024568860315849e-05 
2016   6   3  18   0   0  7.6248857297087018e-05 
2016   6   3  18  30   0  9.8998348186073916e-05 
2016   6   3  19   0   0  1.2044586991685917e-04 
2016   6   3  19  30   0  1.5913040401276010e-04 
2016   6   3  20   0   0  2.6022365357689071e-04 
2016   6   3  20  30   0  2.5589345845254192e-04 
2016   6   3  21   0   0  2.8269970508326784e-04 
2016   6   3  21  30   0  3.1518025938626944e-04 
2016   6   3  22   0   0  2.5293753929141405e-04 
2016   6   3  22  30   0  2.4935894697965261e-04 
2016   6   3  23   0   0  2.7503227412128620e-04 
2016   6   3  23  30   0  3.1082560580955989e-04 
2016   6   4   0   0   0  2.2309769536158023e-04 
2016   6   4   0  30   0  2.2342415507147032e-04 
2016   6   4   1   0   0  2.2966416948638830e-04 
2016   6   4   1  30   0  2.4798392691763842e-04 
2016   6   4   2   0   0  2.5593049260430687e-04 
2016   6   4   2  30   0  2.2780867970856900e-04 
2016   6   4   3   0   0  2.1070799227455587e-04 
2016   6   4   3  30   0  1.9925144476420572e-04 
2016   6   4   4   0   0  2.0269539741097053e-04 
2016   6   4   4  30   0  2.0844442571085070e-04 
2016   6   4   5   0   0  2.2468346778137089e-04 
2016   6   4   5  30   0  2.1411606868292502e-04 
2016   6   4   6   0   0  1.6896382655315819e-04 
2016   6   4   6  30   0  1.1630642197775525e-04 
2016   6   4   7   0   0  8.7032458934595584e-05 
2016   6   4   7  30   0  3.7054754893709515e-05 
2016   6   4   8   0   0  2.0149044435339393e-05 
2016   6   4   8  30   0  1.7787255595691897e-06 
2016   6   4   9   0   0  1.7625489414242661e-06 
2016   6   4   9  30   0  1.6093181309504698e-06 
2016   6   4  10   0   0  1.4141184520812846e-06 
2016   6   4  10  30   0  1.2729641789701128e-06 
2016   6   4  11   0   0  1.5905244614731263e-06 
2016   6   4  11  30   0  2.1030273650273254e-06 
2016   6   4  12   0   0  1.8915243596653638e-06 
2016   6   4  12  30   0  2.0173165215193433e-06 
2016   6   4  13   0   0  2.1386683608970794e-06 
2016   6   4  13  30   0  1.8488233591189250e-06 
2016   6   4  14   0   0  1.9544855065251501e-06 
2016   6   4  14  30   0  2.0617888399798233e-06 
2016   6   4  15   0   0  2.4366393957067185e-06 
2016   6   4  15  30   0  2.4318644451096688e-06 
2016   6   4  16   0   0  2.2395079272174494e-06 
2016   6   4  16  30   0  2.3441379152540109e-06 
2016   6   4  17   0   0  2.3242401017857715e-06 
2016   6   4  17  30   0  1.8175650653995016e-06 
2016   6   4  18   0   0  1.7794207019572549e-06 
2016   6   4  18  30   0  1.7968871390689787e-06 
2016   6   4  19   0   0  1.8103035549588945e-06 
2016   6   4  19  30   0  1.7673416626323918e-06 
2016   6   4  20   0   0  1.7225070424021214e-06 
2016   6   4  20  30   0  1.6759508471997696e-06 
2016   6   4  21   0   0  1.6791586099858958e-06 
2016   6   4  21  30   0  1.5849171412136106e-06 
2016   6   4  22   0   0  1.6178883555067669e-06 
2016   6   4  22  30   0  1.7067352462950413e-06 
2016   6   4  23   0   0  1.7458635047105044e-06 
2016   6   4  23  30   0  1.9422376186749088e-06 
2016   6   5   0   0   0  2.8459971318851048e-06 
2016   6   5   0  30   0  2.9588133348252983e-06 
2016   6   5   1   0   0  3.3557618946002225e-06 
2016   6   5   1  30   0  3.7831425692143040e-06 
2016   6   5   2   0   0  1.6263052305635958e-05 
2016   6   5   2  30   0  4.1978874467968994e-05 
2016   6   5   3   0   0  5.5224692170549818e-05 
2016   6   5   3  30   0  7.2333419374737858e-05 
2016   6   5   4   0   0  7.2512279021275417e-05 
2016   6   5   4  30   0  8.7460413363292061e-05 
2016   6   5   5   0   0  1.1031335240192829e-04 
2016   6   5   5  30   0  9.8554259865152812e-05 
2016   6   5   6   0   0  4.8276724612322256e-05 
2016   6   5   6  30   0  2.3548254413506184e-05 
2016   6   5   7   0   0  1.1850904483630820e-05 
2016   6   5   7  30   0  1.5319780031294055e-06 
2016   6   5   8   0   0  1.5755741072384758e-06 
2016   6   5   8  30   0  2.5405837470454917e-05 
2016   6   5   9   0   0  7.9162823771981034e-05 
2016   6   5   9  30   0  1.1927839516200955e-04 
2016   6   5  10   0   0  1.1839050704713850e-04 
2016   6   5  10  30   0  8.2559464018961377e-05 
2016   6   5  11   0   0  1.1460068621463418e-04 
2016   6   5  11  30   0  1.0450094390769465e-04 
2016   6   5  12   0   0  1.1018196052592058e-04 
2016   6   5  12  30   0  8.1854773320624394e-05 
2016   6   5  13   0   0  5.8189824909331220e-05 
2016   6   5  13  30   0  3.3149265877989876e-05 
2016   6   5  14   0   0  7.8521498998129996e-06 
2016   6   5  14  30   0  1.9738312022781414e-06 
2016   6   5  15   0   0  2.0737016744181934e-06 
2016   6   5  15  30   0  7.8545983383279105e-05 
2016   6   5  16   0   0  1.1077725348741773e-04 
2016   6   5  16  30   0  1.5137499020899883e-04 
2016   6   5  17   0   0  1.6903352133870074e-04 
2016   6   5  17  30   0  1.9003617321518363e-04 
2016   6   5  18   0   0  1.9535204960305569e-04 
2016   6   5  18  30   0  1.8870059113193150e-04 
2016   6   5  19   0   0  1.9496634542913858e-04 
2016   6   5  19  30   0  1.8824848583315408e-04 
2016   6   5  20   0   0  1.9453953892422475e-04 
2016   6   5  20  30   0  2.0096172593736604e-04 
2016   6   5  21   0   0  2.2624489963015199e-04 
2016   6   5  21  30   0  2.3863268979086583e-04 
2016   6   5  22   0   0  2.4883120483064184e-04 
2016   6   5  22  30   0  2.5602842974915200e-04 
2016   6   5  23   0   0  2.5640634363782798e-04 
2016   6   5  23  30   0  2.3857274200172535e-04 
2016   6   6   0   0   0  2.2083066007195045e-04 
2016   6   6   0  30   0  2.1964778479996837e-04 
2016   6   6   1   0   0  2.1626464463657134e-04 
2016   6   6   1  30   0  2.0228374767765808e-04 
2016   6   6   2   0   0  1.9952660062772757e-04 
2016   6   6   2  30   0  2.0479872450382885e-04 
2016   6   6   3   0   0  1.9962326508691047e-04 
2016   6   6   3  30   0  2.0264073695815116e-04 
2016   6   6   4   0   0  2.1275339203871631e-04 
2016   6   6   4  30   0  2.0449919002172844e-04 
2016   6   6   5   0   0  2.0273829732722458e-04 
2016   6   6   5  30   0  1.9388197565508322e-04 
2016   6   6   6   0   0  1.7886986618534590e-04 
2016   6   6   6  30   0  1.6143936837220601e-04 
2016   6   6   7   0   0  1.3593303812023305e-04 
2016   6   6   7  30   0  1.2440964767566551e-04 
2016   6   6   8   0   0  1.2866415250165528e-04 
2016   6   6   8  30   0  1.1773761914100039e-04 
2016   6   6   9   0   0  1.2461390959356370e-04 
2016   6   6   9  30   0  1.2143678759074357e-04 
2016   6   6  10   0   0  1.1347736167783372e-04 
2016   6   6  10  30   0  7.9285638269848552e-05 
2016   6   6  11   0   0  8.3021118397726482e-05 
2016   6   6  11  30   0  6.7694133789994782e-05 
2016   6   6  12   0   0  4.4418351741814177e-05 
2016   6   6  12  30   0  4.4910608366341714e-05 
2016   6   6  13   0   0  1.2721637085433694e-04 
2016   6   6  13  30   0  2.0808714616208119e-04 
2016   6   6  14   0   0  2.2817485086387278e-04 
2016   6   6  14  30   0  2.5000869094712804e-04 
2016   6   6  15   0   0  2.8537570311082958e-04 
2016   6   6  15  30   0  2.9491322742597725e-04 
2016   6   6  16   0   0  3.1297011528508137e-04 
2016   6   6  16  30   0  3.3625862220714619e-04 
2016   6   6  17   0   0  3.5201023684362212e-04 
2016   6   6  17  30   0  3.6127362840912319e-04 
2016   6   6  18   0   0  3.7506772621592315e-04 
2016   6   6  18  30   0  3.8112201941386056e-04 
2016   6   6  19   0   0  3.5788473226034724e-04 
2016   6   6  19  30   0  3.5537507876698664e-04 
2016   6   6  20   0   0  3.7761060617383862e-04 
2016   6   6  20  30   0  4.7062223592194764e-04 
2016   6   6  21   0   0  4.1935244742046781e-04 
2016   6   6  21  30   0  4.7792581851089039e-04 
2016   6   6  22   0   0  3.1027652074414101e-04 
2016   6   6  22  30   0  2.9450406869293682e-04 
2016   6   6  23   0   0  2.9316387141563088e-04 
2016   6   6  23  30   0  2.8792257914922752e-04 
2016   6   7   0   0   0  2.6894165772824527e-04 
2016   6   7   0  30   0  2.4502939214171641e-04 
2016   6   7   1   0   0  2.4061556587891980e-04 
2016   6   7   1  30   0  2.3951372277538255e-04 
2016   6   7   2   0   0  2.4749259764187754e-04 
2016   6   7   2  30   0  2.5861022806068779e-04 
2016   6   7   3   0   0  2.6479158740472957e-04 
2016   6   7   3  30   0  2.7282103462049692e-04 
2016   6   7   4   0   0  2.7219577889949024e-04 
2016   6   7   4  30   0  2.7316851550395567e-04 
2016   6   7   5   0   0  3.0767391664407256e-04 
2016   6   7   5  30   0  2.6097258081120680e-04 
2016   6   7   6   0   0  2.1683854051962712e-04 
2016   6   7   6  30   0  1.7161442918480627e-04 
2016   6   7   7   0   0  1.9655146522507238e-04 
2016   6   7   7  30   0  1.4044015045096958e-04 
2016   6   7   8   0   0  1.3400605743934234e-04 
2016   6   7   8  30   0  8.4148079070399284e-05 
2016   6   7   9   0   0  5.3812081029955301e-05 
2016   6   7   9  30   0  3.8668367360744248e-06 
2016   6   7  10   0   0  4.1226410711568474e-06 
2016   6   7  10  30   0  4.1920270185036316e-06 
2016   6   7  11   0   0  4.3445543445112380e-06 
2016   6   7  11  30   0  4.9334647299184926e-06 
2016   6   7  12   0   0  5.7891245133930424e-06 
2016   6   7  12  30   0  6.1251953858386650e-06 
2016   6   7  13   0   0  6.3441794272257031e-06 
2016   6   7  13  30   0  6.6925723273372963e-06 
2016   6   7  14   0   0  6.7212679201109664e-06 
2016   6   7  14  30   0  7.7507177800198509e-06 
2016   6   7  15   0   0  7.0709428824951804e-06 
2016   6   7  15  30   0  6.5952440056340561e-06 
2016   6   7  16   0   0  4.8375019075382988e-06 
2016   6   7  16  30   0  4.9838257636901311e-06 
2016   6   7  17   0   0  4.7879668336064536e-06 
2016   6   7  17  30   0  4.8115624791619872e-06 
2016   6   7  18   0   0  4.6067640981895673e-06 
2016   6   7  18  30   0  4.6988429378893177e-06 
2016   6   7  19   0   0  4.6346304102791080e-06 
2016   6   7  19  30   0  4.6517442330217219e-06 
2016   6   7  20   0   0  4.7244500439959409e-06 
2016   6   7  20  30   0  4.3707445569823268e-06 
2016   6   7  21   0   0  3.3278794845983657e-05 
2016   6   7  21  30   0  9.8296920795268574e-05 
2016   6   7  22   0   0  9.8441159517956612e-05 
2016   6   7  22  30   0  1.2946385619152660e-04 
2016   6   7  23   0   0  1.4705117863974399e-04 
2016   6   7  23  30   0  1.3907893892174138e-04 
2016   6   8   0   0   0  1.9652030340284543e-04 
2016   6   8   0  30   0  2.2577087199537554e-04 
2016   6   8   1   0   0  2.7182058715603721e-04 
2016   6   8   1  30   0  3.2486974363019245e-04 
2016   6   8   2   0   0  3.6178920107336076e-04 
2016   6   8   2  30   0  4.1277127212917595e-04 
2016   6   8   3   0   0  4.3410436375669891e-04 
2016   6   8   3  30   0  4.6488578211470243e-04 
2016   6   8   4   0   0  5.0726320893401135e-04 
2016   6   8   4  30   0  5.9540713332004690e-04 
2016   6   8   5   0   0  6.2063582839320649e-04 
2016   6   8   5  30   0  5.4844765779420222e-04 
2016   6   8   6   0   0  4.2545543207032449e-04 
2016   6   8   6  30   0  3.2330824891730296e-04 
2016   6   8   7   0   0  1.0222836347403896e-04 
2016   6   8   7  30   0  1.9017371938706326e-05 
2016   6   8   8   0   0  9.6181909492861969e-06 
2016   6   8   8  30   0  1.2957702926892673e-06 
2016   6   8   9   0   0  1.6664604752348856e-06 
2016   6   8   9  30   0  2.4544341774436923e-06 
2016   6   8  10   0   0  3.3694902322267954e-06 
2016   6   8  10  30   0  3.3327090608985763e-06 
2016   6   8  11   0   0  2.5681021391917109e-06 
2016   6   8  11  30   0  3.1503692853729306e-06 
2016   6   8  12   0   0  3.7770754137226206e-06 
2016   6   8  12  30   0  2.8777144466534238e-06 
2016   6   8  13   0   0  2.9710707098274078e-06 
2016   6   8  13  30   0  3.0442204419570599e-06 
2016   6   8  14   0   0  2.7012614619557875e-06 
2016   6   8  14  30   0  2.5441509742424996e-06 
2016   6   8  15   0   0  2.5132860847915934e-06 
2016   6   8  15  30   0  2.3409876402432943e-06 
2016   6   8  16   0   0  2.3130069620754213e-06 
2016   6   8  16  30   0  2.3869353263449448e-06 
2016   6   8  17   0   0  2.3686438491122804e-06 
2016   6   8  17  30   0  1.9921292557644052e-06 
2016   6   8  18   0   0  2.1049383609934957e-06 
2016   6   8  18  30   0  2.1549558690967862e-06 
2016   6   8  19   0   0  2.1310084243105634e-06 
2016   6   8  19  30   0  5.3140143547801949e-06 
2016   6   8  20   0   0  3.4571614380429660e-05 
2016   6   8  20  30   0  6.5655903965806039e-05 
2016   6   8  21   0   0  8.7090223264698878e-05 
2016   6   8  21  30   0  6.6554598327671398e-05 
2016   6   8  22   0   0  6.5535963587884711e-05 
2016   6   8  22  30   0  8.0207180040086111e-05 
2016   6   8  23   0   0  9.1575667496633301e-05 
2016   6   8  23  30   0  1.0427736538256048e-04 
2016   6   9   0   0   0  1.1720725989475051e-04 
2016   6   9   0  30   0  1.0982508040335600e-04 
2016   6   9   1   0   0  7.7858040040286800e-05 
2016   6   9   1  30   0  8.1339214384202382e-05 
2016   6   9   2   0   0  7.9280733346901081e-05 
2016   6   9   2  30   0  8.1344109170434871e-05 
2016   6   9   3   0   0  7.8499547638707123e-05 
2016   6   9   3  30   0  6.4717331072509994e-05 
2016   6   9   4   0   0  4.4858084824033082e-05 
2016   6   9   4  30   0  5.5026625424726641e-05 
2016   6   9   5   0   0  4.7035840750012456e-05 
2016   6   9   5  30   0  4.9823133390406096e-05 
2016   6   9   6   0   0  4.9370519587659536e-05 
2016   6   9   6  30   0  4.6857823622752670e-05 
2016   6   9   7   0   0  3.1892880542847776e-05 
2016   6   9   7  30   0  3.7481973689103916e-05 
2016   6   9   8   0   0  4.9511183127740146e-05 
2016   6   9   8  30   0  5.0924123821301474e-05 
2016   6   9   9   0   0  4.4605547635202191e-05 
2016   6   9   9  30   0  3.8442835790074508e-05 
2016   6   9  10   0   0  3.5808641959392918e-05 
2016   6   9  10  30   0  4.8614727589892956e-05 
2016   6   9  11   0   0  5.2406725427625379e-05 
2016   6   9  11  30   0  4.0502438943014768e-05 
2016   6   9  12   0   0  4.5142059912270805e-05 
2016   6   9  12  30   0  1.9395437750574236e-05 
2016   6   9  13   0   0  4.8137043033055929e-05 
2016   6   9  13  30   0  4.6349416156327646e-05 
2016   6   9  14   0   0  4.6571862299442650e-05 
2016   6   9  14  30   0  4.5041343764297950e-05 
2016   6   9  15   0   0  3.9118205852343140e-05 
2016   6   9  15  30   0  4.7084943908615053e-05 
2016   6   9  16   0   0  4.8264466360564733e-05 
2016   6   9  16  30   0  5.1944380543242665e-05 
2016   6   9  17   0   0  5.6776144189634272e-05 
2016   6   9  17  30   0  5.1573358683190722e-05 
2016   6   9  18   0   0  4.8929422900164295e-05 
2016   6   9  18  30   0  5.4664939454824118e-05 
2016   6   9  19   0   0  4.5835299747774688e-05 
2016   6   9  19  30   0  5.0358467610050651e-05 
2016   6   9  20   0   0  5.3011555326421252e-05 
2016   6   9  20  30   0  5.8830716570343350e-05 
2016   6   9  21   0   0  5.9515811792975610e-05 
2016   6   9  21  30   0  5.2076772629548767e-05 
2016   6   9  22   0   0  4.6834218256613092e-05 
2016   6   9  22  30   0  4.8505713889739313e-05 
2016   6   9  23   0   0  4.3907546661062234e-05 
2016   6   9  23  30   0  4.5549145740854573e-05 
2016   6  10   0   0   0  4.2044355462646655e-05 
2016   6  10   0  30   0  4.4020321156189982e-05 
2016   6  10   1   0   0  4.5222010482656513e-05 
2016   6  10   1  30   0  4.8414695741645523e-05 
2016   6  10   2   0   0  5.9126202295304270e-05 
2016   6  10   2  30   0  6.5965399212107012e-05 
2016   6  10   3   0   0  6.8914732979761791e-05 
2016   6  10   3  30   0  7.1686299867639405e-05 
2016   6  10   4   0   0  7.5356398675804299e-05 
2016   6  10   4  30   0  7.3735658655652912e-05 
2016   6  10   5   0   0  7.2128633631322295e-05 
2016   6  10   5  30   0  7.5288055681735672e-05 
2016   6  10   6   0   0  7.0205050114925186e-05 
2016   6  10   6  30   0  6.9876277042183350e-05 
2016   6  10   7   0   0  4.6081905125989792e-05 
2016   6  10   7  30   0  3.0261879257051055e-05 
2016   6  10   8   0   0  9.8170463166262962e-06 
2016   6  10   8  30   0  3.2881899678099607e-06 
2016   6  10   9   0   0  1.3232987705913557e-06 
2016   6  10   9  30   0  1.3162534588023845e-06 
2016   6  10  10   0   0  1.2745253416800702e-06 
2016   6  10  10  30   0  1.3920551129337316e-06 
2016   6  10  11   0   0  1.3411471297206795e-06 
2016   6  10  11  30   0  1.3886449959908657e-06 
2016   6  10  12   0   0  1.3928069670064184e-06 
2016   6  10  12  30   0  1.5008071717006146e-06 
2016   6  10  13   0   0  1.5611173166071957e-06 
2016   6  10  13  30   0  1.8809774292751094e-06 
2016   6  10  14   0   0  2.2755084933071929e-06 
2016   6  10  14  30   0  2.5305782057240768e-06 
2016   6  10  15   0   0  2.5355173450023406e-06 
2016   6  10  15  30   0  2.4665353200681220e-06 
2016   6  10  16   0   0  2.4630600185042512e-06 
2016   6  10  16  30   0  2.3315319712580427e-06 
2016   6  10  17   0   0  2.4282321145321863e-06 
2016   6  10  17  30   0  2.5170027137398754e-06 
2016   6  10  18   0   0  2.6052216869218422e-06 
2016   6  10  18  30   0  2.8570692252769224e-06 
2016   6  10  19   0   0  2.8280796333944249e-06 
2016   6  10  19  30   0  2.7281873738677520e-06 
2016   6  10  20   0   0  2.9581186781585962e-06 
2016   6  10  20  30   0  1.0769990331251671e-05 
2016   6  10  21   0   0  4.6924037550865649e-05 
2016   6  10  21  30   0  4.9213911169806812e-05 
2016   6  10  22   0   0  5.4099869797933817e-05 
2016   6  10  22  30   0  5.0387399521089352e-05 
2016   6  10  23   0   0  4.8600745632521569e-05 
2016   6  10  23  30   0  7.8736266981265275e-05 
2016   6  11   0   0   0  1.0252368447524711e-04 
2016   6  11   0  30   0  1.0965271334004814e-04 
2016   6  11   1   0   0  1.4271013115081107e-04 
2016   6  11   1  30   0  1.7780603736836711e-04 
2016   6  11   2   0   0  1.2854779687722346e-04 
2016   6  11   2  30   0  1.2227543722923766e-04 
2016   6  11   3   0   0  1.0518715139979690e-04 
2016   6  11   3  30   0  1.3591855867924602e-04 
2016   6  11   4   0   0  2.1635030351782296e-04 
2016   6  11   4  30   0  3.2854572188415382e-04 
2016   6  11   5   0   0  3.1863282041375951e-04 
2016   6  11   5  30   0  3.0026366907722699e-04 
2016   6  11   6   0   0  2.7340366364128220e-04 
2016   6  11   6  30   0  2.5117333171418232e-04 
2016   6  11   7   0   0  2.4391122492445092e-04 
2016   6  11   7  30   0  2.2801331437916531e-04 
2016   6  11   8   0   0  1.7564229905312395e-04 
2016   6  11   8  30   0  1.5069337488663755e-04 
2016   6  11   9   0   0  1.5757564893093139e-04 
2016   6  11   9  30   0  1.4454377076611100e-04 
2016   6  11  10   0   0  1.3928643638356963e-04 
2016   6  11  10  30   0  1.2684311572668138e-04 
2016   6  11  11   0   0  1.4036372940087253e-04 
2016   6  11  11  30   0  1.2009329906767747e-04 
2016   6  11  12   0   0  1.3479123264854010e-04 
2016   6  11  12  30   0  1.3730517169853029e-04 
2016   6  11  13   0   0  1.4367547154820205e-04 
2016   6  11  13  30   0  1.6096509119339266e-04 
2016   6  11  14   0   0  1.4180696769223964e-04 
2016   6  11  14  30   0  1.7171134508854949e-04 
2016   6  11  15   0   0  1.5323720332204618e-04 
2016   6  11  15  30   0  1.5068545099768184e-04 
2016   6  11  16   0   0  1.5529206099794155e-04 
2016   6  11  16  30   0  1.5826734008432490e-04 
2016   6  11  17   0   0  1.5865969733834425e-04 
2016   6  11  17  30   0  1.6227301449404046e-04 
2016   6  11  18   0   0  1.7063870857249135e-04 
2016   6  11  18  30   0  1.7318324511278810e-04 
2016   6  11  19   0   0  1.7244804473775412e-04 
2016   6  11  19  30   0  1.7425252006943859e-04 
2016   6  11  20   0   0  1.8610145971332645e-04 
2016   6  11  20  30   0  1.6506579569711859e-04 
2016   6  11  21   0   0  1.5919099529447861e-04 
2016   6  11  21  30   0  1.6329433667917548e-04 
2016   6  11  22   0   0  1.7111408187760036e-04 
2016   6  11  22  30   0  1.6578038375043562e-04 
2016   6  11  23   0   0  1.6609741187109857e-04 
2016   6  11  23  30   0  1.6613560123354256e-04 
2016   6  12   0   0   0  1.6976748224736593e-04 
2016   6  12   0  30   0  1.8227281719980111e-04 
2016   6  12   1   0   0  1.8999366900711209e-04 
2016   6  12   1  30   0  1.9322192498313480e-04 
2016   6  12   2   0   0  1.9798908772206448e-04 
2016   6  12   2  30   0  1.9398339987306660e-04 
2016   6  12   3   0   0  1.9357403388538629e-04 
2016   6  12   3  30   0  2.2617009722871828e-04 
2016   6  12   4   0   0  2.3736992150709735e-04 
2016   6  12   4  30   0  2.3422023330991906e-04 
2016   6  12   5   0   0  2.4521013192173042e-04 
2016   6  12   5  30   0  2.3926683072919745e-04 
2016   6  12   6   0   0  2.1243618483899248e-04 
2016   6  12   6  30   0  1.8542789886767105e-04 
2016   6  12   7   0   0  1.6546625685324176e-04 
2016   6  12   7  30   0  1.6057393027398795e-04 
2016   6  12   8   0   0  1.5981352114545684e-04 
2016   6  12   8  30   0  1.6138932863289209e-04 
2016   6  12   9   0   0  1.4994583685659329e-04 
2016   6  12   9  30   0  1.3247799609100778e-04 
2016   6  12  10   0   0  1.5271231587306062e-04 
2016   6  12  10  30   0  1.5601938862415702e-04 
2016   6  12  11   0   0  1.7025658015521874e-04 
2016   6  12  11  30   0  1.9390555448777896e-04 
2016   6  12  12   0   0  2.1598394914186324e-04 
2016   6  12  12  30   0  1.9704548366636325e-04 
2016   6  12  13   0   0  1.9674756647996433e-04 
2016   6  12  13  30   0  2.4019605761825441e-04 
2016   6  12  14   0   0  2.5781880893756677e-04 
2016   6  12  14  30   0  2.7289564992915004e-04 
2016   6  12  15   0   0  2.0081894978710588e-04 
2016   6  12  15  30   0  2.2802713406056073e-04 
2016   6  12  16   0   0  2.4856433938567858e-04 
2016   6  12  16  30   0  3.0252633299867124e-04 
2016   6  12  17   0   0  3.0590654288519664e-04 
2016   6  12  17  30   0  3.0689420534634311e-04 
2016   6  12  18   0   0  3.0188013533970990e-04 
2016   6  12  18  30   0  2.9275584192121358e-04 
2016   6  12  19   0   0  2.8692575172246557e-04 
2016   6  12  19  30   0  2.5475813675881803e-04 
2016   6  12  20   0   0  2.5153889990811422e-04 
2016   6  12  20  30   0  2.9244266292580444e-04 
2016   6  12  21   0   0  3.2626861049948723e-04 
2016   6  12  21  30   0  3.2250797674929476e-04 
2016   6  12  22   0   0  3.1657374095386842e-04 
2016   6  12  22  30   0  3.1900983409411234e-04 
2016   6  12  23   0   0  3.1865681655800601e-04 
2016   6  12  23  30   0  3.2396538852789460e-04 
2016   6  13   0   0   0  3.2644200626955413e-04 
2016   6  13   0  30   0  3.3626302737274708e-04 
2016   6  13   1   0   0  3.4983801563036738e-04 
2016   6  13   1  30   0  3.5717418642948365e-04 
2016   6  13   2   0   0  3.4672951342387090e-04 
2016   6  13   2  30   0  3.3777806654675487e-04 
2016   6  13   3   0   0  3.2749352217755325e-04 
2016   6  13   3  30   0  3.2434158961994403e-04 
2016   6  13   4   0   0  3.2380382483199280e-04 
2016   6  13   4  30   0  3.2387607646131185e-04 
2016   6  13   5   0   0  3.3646654055066938e-04 
2016   6  13   5  30   0  3.5465899586815106e-04 
2016   6  13   6   0   0  3.6187262781758292e-04 
2016   6  13   6  30   0  3.5457642091890021e-04 
2016   6  13   7   0   0  3.4954451220004727e-04 
2016   6  13   7  30   0  3.4704161682142149e-04 
2016   6  13   8   0   0  3.0144991727391104e-04 
2016   6  13   8  30   0  2.4771055153315866e-04 
2016   6  13   9   0   0  1.9061106017891172e-04 
2016   6  13   9  30   0  1.4860831843263529e-04 
2016   6  13  10   0   0  9.5907586132794009e-05 
2016   6  13  10  30   0  4.7858922612455165e-05 
2016   6  13  11   0   0  1.7519169088399264e-05 
2016   6  13  11  30   0  3.3701017845813236e-06 
2016   6  13  12   0   0  3.4704665169327397e-06 
2016   6  13  12  30   0  3.5901637346636968e-06 
2016   6  13  13   0   0  3.8229172123366291e-06 
2016   6  13  13  30   0  4.0973645862184532e-06 
2016   6  13  14   0   0  4.2553436120027283e-06 
2016   6  13  14  30   0  4.4648476030722257e-06 
2016   6  13  15   0   0  4.4337155663971241e-06 
2016   6  13  15  30   0  4.6920748045238230e-06 
2016   6  13  16   0   0  4.6583148993083546e-06 
2016   6  13  16  30   0  4.6751471245390168e-06 
2016   6  13  17   0   0  4.8399318840982161e-06 
2016   6  13  17  30   0  5.0310009066576375e-06 
2016   6  13  18   0   0  5.0162348623997902e-06 
2016   6  13  18  30   0  5.2544773783777447e-06 
2016   6  13  19   0   0  5.1546707247713845e-06 
2016   6  13  19  30   0  4.2788955700904026e-06 
2016   6  13  20   0   0  4.9422782225789075e-05 
2016   6  13  20  30   0  1.9855314275023586e-04 
2016   6  13  21   0   0  2.4497875949017509e-04 
2016   6  13  21  30   0  2.6192338319546419e-04 
2016   6  13  22   0   0  3.3770241987185907e-04 
2016   6  13  22  30   0  3.3317058182984709e-04 
2016   6  13  23   0   0  3.0633603200966796e-04 
2016   6  13  23  30   0  3.5094919345336501e-04 
2016   6  14   0   0   0  2.8869202927586212e-04 
2016   6  14   0  30   0  3.0883481272348114e-04 
2016   6  14   1   0   0  3.2811977345287117e-04 
2016   6  14   1  30   0  3.1703300057432578e-04 
2016   6  14   2   0   0  3.2008016051478249e-04 
2016   6  14   2  30   0  3.1795492397925879e-04 
2016   6  14   3   0   0  3.0952256533288956e-04 
2016   6  14   3  30   0  3.2453344429212387e-04 
2016   6  14   4   0   0  3.5795728148178168e-04 
2016   6  14   4  30   0  3.3409320195117327e-04 
2016   6  14   5   0   0  2.9814912945232125e-04 
2016   6  14   5  30   0  2.7158357063801600e-04 
2016   6  14   6   0   0  2.0535293354462738e-04 
2016   6  14   6  30   0  1.5780251579115129e-04 
2016   6  14   7   0   0  9.0722404703977392e-05 
2016   6  14   7  30   0  4.8284297214057057e-05 
2016   6  14   8   0   0  3.4238046324699174e-06 
2016   6  14   8  30   0  3.3307145456895931e-06 
2016   6  14   9   0   0  3.5043112790169309e-06 
2016   6  14   9  30   0  3.6991646736122741e-06 
2016   6  14  10   0   0  3.6765289263463234e-06 
2016   6  14  10  30   0  3.5683692097458714e-06 
2016   6  14  11   0   0  3.6793488839849626e-06 
2016   6  14  11  30   0  4.1530515666137651e-06 
2016   6  14  12   0   0  4.0590470495120444e-06 
2016   6  14  12  30   0  4.2382256591808258e-06 
2016   6  14  13   0   0  4.4490531094949412e-06 
2016   6  14  13  30   0  4.7582757266868845e-06 
2016   6  14  14   0   0  4.7440128861059682e-06 
2016   6  14  14  30   0  3.9026418710509953e-06 
2016   6  14  15   0   0  4.1366091965794199e-06 
2016   6  14  15  30   0  3.6982359465882298e-06 
2016   6  14  16   0   0  4.3022812676518420e-06 
2016   6  14  16  30   0  4.6809172679614684e-06 
2016   6  14  17   0   0  4.6200711512873382e-06 
2016   6  14  17  30   0  4.3887304053972060e-06 
2016   6  14  18   0   0  4.2538225971232259e-06 
2016   6  14  18  30   0  4.5341116553157908e-06 
2016   6  14  19   0   0  4.5972487961631226e-06 
2016   6  14  19  30   0  4.9387718451213869e-06 
2016   6  14  20   0   0  4.8288308534314526e-06 
2016   6  14  20  30   0  4.8695645130108431e-06 
2016   6  14  21   0   0  4.9749761337319452e-06 
2016   6  14  21  30   0  5.1019114845354747e-06 
2016   6  14  22   0   0  4.9011346722367243e-05 
2016   6  14  22  30   0  9.4140119545782768e-05 
2016   6  14  23   0   0  1.2632577747406757e-04 
2016   6  14  23  30   0  1.3350744178405004e-04 
2016   6  15   0   0   0  1.7685587953014415e-04 
2016   6  15   0  30   0  2.3431357121896692e-04 
2016   6  15   1   0   0  2.5255358924638663e-04 
2016   6  15   1  30   0  2.8118508671663039e-04 
2016   6  15   2   0   0  2.8827875727240466e-04 
2016   6  15   2  30   0  3.3797510941356167e-04 
2016   6  15   3   0   0  3.7843864379878548e-04 
2016   6  15   3  30   0  3.4520333650790556e-04 
2016   6  15   4   0   0  2.9518713558535824e-04 
2016   6  15   4  30   0  2.9884012793933288e-04 
2016   6  15   5   0   0  2.7527065313683258e-04 
2016   6  15   5  30   0  2.6255145904995010e-04 
2016   6  15   6   0   0  3.1633268953682982e-04 
2016   6  15   6  30   0  3.9733508751178408e-04 
2016   6  15   7   0   0  3.5745993643873381e-04 
2016   6  15   7  30   0  4.9085717427743984e-04 
2016   6  15   8   0   0  4.8667347102476484e-04 
2016   6  15   8  30   0  3.4041309784619303e-04 
2016   6  15   9   0   0  3.4330637807050408e-04 
2016   6  15   9  30   0  2.8698459446701885e-04 
2016   6  15  10   0   0  2.7327915354694639e-04 
2016   6  15  10  30   0  3.5408969260707741e-04 
2016   6  15  11   0   0  4.0087062522411787e-04 
2016   6  15  11  30   0  4.1511817529891554e-04 
2016   6  15  12   0   0  4.0504128154804391e-04 
2016   6  15  12  30   0  3.2870965584033777e-04 
2016   6  15  13   0   0  3.3877743570056451e-04 
2016   6  15  13  30   0  3.5184156784678374e-04 
2016   6  15  14   0   0  4.0079956817327516e-04 
2016   6  15  14  30   0  4.2526871655930345e-04 
2016   6  15  15   0   0  4.0127196623007195e-04 
2016   6  15  15  30   0  4.3303046899514658e-04 
2016   6  15  16   0   0  4.3967518116228200e-04 
2016   6  15  16  30   0  4.1191270671245452e-04 
2016   6  15  17   0   0  3.2047983568423999e-04 
2016   6  15  17  30   0  2.2172167808012317e-04 
2016   6  15  18   0   0  2.7091673013712535e-05 
2016   6  15  18  30   0  6.0657233358985282e-06 
2016   6  15  19   0   0  5.9644005074013372e-06 
2016   6  15  19  30   0  6.2933664746099754e-06 
2016   6  15  20   0   0  6.0427468368698688e-06 
2016   6  15  20  30   0  2.5513587905058980e-05 
2016   6  15  21   0   0  4.5970056820890104e-05 
2016   6  15  21  30   0  1.4643836893050289e-05 
2016   6  15  22   0   0  1.4283847370913895e-04 
2016   6  15  22  30   0  1.5849451017425431e-04 
2016   6  15  23   0   0  1.5521587312536750e-04 
2016   6  15  23  30   0  1.7374931533301353e-04 
2016   6  16   0   0   0  2.5325562020233044e-04 
2016   6  16   0  30   0  2.6378351247576166e-04 
2016   6  16   1   0   0  2.5375746814315409e-04 
2016   6  16   1  30   0  2.4621971430959313e-04 
2016   6  16   2   0   0  2.6133767290694609e-04 
2016   6  16   2  30   0  2.4819344355969517e-04 
2016   6  16   3   0   0  1.7756008125922122e-04 
2016   6  16   3  30   0  9.6831227935098877e-05 
2016   6  16   4   0   0  9.2168691811168833e-05 
2016   6  16   4  30   0  1.5065011146756137e-04 
2016   6  16   5   0   0  1.0545987106314843e-04 
2016   6  16   5  30   0  1.1790397534680015e-04 
2016   6  16   6   0   0  1.4523364554622694e-04 
2016   6  16   6  30   0  1.1151564144634888e-04 
2016   6  16   7   0   0  3.1782825203412257e-05 
2016   6  16   7  30   0  8.6052381060438177e-05 
2016   6  16   8   0   0  1.9627206805842022e-04 
2016   6  16   8  30   0  7.9248726958644158e-05 
2016   6  16   9   0   0  1.6079060610861735e-04 
2016   6  16   9  30   0  3.9940762672440881e-05 
2016   6  16  10   0   0  1.0287898676067354e-05 
2016   6  16  10  30   0  1.1015827020585795e-05 
2016   6  16  11   0   0  1.1687037281162651e-05 
2016   6  16  11  30   0  1.2116667181593552e-05 
2016   6  16  12   0   0  1.2543580408091583e-05 
2016   6  16  12  30   0  1.2789597920314779e-05 
2016   6  16  13   0   0  1.3544905006220275e-05 
2016   6  16  13  30   0  1.4096414095737443e-05 
2016   6  16  14   0   0  1.4780086320564485e-05 
2016   6  16  14  30   0  1.5680461268582001e-05 
2016   6  16  15   0   0  1.5904194074213415e-05 
2016   6  16  15  30   0  1.5306460582164210e-05 
2016   6  16  16   0   0  1.2562204985313868e-05 
2016   6  16  16  30   0  1.2647803209253611e-05 
2016   6  16  17   0   0  1.2726288579395587e-05 
2016   6  16  17  30   0  1.2684107400103065e-05 
2016   6  16  18   0   0  1.2810088213630529e-05 
2016   6  16  18  30   0  1.3524924974747852e-05 
2016   6  16  19   0   0  1.3793038578143038e-05 
2016   6  16  19  30   0  1.3976612931581317e-05 
2016   6  16  20   0   0  1.4465152607693221e-05 
2016   6  16  20  30   0  1.4920024046775089e-05 
2016   6  16  21   0   0  1.5346578580686408e-05 
2016   6  16  21  30   0  1.5459874530486001e-05 
2016   6  16  22   0   0  2.0656748386371654e-04 
2016   6  16  22  30   0  4.1444110381557705e-04 
2016   6  16  23   0   0  4.8648666711915273e-04 
2016   6  16  23  30   0  6.7980957184490983e-04 
2016   6  17   0   0   0  8.6963846298272242e-04 
2016   6  17   0  30   0  9.8702966601947498e-04 
2016   6  17   1   0   0  7.4853595985363824e-04 
2016   6  17   1  30   0  4.8363407835932173e-04 
2016   6  17   2   0   0  4.3103487331113842e-04 
2016   6  17   2  30   0  3.1135184201583235e-04 
2016   6  17   3   0   0  2.3124952281883190e-04 
2016   6  17   3  30   0  2.6608308181370427e-04 
2016   6  17   4   0   0  2.7364523462020617e-04 
2016   6  17   4  30   0  3.1098013556024378e-04 
2016   6  17   5   0   0  3.4469503843601241e-04 
2016   6  17   5  30   0  3.6217467592378915e-04 
2016   6  17   6   0   0  3.7525753156470321e-04 
2016   6  17   6  30   0  3.8660310322339008e-04 
2016   6  17   7   0   0  4.1673489642228724e-04 
2016   6  17   7  30   0  3.5521826934697466e-04 
2016   6  17   8   0   0  2.3353268246769141e-04 
2016   6  17   8  30   0  2.4428576871788498e-04 
2016   6  17   9   0   0  1.5864575329539184e-04 
2016   6  17   9  30   0  9.6889773655671645e-05 
2016   6  17  10   0   0  5.4812459260386146e-05 
2016   6  17  10  30   0  5.5187288163899378e-05 
2016   6  17  11   0   0  3.4376962836044778e-05 
2016   6  17  11  30   0  3.7632441140901594e-05 
2016   6  17  12   0   0  4.5942655623674552e-06 
2016   6  17  12  30   0  4.3228377288324614e-06 
2016   6  17  13   0   0  2.9817691574888183e-06 
2016   6  17  13  30   0  2.9407343850364882e-06 
2016   6  17  14   0   0  2.9982828627283234e-06 
2016   6  17  14  30   0  3.3304649955425156e-06 
2016   6  17  15   0   0  3.4678653492600254e-06 
2016   6  17  15  30   0  3.2596560200954831e-06 
2016   6  17  16   0   0  3.0225584752508720e-06 
2016   6  17  16  30   0  4.2460176969254092e-06 
2016   6  17  17   0   0  4.7776366119059032e-06 
2016   6  17  17  30   0  4.2855732945770751e-06 
2016   6  17  18   0   0  4.7569236519335308e-06 
2016   6  17  18  30   0  5.8255951436170369e-06 
2016   6  17  19   0   0  6.8228545106425752e-06 
2016   6  17  19  30   0  7.9403478588012020e-05 
2016   6  17  20   0   0  1.7273717556017039e-04 
2016   6  17  20  30   0  4.7815090482896386e-04 
2016   6  17  21   0   0  6.3728608527121645e-04 
2016   6  17  21  30   0  6.5515310033103765e-04 
2016   6  17  22   0   0  6.3120042157566354e-04 
2016   6  17  22  30   0  4.9399100645287073e-04 
2016   6  17  23   0   0  4.4312788542389526e-04 
2016   6  17  23  30   0  4.1956017927080911e-04 
2016   6  18   0   0   0  4.9694407676733677e-04 
2016   6  18   0  30   0  4.8602029547196426e-04 
2016   6  18   1   0   0  5.5031399688257408e-04 
2016   6  18   1  30   0  5.9774275637352876e-04 
2016   6  18   2   0   0  6.7758507332252391e-04 
2016   6  18   2  30   0  6.8920792672763870e-04 
2016   6  18   3   0   0  7.3655597762246547e-04 
2016   6  18   3  30   0  7.6444365920031018e-04 
2016   6  18   4   0   0  7.9885040705703850e-04 
2016   6  18   4  30   0  7.9678717512797470e-04 
2016   6  18   5   0   0  7.2454674466574840e-04 
2016   6  18   5  30   0  5.6801549128743180e-04 
2016   6  18   6   0   0  3.4075314931888409e-04 
2016   6  18   6  30   0  1.8557668456174858e-04 
2016   6  18   7   0   0  1.6082511871278959e-04 
2016   6  18   7  30   0  1.8231356598962141e-04 
2016   6  18   8   0   0  1.1032744528573568e-05 
2016   6  18   8  30   0  8.6159021998933606e-06 
2016   6  18   9   0   0  8.4338278991086202e-06 
2016   6  18   9  30   0  9.6452161512791298e-06 
2016   6  18  10   0   0  9.5939305009656987e-06 
2016   6  18  10  30   0  1.5241890850373157e-05 
2016   6  18  11   0   0  9.7410616871101442e-06 
2016   6  18  11  30   0  8.4599842549945100e-06 
2016   6  18  12   0   0  8.8706555706792679e-06 
2016   6  18  12  30   0  8.1322977259644649e-06 
2016   6  18  13   0   0  5.6829304202243943e-06 
2016   6  18  13  30   0  4.1685812451330255e-06 
2016   6  18  14   0   0  2.9078713333971168e-06 
2016   6  18  14  30   0  2.4064073996251516e-06 
2016   6  18  15   0   0  2.6027608888268993e-06 
2016   6  18  15  30   0  2.8631300528001902e-06 
2016   6  18  16   0   0  2.9583959408368762e-06 
2016   6  18  16  30   0  7.4354522201841068e-05 
2016   6  18  17   0   0  8.5057454095428776e-05 
2016   6  18  17  30   0  6.5389148159749450e-05 
2016   6  18  18   0   0  7.6481041419481141e-05 
2016   6  18  18  30   0  1.1549188310915661e-04 
2016   6  18  19   0   0  1.2059246881894538e-04 
2016   6  18  19  30   0  1.3650129820879609e-04 
2016   6  18  20   0   0  1.7463094756327172e-04 
2016   6  18  20  30   0  2.6624460331017608e-04 
2016   6  18  21   0   0  3.0275773921591853e-04 
2016   6  18  21  30   0  2.5741982291264888e-04 
2016   6  18  22   0   0  1.3725538027561980e-04 
2016   6  18  22  30   0  9.0076638216565679e-05 
2016   6  18  23   0   0  7.1652185489337795e-05 
2016   6  18  23  30   0  6.3890499105920980e-05 
2016   6  19   0   0   0  6.4308664590941072e-05 
2016   6  19   0  30   0  5.7556309072355121e-05 
2016   6  19   1   0   0  6.3461031675065167e-05 
2016   6  19   1  30   0  6.5453604334567373e-05 
2016   6  19   2   0   0  6.9771692310181534e-05 
2016   6  19   2  30   0  7.0271286784144885e-05 
2016   6  19   3   0   0  8.3317061372458116e-05 
2016   6  19   3  30   0  8.9207612209509367e-05 
2016   6  19   4   0   0  6.4054803508548102e-05 
2016   6  19   4  30   0  4.3123037980160507e-05 
2016   6  19   5   0   0  4.4051973935520017e-05 
2016   6  19   5  30   0  3.4376761586287460e-05 
2016   6  19   6   0   0  2.4577097570570142e-05 
2016   6  19   6  30   0  2.6135956912314181e-05 
2016   6  19   7   0   0  2.7885737752323362e-05 
2016   6  19   7  30   0  2.5325932753132604e-05 
2016   6  19   8   0   0  3.0772103183156358e-05 
2016   6  19   8  30   0  4.5413610513189239e-05 
2016   6  19   9   0   0  6.7525079962504284e-05 
2016   6  19   9  30   0  5.1109744821967640e-05 
2016   6  19  10   0   0  7.3947621776517887e-06 
2016   6  19  10  30   0  2.1933935637915960e-06 
2016   6  19  11   0   0  2.3236906265941127e-06 
2016   6  19  11  30   0  2.5996518988143219e-06 
2016   6  19  12   0   0  3.3379903508868774e-06 
2016   6  19  12  30   0  3.8160250859317708e-06 
2016   6  19  13   0   0  3.7726897407351542e-06 
2016   6  19  13  30   0  4.1056397336645831e-06 
2016   6  19  14   0   0  4.3239642345371223e-06 
2016   6  19  14  30   0  8.4781321389746522e-05 
2016   6  19  15   0   0  4.8538615845487187e-06 
2016   6  19  15  30   0  5.1106494280006353e-06 
2016   6  19  16   0   0  3.8657540353741768e-04 
2016   6  19  16  30   0  4.1259832829841723e-04 
2016   6  19  17   0   0  4.1901498914518774e-04 
2016   6  19  17  30   0  4.1285073889295808e-04 
2016   6  19  18   0   0  4.3178154376585613e-04 
2016   6  19  18  30   0  4.5825537281056358e-04 
2016   6  19  19   0   0  4.7825305302554092e-04 
2016   6  19  19  30   0  4.9445040978629486e-04 
2016   6  19  20   0   0  4.5903002697090845e-04 
2016   6  19  20  30   0  4.6451517416526986e-04 
2016   6  19  21   0   0  4.6646372605633547e-04 
2016   6  19  21  30   0  4.7501385242390901e-04 
2016   6  19  22   0   0  4.7490396962458927e-04 
2016   6  19  22  30   0  4.5133847634345233e-04 
2016   6  19  23   0   0  4.4482762052691519e-04 
2016   6  19  23  30   0  4.4636759223122519e-04 
2016   6  20   0   0   0  4.5013780905325015e-04 
2016   6  20   0  30   0  4.8880369522591644e-04 
2016   6  20   1   0   0  5.3748680531320121e-04 
2016   6  20   1  30   0  5.5733075693103486e-04 
2016   6  20   2   0   0  5.3995604312599645e-04 
2016   6  20   2  30   0  4.7483710651177779e-04 
2016   6  20   3   0   0  4.8656051039796101e-04 
2016   6  20   3  30   0  5.3738813697709164e-04 
2016   6  20   4   0   0  5.5072802899826050e-04 
2016   6  20   4  30   0  5.7788935394096914e-04 
2016   6  20   5   0   0  5.7157396098536184e-04 
2016   6  20   5  30   0  5.5049878314909696e-04 
2016   6  20   6   0   0  5.2940896835199547e-04 
2016   6  20   6  30   0  4.2085582083100731e-04 
2016   6  20   7   0   0  3.4054835215646895e-04 
2016   6  20   7  30   0  1.6731759089112327e-04 
2016   6  20   8   0   0  1.7013453332356717e-04 
2016   6  20   8  30   0  1.2679943700780416e-04 
2016   6  20   9   0   0  9.3063802538115797e-05 
2016   6  20   9  30   0  8.9489778410790032e-05 
2016   6  20  10   0   0  4.3370668122629250e-05 
2016   6  20  10  30   0  1.0600320387253575e-04 
2016   6  20  11   0   0  1.0203311413880200e-04 
2016   6  20  11  30   0  3.6962793126160128e-04 
2016   6  20  12   0   0  3.8231481447391585e-04 
2016   6  20  12  30   0  3.6916217826828601e-04 
2016   6  20  13   0   0  3.4447103409651722e-04 
2016   6  20  13  30   0  3.0729159587083982e-04 
2016   6  20  14   0   0  1.8864287297186901e-04 
2016   6  20  14  30   0  3.1323846903269774e-04 
2016   6  20  15   0   0  4.6219145776643666e-04 
2016   6  20  15  30   0  4.7505897251880349e-04 
2016   6  20  16   0   0  4.7899355807892686e-04 
2016   6  20  16  30   0  4.7548321601786897e-04 
2016   6  20  17   0   0  4.6619962234035534e-04 
2016   6  20  17  30   0  4.6763920291764986e-04 
2016   6  20  18   0   0  4.7955385521434386e-04 
2016   6  20  18  30   0  4.7799965913381502e-04 
2016   6  20  19   0   0  4.8279479945823685e-04 
2016   6  20  19  30   0  4.4218566468503119e-04 
2016   6  20  20   0   0  4.9012038572425920e-04 
2016   6  20  20  30   0  5.0755401468609426e-04 
2016   6  20  21   0   0  5.2557696835350094e-04 
2016   6  20  21  30   0  5.3436534607790177e-04 
2016   6  20  22   0   0  5.4761940537006190e-04 
2016   6  20  22  30   0  5.4756139700709312e-04 
2016   6  20  23   0   0  5.5214684442147209e-04 
2016   6  20  23  30   0  5.5215365876845569e-04 
2016   6  21   0   0   0  5.5752712530356368e-04 
2016   6  21   0  30   0  5.5150692994372836e-04 
2016   6  21   1   0   0  5.2994629101485663e-04 
2016   6  21   1  30   0  5.2765210827951153e-04 
2016   6  21   2   0   0  5.0750623798785665e-04 
2016   6  21   2  30   0  5.1590544244341859e-04 
2016   6  21   3   0   0  5.2732432891437861e-04 
2016   6  21   3  30   0  5.4466991362864020e-04 
2016   6  21   4   0   0  5.6482929969408442e-04 
2016   6  21   4  30   0  5.8037383342513004e-04 
2016   6  21   5   0   0  6.0094817612656355e-04 
2016   6  21   5  30   0  5.9691793202502137e-04 
2016   6  21   6   0   0  5.9556153082088701e-04 
2016   6  21   6  30   0  5.9012954751483696e-04 
2016   6  21   7   0   0  5.8199001009323517e-04 
2016   6  21   7  30   0  5.3989263403434894e-04 
2016   6  21   8   0   0  5.0354637575783783e-04 
2016   6  21   8  30   0  4.6385967524994098e-04 
2016   6  21   9   0   0  3.9622693591914525e-04 
2016   6  21   9  30   0  2.4433222027930840e-04 
2016   6  21  10   0   0  1.7529789676511921e-04 
2016   6  21  10  30   0  1.6894061551778829e-04 
2016   6  21  11   0   0  6.9899563879400722e-05 
2016   6  21  11  30   0  1.4226143625492387e-04 
2016   6  21  12   0   0  4.6244622423888726e-04 
2016   6  21  12  30   0  4.7005728672441333e-04 
2016   6  21  13   0   0  4.9849398312513818e-04 
2016   6  21  13  30   0  5.1467721778919917e-04 
2016   6  21  14   0   0  4.9207573385192879e-04 
2016   6  21  14  30   0  6.0490178988386006e-04 
2016   6  21  15   0   0  5.6500016071550716e-04 
2016   6  21  15  30   0  5.7401267463321024e-04 
2016   6  21  16   0   0  5.8357403596714279e-04 
2016   6  21  16  30   0  4.3591893388200009e-04 
2016   6  21  17   0   0  2.7603861483380858e-04 
2016   6  21  17  30   0  2.0990457567113130e-04 
2016   6  21  18   0   0  1.7998570139618689e-04 
2016   6  21  18  30   0  2.7032957757173689e-04 
2016   6  21  19   0   0  5.5193012528651495e-04 
2016   6  21  19  30   0  6.8796248135149726e-04 
2016   6  21  20   0   0  5.6682837970534335e-04 
2016   6  21  20  30   0  5.3436784864214126e-04 
2016   6  21  21   0   0  5.2835298345740335e-04 
2016   6  21  21  30   0  5.4789878482275974e-04 
2016   6  21  22   0   0  5.6491395255048413e-04 
2016   6  21  22  30   0  5.9143538727172615e-04 
2016   6  21  23   0   0  6.4778903774820784e-04 
2016   6  21  23  30   0  6.7560145780953156e-04 
2016   6  22   0   0   0  7.0331380535891422e-04 
2016   6  22   0  30   0  7.0790446051206466e-04 
2016   6  22   1   0   0  7.3422665166415291e-04 
2016   6  22   1  30   0  7.4312787135799509e-04 
2016   6  22   2   0   0  7.6839842464419155e-04 
2016   6  22   2  30   0  8.0107728838119639e-04 
2016   6  22   3   0   0  8.1450016287292393e-04 
2016   6  22   3  30   0  8.1743782813883459e-04 
2016   6  22   4   0   0  8.4347229854748887e-04 
2016   6  22   4  30   0  8.4032208930282838e-04 
2016   6  22   5   0   0  8.4342754360605329e-04 
2016   6  22   5  30   0  8.4896120726906386e-04 
2016   6  22   6   0   0  8.2067224465527731e-04 
2016   6  22   6  30   0  8.1205194348418005e-04 
2016   6  22   7   0   0  7.5688129264125524e-04 
2016   6  22   7  30   0  7.3765543536078609e-04 
2016   6  22   8   0   0  7.2940140188281345e-04 
2016   6  22   8  30   0  6.7973150360370110e-04 
2016   6  22   9   0   0  6.4965158393616993e-04 
2016   6  22   9  30   0  6.1083058589727463e-04 
2016   6  22  10   0   0  5.9753622280165773e-04 
2016   6  22  10  30   0  6.0805347044494244e-04 
2016   6  22  11   0   0  5.5766533298243226e-04 
2016   6  22  11  30   0  5.5286865129729158e-04 
2016   6  22  12   0   0  5.8079370636129315e-04 
2016   6  22  12  30   0  5.9416728375685909e-04 
2016   6  22  13   0   0  4.9904917490080369e-04 
2016   6  22  13  30   0  4.5917192020543862e-04 
2016   6  22  14   0   0  4.4952480586659267e-04 
2016   6  22  14  30   0  4.7586388431959323e-04 
2016   6  22  15   0   0  4.9321572200402143e-04 
2016   6  22  15  30   0  4.6985031304663355e-04 
2016   6  22  16   0   0  4.7552642270257486e-04 
2016   6  22  16  30   0  5.2053773207015467e-04 
2016   6  22  17   0   0  5.7744477846727294e-04 
2016   6  22  17  30   0  6.2197967268672744e-04 
2016   6  22  18   0   0  6.5133791100340909e-04 
2016   6  22  18  30   0  6.4637628209457951e-04 
2016   6  22  19   0   0  6.6700548633373167e-04 
2016   6  22  19  30   0  6.8240889071377782e-04 
2016   6  22  20   0   0  6.6988312983142916e-04 
2016   6  22  20  30   0  6.5923645418637232e-04 
2016   6  22  21   0   0  6.5347771711156389e-04 
2016   6  22  21  30   0  6.4880276007096317e-04 
2016   6  22  22   0   0  6.3206983200636254e-04 
2016   6  22  22  30   0  6.3369748768738864e-04 
2016   6  22  23   0   0  6.4219548211112308e-04 
2016   6  22  23  30   0  6.5838388025788851e-04 
2016   6  23   0   0   0  5.7216896600029653e-04 
2016   6  23   0  30   0  5.8284382203108685e-04 
2016   6  23   1   0   0  5.9202025236603200e-04 
2016   6  23   1  30   0  5.9986383900100426e-04 
2016   6  23   2   0   0  6.0557122724158715e-04 
2016   6  23   2  30   0  6.0592778014218677e-04 
2016   6  23   3   0   0  6.1598822737788566e-04 
2016   6  23   3  30   0  5.9628158646546023e-04 
2016   6  23   4   0   0  5.7179837720612483e-04 
2016   6  23   4  30   0  5.6252714665607027e-04 
2016   6  23   5   0   0  5.4012787925901591e-04 
2016   6  23   5  30   0  5.0721081144587405e-04 
2016   6  23   6   0   0  5.3607544782368667e-04 
2016   6  23   6  30   0  5.6817329129755134e-04 
2016   6  23   7   0   0  6.5099405939071837e-04 
2016   6  23   7  30   0  7.1907934494431526e-04 
2016   6  23   8   0   0  5.9893164688715357e-04 
2016   6  23   8  30   0  6.0750369307203793e-04 
2016   6  23   9   0   0  4.8004261921812824e-04 
2016   6  23   9  30   0  2.4583768196018656e-04 
2016   6  23  10   0   0  1.9331545020768702e-04 
2016   6  23  10  30   0  6.7756987117763387e-04 
2016   6  23  11   0   0  7.6006967308193518e-04 
2016   6  23  11  30   0  3.1099287103993463e-04 
2016   6  23  12   0   0  9.8406205398530964e-06 
2016   6  23  12  30   0  1.5690162071612821e-05 
2016   6  23  13   0   0  7.4297929612973287e-06 
2016   6  23  13  30   0  8.2693319972667176e-06 
2016   6  23  14   0   0  7.7609860000005378e-06 
2016   6  23  14  30   0  3.4980997085245260e-04 
2016   6  23  15   0   0  5.4147750185482165e-04 
2016   6  23  15  30   0  8.6643309624333121e-05 
2016   6  23  16   0   0  3.0427096246890507e-04 
2016   6  23  16  30   0  6.9994928110269489e-04 
2016   6  23  17   0   0  7.0849160825875955e-04 
2016   6  23  17  30   0  7.1948854434172318e-04 
2016   6  23  18   0   0  6.7070933576538264e-04 
2016   6  23  18  30   0  6.3007455568660524e-04 
2016   6  23  19   0   0  4.3345944725361270e-04 
2016   6  23  19  30   0  2.6304104550772621e-04 
2016   6  23  20   0   0  2.0811975433829877e-04 
2016   6  23  20  30   0  2.6844216634395351e-04 
2016   6  23  21   0   0  2.6799967998638897e-04 
2016   6  23  21  30   0  3.3114786518821063e-04 
2016   6  23  22   0   0  3.8957873839171649e-04 
2016   6  23  22  30   0  4.3482445170721834e-04 
2016   6  23  23   0   0  4.5657507338825215e-04 
2016   6  23  23  30   0  5.2572521081207049e-04 
2016   6  24   0   0   0  5.9820930981126425e-04 
2016   6  24   0  30   0  5.8013663326512261e-04 
2016   6  24   1   0   0  5.6922303092268249e-04 
2016   6  24   1  30   0  5.4621217143305224e-04 
2016   6  24   2   0   0  5.2611463361262249e-04 
2016   6  24   2  30   0  5.1866415424447402e-04 
2016   6  24   3   0   0  4.8946946709933249e-04 
2016   6  24   3  30   0  5.0019877784539897e-04 
2016   6  24   4   0   0  5.1217139365623159e-04 
2016   6  24   4  30   0  5.5106798851797096e-04 
2016   6  24   5   0   0  4.7850420747758024e-04 
2016   6  24   5  30   0  4.2042657264325102e-04 
2016   6  24   6   0   0  4.0395737508084847e-04 
2016   6  24   6  30   0  3.4584217546506144e-04 
2016   6  24   7   0   0  3.0477703837183370e-04 
2016   6  24   7  30   0  2.5593945998758481e-04 
2016   6  24   8   0   0  1.8329990410379009e-04 
2016   6  24   8  30   0  1.4075409637510144e-04 
2016   6  24   9   0   0  5.3911535844247682e-05 
2016   6  24   9  30   0  6.2893435383572483e-06 
2016   6  24  10   0   0  6.5359333884124821e-06 
2016   6  24  10  30   0  6.4550283678032093e-06 
2016   6  24  11   0   0  6.4188420832237274e-06 
2016   6  24  11  30   0  5.6836941683716504e-06 
2016   6  24  12   0   0  6.7114032435663083e-06 
2016   6  24  12  30   0  7.0418901547998930e-06 
2016   6  24  13   0   0  6.7708982400269401e-06 
2016   6  24  13  30   0  6.4931441025993163e-06 
2016   6  24  14   0   0  7.3503380503391845e-06 
2016   6  24  14  30   0  8.2576934457297854e-06 
2016   6  24  15   0   0  8.0100637087090689e-06 
2016   6  24  15  30   0  7.5892552324229436e-06 
2016   6  24  16   0   0  7.3818933545862373e-06 
2016   6  24  16  30   0  7.6806627105352448e-06 
2016   6  24  17   0   0  8.4979181232669579e-06 
2016   6  24  17  30   0  8.2064148487858225e-06 
2016   6  24  18   0   0  7.8530462815187032e-06 
2016   6  24  18  30   0  7.2983487417236945e-06 
2016   6  24  19   0   0  7.1097941098990592e-06 
2016   6  24  19  30   0  1.4171257495716674e-05 
2016   6  24  20   0   0  8.6848657050155081e-05 
2016   6  24  20  30   0  1.3603832638094433e-04 
2016   6  24  21   0   0  1.8639798749471416e-04 
2016   6  24  21  30   0  3.4063128248675815e-04 
2016   6  24  22   0   0  5.2169749533829382e-04 
2016   6  24  22  30   0  5.9001096743813109e-04 
2016   6  24  23   0   0  5.9410462512863975e-04 
2016   6  24  23  30   0  6.0624441498488243e-04 
2016   6  25   0   0   0  6.5326639982373185e-04 
2016   6  25   0  30   0  9.0282314059024721e-04 
2016   6  25   1   0   0  1.0372461405548615e-03 
2016   6  25   1  30   0  1.1794854059897313e-03 
2016   6  25   2   0   0  1.3883636514232191e-03 
2016   6  25   2  30   0  1.4282004195728443e-03 
2016   6  25   3   0   0  1.3150793316183335e-03 
2016   6  25   3  30   0  1.3353247262897809e-03 
2016   6  25   4   0   0  1.2942947282481639e-03 
2016   6  25   4  30   0  1.2502559611414752e-03 
2016   6  25   5   0   0  1.2892669630441113e-03 
2016   6  25   5  30   0  1.1271594778785082e-03 
2016   6  25   6   0   0  8.2538568899779207e-04 
2016   6  25   6  30   0  6.5086009463331720e-04 
2016   6  25   7   0   0  3.1891087007508467e-04 
2016   6  25   7  30   0  7.7303409292445220e-05 
2016   6  25   8   0   0  1.6049428273632441e-05 
2016   6  25   8  30   0  1.6133570607555173e-05 
2016   6  25   9   0   0  1.7509881517734599e-05 
2016   6  25   9  30   0  1.5707076835944451e-05 
2016   6  25  10   0   0  1.5347682634055521e-05 
2016   6  25  10  30   0  1.4033231486075813e-05 
2016   6  25  11   0   0  1.3604563260283664e-05 
2016   6  25  11  30   0  1.3116882280943949e-05 
2016   6  25  12   0   0  1.1209428923166005e-05 
2016   6  25  12  30   0  1.0522592054360784e-05 
2016   6  25  13   0   0  9.4429810819357507e-06 
2016   6  25  13  30   0  8.7277302966878840e-06 
2016   6  25  14   0   0  9.4202350655038199e-06 
2016   6  25  14  30   0  9.3417505081843649e-06 
2016   6  25  15   0   0  9.4230664801044087e-06 
2016   6  25  15  30   0  9.6113717211243828e-06 
2016   6  25  16   0   0  9.6343584769925695e-06 
2016   6  25  16  30   0  9.7461544016118433e-06 
2016   6  25  17   0   0  9.3949943573108463e-06 
2016   6  25  17  30   0  9.6644552308793998e-06 
2016   6  25  18   0   0  9.9379057958118033e-06 
2016   6  25  18  30   0  8.9902949495924482e-06 
2016   6  25  19   0   0  8.5905502404908500e-06 
2016   6  25  19  30   0  3.7856985099653425e-05 
2016   6  25  20   0   0  1.8746674471539163e-04 
2016   6  25  20  30   0  3.0206753510413070e-04 
2016   6  25  21   0   0  3.6652963453053943e-04 
2016   6  25  21  30   0  4.7021143086660178e-04 
2016   6  25  22   0   0  5.6590711277449768e-04 
2016   6  25  22  30   0  4.8946330680635581e-04 
2016   6  25  23   0   0  5.5931857617632069e-04 
2016   6  25  23  30   0  5.5018290833714289e-04 
2016   6  26   0   0   0  5.1286709950078811e-04 
2016   6  26   0  30   0  6.5756473865699757e-04 
2016   6  26   1   0   0  6.6976830253609508e-04 
2016   6  26   1  30   0  6.6390948416505220e-04 
2016   6  26   2   0   0  6.6530501022168129e-04 
2016   6  26   2  30   0  6.2986089972953761e-04 
2016   6  26   3   0   0  6.6030450872603462e-04 
2016   6  26   3  30   0  6.2072998575894473e-04 
2016   6  26   4   0   0  6.1450770252137292e-04 
2016   6  26   4  30   0  5.2680702873748788e-04 
2016   6  26   5   0   0  6.1920107069104492e-04 
2016   6  26   5  30   0  5.7733578102985234e-04 
2016   6  26   6   0   0  5.5145295772053809e-04 
2016   6  26   6  30   0  5.1423047926462263e-04 
2016   6  26   7   0   0  4.2721305918568556e-04 
2016   6  26   7  30   0  2.2795555081993332e-04 
2016   6  26   8   0   0  5.9503562330461197e-05 
2016   6  26   8  30   0  8.0957369183352655e-06 
2016   6  26   9   0   0  8.1536151056517243e-06 
2016   6  26   9  30   0  7.9700928737906824e-06 
2016   6  26  10   0   0  7.2038718914575549e-06 
2016   6  26  10  30   0  6.7727345026609106e-06 
2016   6  26  11   0   0  6.5475589966086081e-06 
2016   6  26  11  30   0  5.8313872714564430e-06 
2016   6  26  12   0   0  5.7670295253752706e-06 
2016   6  26  12  30   0  5.5666453947372332e-06 
2016   6  26  13   0   0  5.3517022853207363e-06 
2016   6  26  13  30   0  5.3130791296787885e-06 
2016   6  26  14   0   0  5.4451480245014176e-06 
2016   6  26  14  30   0  1.3866360028785350e-05 
2016   6  26  15   0   0  1.8584594436619472e-05 
2016   6  26  15  30   0  2.3041160858281368e-05 
2016   6  26  16   0   0  5.4941879278089721e-06 
2016   6  26  16  30   0  1.0414938196579637e-05 
2016   6  26  17   0   0  5.5655929165161563e-06 
2016   6  26  17  30   0  5.3824872554972394e-06 
2016   6  26  18   0   0  1.9080455988781395e-05 
2016   6  26  18  30   0  3.5405143186383314e-05 
2016   6  26  19   0   0  2.7952844154961318e-05 
2016   6  26  19  30   0  3.1670653352495918e-05 
2016   6  26  20   0   0  8.7646800876622691e-05 
2016   6  26  20  30   0  1.3593447057598496e-04 
2016   6  26  21   0   0  1.0015125201064068e-04 
2016   6  26  21  30   0  4.6543799613385316e-05 
2016   6  26  22   0   0  9.2285583773465279e-05 
2016   6  26  22  30   0  1.8466151475216388e-04 
2016   6  26  23   0   0  2.6240933567364872e-04 
2016   6  26  23  30   0  3.2677934115408547e-04 
2016   6  27   0   0   0  3.4052618910610080e-04 
2016   6  27   0  30   0  3.4987461623116415e-04 
2016   6  27   1   0   0  3.4042568559923265e-04 
2016   6  27   1  30   0  3.3874218144042362e-04 
2016   6  27   2   0   0  3.3825853537907606e-04 
2016   6  27   2  30   0  3.7373547432058393e-04 
2016   6  27   3   0   0  3.9817773816274848e-04 
2016   6  27   3  30   0  4.1600853025905492e-04 
2016   6  27   4   0   0  4.0758595438388125e-04 
2016   6  27   4  30   0  3.8998501159681447e-04 
2016   6  27   5   0   0  3.8554760135643934e-04 
2016   6  27   5  30   0  3.8755168830616096e-04 
2016   6  27   6   0   0  2.9430990988912176e-04 
2016   6  27   6  30   0  8.4642545664866719e-05 
2016   6  27   7   0   0  5.0820504482392053e-06 
2016   6  27   7  30   0  4.8758575252098441e-06 
2016   6  27   8   0   0  4.7459933238280607e-06 
2016   6  27   8  30   0  4.8033966054936787e-06 
2016   6  27   9   0   0  4.9018060183299005e-06 
2016   6  27   9  30   0  5.0418306013678479e-06 
2016   6  27  10   0   0  5.1209829387951754e-06 
2016   6  27  10  30   0  5.1632726718599034e-06 
2016   6  27  11   0   0  5.2092049183526379e-06 
2016   6  27  11  30   0  5.2222313527546157e-06 
2016   6  27  12   0   0  5.4043229192240181e-06 
2016   6  27  12  30   0  5.7677113368316715e-06 
2016   6  27  13   0   0  6.3766989601902579e-06 
2016   6  27  13  30   0  7.0087368092167002e-06 
2016   6  27  14   0   0  7.0413219638736619e-06 
2016   6  27  14  30   0  7.1886208002828414e-06 
2016   6  27  15   0   0  7.7916547106013245e-06 
2016   6  27  15  30   0  7.2727284085666189e-06 
2016   6  27  16   0   0  6.3888962870030228e-06 
2016   6  27  16  30   0  6.7040934250521011e-06 
2016   6  27  17   0   0  6.7848447542291590e-06 
2016   6  27  17  30   0  7.6672838983524666e-06 
2016   6  27  18   0   0  9.6866618188555051e-06 
2016   6  27  18  30   0  9.4406091184962623e-06 
2016   6  27  19   0   0  7.4009775669096068e-06 
2016   6  27  19  30   0  6.8322200074309473e-06 
2016   6  27  20   0   0  6.6871992730348422e-06 
2016   6  27  20  30   0  4.5613668283270255e-06 
2016   6  27  21   0   0  6.3201006969434504e-05 
2016   6  27  21  30   0  1.3258666945493826e-04 
2016   6  27  22   0   0  1.8736526189372285e-04 
2016   6  27  22  30   0  1.8107549959472165e-04 
2016   6  27  23   0   0  1.7075092974886921e-04 
2016   6  27  23  30   0  2.0199095074177151e-04 
2016   6  28   0   0   0  2.4959429711931402e-04 
2016   6  28   0  30   0  2.6670692349141915e-04 
2016   6  28   1   0   0  2.9070416227719930e-04 
2016   6  28   1  30   0  3.4358485213948579e-04 
2016   6  28   2   0   0  4.4004801805260879e-04 
2016   6  28   2  30   0  5.1656269914776500e-04 
2016   6  28   3   0   0  5.4508960164101469e-04 
2016   6  28   3  30   0  5.4061733515881213e-04 
2016   6  28   4   0   0  5.3227226582217393e-04 
2016   6  28   4  30   0  5.4985364209736356e-04 
2016   6  28   5   0   0  4.6779623707795235e-04 
2016   6  28   5  30   0  4.7964167790018217e-04 
2016   6  28   6   0   0  3.6417941094965566e-04 
2016   6  28   6  30   0  2.4356489665740502e-04 
2016   6  28   7   0   0  2.1090605323594784e-04 
2016   6  28   7  30   0  1.5341028644716884e-04 
2016   6  28   8   0   0  6.6900678235997543e-05 
2016   6  28   8  30   0  4.1511577375775191e-05 
2016   6  28   9   0   0  2.6831107472518882e-05 
2016   6  28   9  30   0  2.1177188505455370e-05 
2016   6  28  10   0   0  1.0030317560097051e-04 
2016   6  28  10  30   0  2.0389993709285433e-04 
2016   6  28  11   0   0  4.4306657390569829e-04 
2016   6  28  11  30   0  3.5696272816906433e-04 
2016   6  28  12   0   0  1.5054201268158862e-04 
2016   6  28  12  30   0  2.2063762706937262e-04 
2016   6  28  13   0   0  1.1044981168882303e-04 
2016   6  28  13  30   0  1.0176279225030606e-05 
2016   6  28  14   0   0  7.0656988084875834e-06 
2016   6  28  14  30   0  8.7990032524073634e-05 
2016   6  28  15   0   0  1.8061090056266496e-04 
2016   6  28  15  30   0  1.8034389875083414e-04 
2016   6  28  16   0   0  1.8866861263952382e-04 
2016   6  28  16  30   0  5.4181543165778467e-04 
2016   6  28  17   0   0  7.7364473408627092e-04 
2016   6  28  17  30   0  7.3687575801947662e-04 
2016   6  28  18   0   0  7.6149805959522989e-04 
2016   6  28  18  30   0  6.0813573193695082e-04 
2016   6  28  19   0   0  6.0144751387871797e-04 
2016   6  28  19  30   0  5.8375581201171409e-04 
2016   6  28  20   0   0  5.7951530529077222e-04 
2016   6  28  20  30   0  5.6644897066251640e-04 
2016   6  28  21   0   0  6.1585345491581820e-04 
2016   6  28  21  30   0  6.4795977695808373e-04 
2016   6  28  22   0   0  6.6604949589106871e-04 
2016   6  28  22  30   0  6.9096303036822872e-04 
2016   6  28  23   0   0  6.9617318271038601e-04 
2016   6  28  23  30   0  6.7834303503111395e-04 
2016   6  29   0   0   0  6.7478308213375106e-04 
2016   6  29   0  30   0  6.7325976224347521e-04 
2016   6  29   1   0   0  6.8363580415224862e-04 
2016   6  29   1  30   0  6.8544860282714027e-04 
2016   6  29   2   0   0  6.7927080337935137e-04 
2016   6  29   2  30   0  6.8544396045567397e-04 
2016   6  29   3   0   0  6.9242262871418254e-04 
2016   6  29   3  30   0  6.9457817477485990e-04 
2016   6  29   4   0   0  6.9106829751137738e-04 
2016   6  29   4  30   0  6.8194265475838168e-04 
2016   6  29   5   0   0  6.6581562662104221e-04 
2016   6  29   5  30   0  7.0910951055162851e-04 
2016   6  29   6   0   0  1.0090236418474989e-03 
2016   6  29   6  30   0  1.2384836920681533e-03 
2016   6  29   7   0   0  8.1614285248300124e-04 
2016   6  29   7  30   0  7.4324880063316996e-04 
2016   6  29   8   0   0  6.2001040635403315e-04 
2016   6  29   8  30   0  5.8801321278283006e-04 
2016   6  29   9   0   0  4.8040390422174957e-04 
2016   6  29   9  30   0  4.8800822378192719e-04 
2016   6  29  10   0   0  4.8557452246820890e-04 
2016   6  29  10  30   0  4.8990566483098075e-04 
2016   6  29  11   0   0  5.0249522663702560e-04 
2016   6  29  11  30   0  5.1704393112436513e-04 
2016   6  29  12   0   0  3.5904349688339475e-04 
2016   6  29  12  30   0  5.0185862691114105e-04 
2016   6  29  13   0   0  5.1992634651822382e-04 
2016   6  29  13  30   0  5.2391366088320795e-04 
2016   6  29  14   0   0  5.6523279619402806e-04 
2016   6  29  14  30   0  4.0744321836946266e-04 
2016   6  29  15   0   0  3.6809764000829192e-04 
2016   6  29  15  30   0  3.7835441963127956e-04 
2016   6  29  16   0   0  3.3926091863064082e-04 
2016   6  29  16  30   0  3.4517775645100785e-04 
2016   6  29  17   0   0  4.4590839301747378e-04 
2016   6  29  17  30   0  4.2623401496195425e-04 
2016   6  29  18   0   0  4.5390992763567943e-04 
2016   6  29  18  30   0  4.4059820534146741e-04 
2016   6  29  19   0   0  4.1980890468786447e-04 
2016   6  29  19  30   0  5.6658453697426569e-04 
2016   6  29  20   0   0  6.1464760158992475e-04 
2016   6  29  20  30   0  6.3761172967536619e-04 
2016   6  29  21   0   0  6.7625464594920335e-04 
2016   6  29  21  30   0  7.0617484277931796e-04 
2016   6  29  22   0   0  7.4916571753714156e-04 
2016   6  29  22  30   0  7.4251871048484235e-04 
2016   6  29  23   0   0  7.5019522712400563e-04 
2016   6  29  23  30   0  7.3687407002587474e-04 
2016   6  30   0   0   0  7.0001535435425819e-04 
2016   6  30   0  30   0  7.0292239326420541e-04 
2016   6  30   1   0   0  7.1682773188560861e-04 
2016   6  30   1  30   0  7.4151200895716557e-04 
2016   6  30   2   0   0  7.3757536692259200e-04 
2016   6  30   2  30   0  7.4478113174076112e-04 
2016   6  30   3   0   0  7.3635864545146018e-04 
2016   6  30   3  30   0  7.3792980061080174e-04 
2016   6  30   4   0   0  7.9976373048190727e-04 
2016   6  30   4  30   0  7.9446022443236395e-04 
2016   6  30   5   0   0  9.3001159332695843e-04 
2016   6  30   5  30   0  9.4500255400376053e-04 
2016   6  30   6   0   0  7.6128353907689128e-04 
2016   6  30   6  30   0  6.2446027876238207e-04 
2016   6  30   7   0   0  4.7181887851635584e-04 
2016   6  30   7  30   0  3.8438668825474103e-04 
2016   6  30   8   0   0  2.9083283461592025e-04 
2016   6  30   8  30   0  2.4638760002511421e-04 
2016   6  30   9   0   0  2.2040326637267393e-04 
2016   6  30   9  30   0  1.7669706627911140e-04 
2016   6  30  10   0   0  1.8890539199150895e-04 
2016   6  30  10  30   0  1.2005658025648597e-04 
2016   6  30  11   0   0  1.3482245886424645e-04 
2016   6  30  11  30   0  1.1185912587049652e-04 
2016   6  30  12   0   0  1.1433844869523083e-04 
2016   6  30  12  30   0  3.6995341650735705e-05 
2016   6  30  13   0   0  5.5762573043942578e-05 
2016   6  30  13  30   0  8.4687075641774932e-05 
2016   6  30  14   0   0  2.2382548744782134e-04 
2016   6  30  14  30   0  2.0185232831128498e-04 
2016   6  30  15   0   0  2.4978708344940522e-04 
2016   6  30  15  30   0  2.7510936710574142e-04 
2016   6  30  16   0   0  3.0349393479536709e-04 
2016   6  30  16  30   0  2.8941514262721820e-04 
2016   6  30  17   0   0  2.3804178825356838e-04 
2016   6  30  17  30   0  2.3897426120268950e-04 
2016   6  30  18   0   0  3.3693469095394136e-04 
2016   6  30  18  30   0  3.6012686672867597e-04 
2016   6  30  19   0   0  3.8850361716485444e-04 
2016   6  30  19  30   0  3.6762463273602058e-04 
2016   6  30  20   0   0  5.3511633023373671e-04 
2016   6  30  20  30   0  7.6037250846872561e-04 
2016   6  30  21   0   0  6.8421503837166919e-04 
2016   6  30  21  30   0  4.9956477392780637e-04 
2016   6  30  22   0   0  4.6381587133072693e-04 
2016   6  30  22  30   0  4.5783100713583816e-04 
2016   6  30  23   0   0  4.6384001707367996e-04 
2016   6  30  23  30   0  4.7895260813507506e-04 
2016   7   1   0   0   0  4.7895260813507506e-04 
