   0   0   0   0   0   0  0.008279 
2016   6   1   0   0   0  8.2794778581418999e-03 
2016   6   1   0  30   0  7.8761126635209251e-03 
2016   6   1   1   0   0  7.5035441505732518e-03 
2016   6   1   1  30   0  7.5222940067238130e-03 
2016   6   1   2   0   0  7.7902121274333420e-03 
2016   6   1   2  30   0  8.1593843066185886e-03 
2016   6   1   3   0   0  8.4454579632859302e-03 
2016   6   1   3  30   0  8.8697321340416926e-03 
2016   6   1   4   0   0  9.4275217928948135e-03 
2016   6   1   4  30   0  9.8667241669585012e-03 
2016   6   1   5   0   0  1.0353584040774452e-02 
2016   6   1   5  30   0  1.1012934452929743e-02 
2016   6   1   6   0   0  1.0988315806498658e-02 
2016   6   1   6  30   0  1.0636241580035764e-02 
2016   6   1   7   0   0  8.9338040314200888e-03 
2016   6   1   7  30   0  8.3504827595612587e-03 
2016   6   1   8   0   0  8.0714444113320835e-03 
2016   6   1   8  30   0  8.4156373995553369e-03 
2016   6   1   9   0   0  8.9514938231870251e-03 
2016   6   1   9  30   0  9.1655563794299181e-03 
2016   6   1  10   0   0  9.5034227528550397e-03 
2016   6   1  10  30   0  9.5049745351348490e-03 
2016   6   1  11   0   0  9.6568045537370733e-03 
2016   6   1  11  30   0  9.2270660487955604e-03 
2016   6   1  12   0   0  9.3519108968040995e-03 
2016   6   1  12  30   0  9.2443821150007249e-03 
2016   6   1  13   0   0  1.0041828948421054e-02 
2016   6   1  13  30   0  1.0007928840033644e-02 
2016   6   1  14   0   0  9.8243838289917926e-03 
2016   6   1  14  30   0  9.4796478462602710e-03 
2016   6   1  15   0   0  9.0935946718597588e-03 
2016   6   1  15  30   0  9.3408808310998428e-03 
2016   6   1  16   0   0  9.3305563406561633e-03 
2016   6   1  16  30   0  1.1059782811174312e-02 
2016   6   1  17   0   0  9.7791668344276300e-03 
2016   6   1  17  30   0  9.2422458342464840e-03 
2016   6   1  18   0   0  9.2384265319879928e-03 
2016   6   1  18  30   0  9.3346071351816454e-03 
2016   6   1  19   0   0  9.7263590818855768e-03 
2016   6   1  19  30   0  9.9729314253305442e-03 
2016   6   1  20   0   0  1.0538319604619897e-02 
2016   6   1  20  30   0  1.0902167665235728e-02 
2016   6   1  21   0   0  1.1019546725800695e-02 
2016   6   1  21  30   0  1.0950267388709837e-02 
2016   6   1  22   0   0  1.0774525122067198e-02 
2016   6   1  22  30   0  9.6253045117062688e-03 
2016   6   1  23   0   0  9.4864259659434812e-03 
2016   6   1  23  30   0  1.0623782059749632e-02 
2016   6   2   0   0   0  1.3315585700977541e-02 
2016   6   2   0  30   0  1.3688579359446533e-02 
2016   6   2   1   0   0  1.3809867293799176e-02 
2016   6   2   1  30   0  1.3937599128631028e-02 
2016   6   2   2   0   0  1.3681829702824911e-02 
2016   6   2   2  30   0  1.3444894618071128e-02 
2016   6   2   3   0   0  1.3020433858254360e-02 
2016   6   2   3  30   0  1.2593880218830083e-02 
2016   6   2   4   0   0  1.2513117414468115e-02 
2016   6   2   4  30   0  1.2537010921300542e-02 
2016   6   2   5   0   0  1.2873714892556428e-02 
2016   6   2   5  30   0  1.3052103711372326e-02 
2016   6   2   6   0   0  1.3583042998642145e-02 
2016   6   2   6  30   0  1.3703594654898486e-02 
2016   6   2   7   0   0  1.3781031421903026e-02 
2016   6   2   7  30   0  1.3767870492070376e-02 
2016   6   2   8   0   0  1.3063185951672720e-02 
2016   6   2   8  30   0  1.2063784875053829e-02 
2016   6   2   9   0   0  1.1566044803714466e-02 
2016   6   2   9  30   0  1.1068157960895471e-02 
2016   6   2  10   0   0  1.0552706024340467e-02 
2016   6   2  10  30   0  1.0010903894296175e-02 
2016   6   2  11   0   0  9.4610140793499331e-03 
2016   6   2  11  30   0  9.8435000170181957e-03 
2016   6   2  12   0   0  8.0059381358225500e-03 
2016   6   2  12  30   0  6.6167183112687171e-03 
2016   6   2  13   0   0  6.4319928552473800e-03 
2016   6   2  13  30   0  6.3567827527085622e-03 
2016   6   2  14   0   0  6.6131669805314115e-03 
2016   6   2  14  30   0  6.3825090697643009e-03 
2016   6   2  15   0   0  5.2245304201815812e-03 
2016   6   2  15  30   0  6.1994148560827753e-03 
2016   6   2  16   0   0  7.0897018162634218e-03 
2016   6   2  16  30   0  7.0867803109115196e-03 
2016   6   2  17   0   0  7.0208793279038003e-03 
2016   6   2  17  30   0  7.1781522073424394e-03 
2016   6   2  18   0   0  6.9013612361330592e-03 
2016   6   2  18  30   0  7.1126243711226141e-03 
2016   6   2  19   0   0  7.2604407303263679e-03 
2016   6   2  19  30   0  7.0262801866717009e-03 
2016   6   2  20   0   0  7.0311134915065710e-03 
2016   6   2  20  30   0  7.1827888883984562e-03 
2016   6   2  21   0   0  7.1178002275202662e-03 
2016   6   2  21  30   0  7.3276181893195862e-03 
2016   6   2  22   0   0  7.7160127339881849e-03 
2016   6   2  22  30   0  8.2856671439019685e-03 
2016   6   2  23   0   0  9.3854079376671194e-03 
2016   6   2  23  30   0  1.0830463283528069e-02 
2016   6   3   0   0   0  1.0972897598253092e-02 
2016   6   3   0  30   0  1.0872413218706595e-02 
2016   6   3   1   0   0  9.3274957588186536e-03 
2016   6   3   1  30   0  9.0543220678381935e-03 
2016   6   3   2   0   0  8.8258020172983058e-03 
2016   6   3   2  30   0  8.4201689253124105e-03 
2016   6   3   3   0   0  8.1551830074826880e-03 
2016   6   3   3  30   0  8.2035039477495412e-03 
2016   6   3   4   0   0  8.6655203228706793e-03 
2016   6   3   4  30   0  9.2693065415473345e-03 
2016   6   3   5   0   0  9.2371194335972798e-03 
2016   6   3   5  30   0  1.0267536692948507e-02 
2016   6   3   6   0   0  1.0466055631658174e-02 
2016   6   3   6  30   0  1.0159637297129254e-02 
2016   6   3   7   0   0  9.3173285098064034e-03 
2016   6   3   7  30   0  9.3048044152247208e-03 
2016   6   3   8   0   0  9.6202531745996321e-03 
2016   6   3   8  30   0  9.3206455865127158e-03 
2016   6   3   9   0   0  9.5328473321115870e-03 
2016   6   3   9  30   0  9.3179307805476546e-03 
2016   6   3  10   0   0  9.3380447532459415e-03 
2016   6   3  10  30   0  8.6549300985236423e-03 
2016   6   3  11   0   0  7.8304009562754819e-03 
2016   6   3  11  30   0  8.1123026014101509e-03 
2016   6   3  12   0   0  8.7023624297699626e-03 
2016   6   3  12  30   0  7.1126430976870573e-03 
2016   6   3  13   0   0  7.1379581415494013e-03 
2016   6   3  13  30   0  7.9750058364553202e-03 
2016   6   3  14   0   0  9.6905499789015376e-03 
2016   6   3  14  30   0  1.0162572638887394e-02 
2016   6   3  15   0   0  6.4280016067853139e-03 
2016   6   3  15  30   0  7.8795528514349917e-03 
2016   6   3  16   0   0  8.2266878826840542e-03 
2016   6   3  16  30   0  6.4861527812265767e-03 
2016   6   3  17   0   0  7.0001638349321705e-03 
2016   6   3  17  30   0  7.0184084751157951e-03 
2016   6   3  18   0   0  7.4028016793288385e-03 
2016   6   3  18  30   0  6.3562342334557908e-03 
2016   6   3  19   0   0  5.3591043344542429e-03 
2016   6   3  19  30   0  5.5157852344110952e-03 
2016   6   3  20   0   0  5.3682032713128569e-03 
2016   6   3  20  30   0  4.8695234719798638e-03 
2016   6   3  21   0   0  4.6940590300252032e-03 
2016   6   3  21  30   0  4.5284520026762851e-03 
2016   6   3  22   0   0  4.3950919077569766e-03 
2016   6   3  22  30   0  4.1456184036517477e-03 
2016   6   3  23   0   0  4.0077562713484336e-03 
2016   6   3  23  30   0  4.0898106027573667e-03 
2016   6   4   0   0   0  2.9354959915997396e-03 
2016   6   4   0  30   0  2.9397915140982941e-03 
2016   6   4   1   0   0  3.0218969669261620e-03 
2016   6   4   1  30   0  3.2629464068110320e-03 
2016   6   4   2   0   0  3.3675064816356161e-03 
2016   6   4   2  30   0  2.9974826277443293e-03 
2016   6   4   3   0   0  2.7724735825599453e-03 
2016   6   4   3  30   0  2.6217295363711278e-03 
2016   6   4   4   0   0  2.6670447027759281e-03 
2016   6   4   4  30   0  2.7426898119848778e-03 
2016   6   4   5   0   0  2.9563614181759329e-03 
2016   6   4   5  30   0  3.2161632547191140e-03 
2016   6   4   6   0   0  2.9106602334738716e-03 
2016   6   4   6  30   0  2.4798810656237792e-03 
2016   6   4   7   0   0  2.3395822294246123e-03 
2016   6   4   7  30   0  1.8366669092297156e-03 
2016   6   4   8   0   0  1.9008532486169227e-03 
2016   6   4   8  30   0  1.7787255595691897e-03 
2016   6   4   9   0   0  1.7625489414242661e-03 
2016   6   4   9  30   0  1.6093181309504699e-03 
2016   6   4  10   0   0  1.4141184520812845e-03 
2016   6   4  10  30   0  1.2729641789701127e-03 
2016   6   4  11   0   0  1.5905244614731263e-03 
2016   6   4  11  30   0  2.1030273650273251e-03 
2016   6   4  12   0   0  1.8915243596653640e-03 
2016   6   4  12  30   0  2.0173165215193432e-03 
2016   6   4  13   0   0  2.1386683608970794e-03 
2016   6   4  13  30   0  1.8488233591189252e-03 
2016   6   4  14   0   0  1.9544855065251501e-03 
2016   6   4  14  30   0  2.0617888399798237e-03 
2016   6   4  15   0   0  2.4366393957067187e-03 
2016   6   4  15  30   0  2.4318644451096689e-03 
2016   6   4  16   0   0  2.2395079272174495e-03 
2016   6   4  16  30   0  2.3441379152540111e-03 
2016   6   4  17   0   0  2.3242401017857716e-03 
2016   6   4  17  30   0  1.8175650653995017e-03 
2016   6   4  18   0   0  1.7794207019572550e-03 
2016   6   4  18  30   0  1.7968871390689786e-03 
2016   6   4  19   0   0  1.8103035549588947e-03 
2016   6   4  19  30   0  1.7673416626323918e-03 
2016   6   4  20   0   0  1.7225070424021214e-03 
2016   6   4  20  30   0  1.6759508471997694e-03 
2016   6   4  21   0   0  1.6791586099858958e-03 
2016   6   4  21  30   0  1.5849171412136104e-03 
2016   6   4  22   0   0  1.6178883555067669e-03 
2016   6   4  22  30   0  1.7067352462950412e-03 
2016   6   4  23   0   0  1.7458635047105044e-03 
2016   6   4  23  30   0  1.9422376186749089e-03 
2016   6   5   0   0   0  2.8459971318851047e-03 
2016   6   5   0  30   0  2.9588133348252984e-03 
2016   6   5   1   0   0  3.3557618946002225e-03 
2016   6   5   1  30   0  3.7831425692143035e-03 
2016   6   5   2   0   0  3.7602433076614965e-03 
2016   6   5   2  30   0  3.4408913498335208e-03 
2016   6   5   3   0   0  3.1783995493841633e-03 
2016   6   5   3  30   0  2.7740525167684695e-03 
2016   6   5   4   0   0  2.5069067941668249e-03 
2016   6   5   4  30   0  2.4864367693899661e-03 
2016   6   5   5   0   0  2.7526725490187973e-03 
2016   6   5   5  30   0  2.4623175481612194e-03 
2016   6   5   6   0   0  1.7539227833722893e-03 
2016   6   5   6  30   0  1.5241588617156104e-03 
2016   6   5   7   0   0  1.7113219470947048e-03 
2016   6   5   7  30   0  1.5319780031294056e-03 
2016   6   5   8   0   0  1.5755741072384759e-03 
2016   6   5   8  30   0  1.6605122529709099e-03 
2016   6   5   9   0   0  1.5042816868784991e-03 
2016   6   5   9  30   0  1.5694525679211782e-03 
2016   6   5  10   0   0  1.5577698295676115e-03 
2016   6   5  10  30   0  1.0863087370915970e-03 
2016   6   5  11   0   0  1.5079037659820288e-03 
2016   6   5  11  30   0  1.4702911559295764e-03 
2016   6   5  12   0   0  1.7778452686715706e-03 
2016   6   5  12  30   0  1.9664810407357216e-03 
2016   6   5  13   0   0  2.0222354442860548e-03 
2016   6   5  13  30   0  2.0783238794977970e-03 
2016   6   5  14   0   0  1.7947771199572555e-03 
2016   6   5  14  30   0  1.9738312022781414e-03 
2016   6   5  15   0   0  2.0737016744181939e-03 
2016   6   5  15  30   0  2.0903787992888655e-03 
2016   6   5  16   0   0  2.0581003899195127e-03 
2016   6   5  16  30   0  2.1601853757973436e-03 
2016   6   5  17   0   0  2.2241252807723780e-03 
2016   6   5  17  30   0  2.5004759633576795e-03 
2016   6   5  18   0   0  2.5704217053033641e-03 
2016   6   5  18  30   0  2.4829025148938354e-03 
2016   6   5  19   0   0  2.5653466503834025e-03 
2016   6   5  19  30   0  2.4769537609625534e-03 
2016   6   5  20   0   0  2.5597307753187468e-03 
2016   6   5  20  30   0  2.6442332360179740e-03 
2016   6   5  21   0   0  2.9769065740809469e-03 
2016   6   5  21  30   0  3.1399038130377082e-03 
2016   6   5  22   0   0  3.2740948004031825e-03 
2016   6   5  22  30   0  3.3687951282783159e-03 
2016   6   5  23   0   0  3.3737676794451050e-03 
2016   6   5  23  30   0  3.1391150263384913e-03 
2016   6   6   0   0   0  2.9056665798940845e-03 
2016   6   6   0  30   0  2.8901024315785315e-03 
2016   6   6   1   0   0  2.8455874294285701e-03 
2016   6   6   1  30   0  2.6616282589165536e-03 
2016   6   6   2   0   0  2.6253500082595734e-03 
2016   6   6   2  30   0  2.6947200592609059e-03 
2016   6   6   3   0   0  2.6266219090382960e-03 
2016   6   6   3  30   0  2.6663254862914626e-03 
2016   6   6   4   0   0  2.7993867373515306e-03 
2016   6   6   4  30   0  2.6907788160753740e-03 
2016   6   6   5   0   0  2.6676091753582180e-03 
2016   6   6   5  30   0  2.5510786270405688e-03 
2016   6   6   6   0   0  2.3535508708598146e-03 
2016   6   6   6  30   0  2.1242022154237630e-03 
2016   6   6   7   0   0  1.7885926068451723e-03 
2016   6   6   7  30   0  1.6369690483640199e-03 
2016   6   6   8   0   0  1.6929493750217801e-03 
2016   6   6   8  30   0  1.5491791992236893e-03 
2016   6   6   9   0   0  1.6396567051784696e-03 
2016   6   6   9  30   0  1.5978524682992575e-03 
2016   6   6  10   0   0  1.6730904781103383e-03 
2016   6   6  10  30   0  1.7198620015151528e-03 
2016   6   6  11   0   0  1.9008842220429654e-03 
2016   6   6  11  30   0  1.9396599939826586e-03 
2016   6   6  12   0   0  2.0492895843974251e-03 
2016   6   6  12  30   0  2.1695946070696493e-03 
2016   6   6  13   0   0  2.3460833721408374e-03 
2016   6   6  13  30   0  2.7379887652905421e-03 
2016   6   6  14   0   0  3.0023006692614838e-03 
2016   6   6  14  30   0  3.2895880387780003e-03 
2016   6   6  15   0   0  3.7549434619845992e-03 
2016   6   6  15  30   0  3.8804372029733838e-03 
2016   6   6  16   0   0  4.1180278326984395e-03 
2016   6   6  16  30   0  4.4244555553571863e-03 
2016   6   6  17   0   0  4.6317136426792397e-03 
2016   6   6  17  30   0  4.7536003738042525e-03 
2016   6   6  18   0   0  4.9351016607358314e-03 
2016   6   6  18  30   0  5.0147634133402711e-03 
2016   6   6  19   0   0  4.7090096350045690e-03 
2016   6   6  19  30   0  4.6759878785129815e-03 
2016   6   6  20   0   0  4.9685606075505076e-03 
2016   6   6  20  30   0  6.1923978410782588e-03 
2016   6   6  21   0   0  5.5177953607956293e-03 
2016   6   6  21  30   0  6.2884976119854004e-03 
2016   6   6  22   0   0  4.0825857992650132e-03 
2016   6   6  22  30   0  3.8750535354333789e-03 
2016   6   6  23   0   0  3.8574193607319859e-03 
2016   6   6  23  30   0  3.7884549888056252e-03 
2016   6   7   0   0   0  3.5387060227400689e-03 
2016   6   7   0  30   0  3.2240709492331108e-03 
2016   6   7   1   0   0  3.1659942878805233e-03 
2016   6   7   1  30   0  3.1514963523076654e-03 
2016   6   7   2   0   0  3.2564815479194415e-03 
2016   6   7   2  30   0  3.4027661586932601e-03 
2016   6   7   3   0   0  3.4840998342727568e-03 
2016   6   7   3  30   0  3.5897504555328541e-03 
2016   6   7   4   0   0  3.5815234065722404e-03 
2016   6   7   4  30   0  3.5943225724204696e-03 
2016   6   7   5   0   0  4.0483410084746390e-03 
2016   6   7   5  30   0  3.4338497475158787e-03 
2016   6   7   6   0   0  3.0965875118832858e-03 
2016   6   7   6  30   0  3.2017617385225040e-03 
2016   6   7   7   0   0  3.5129841863283705e-03 
2016   6   7   7  30   0  3.6716379202867844e-03 
2016   6   7   8   0   0  3.7536710767322795e-03 
2016   6   7   8  30   0  3.8644353189620784e-03 
2016   6   7   9   0   0  3.8368685226349633e-03 
2016   6   7   9  30   0  3.8668367360744252e-03 
2016   6   7  10   0   0  4.1226410711568467e-03 
2016   6   7  10  30   0  4.1920270185036319e-03 
2016   6   7  11   0   0  4.3445543445112386e-03 
2016   6   7  11  30   0  4.9334647299184922e-03 
2016   6   7  12   0   0  5.7891245133930421e-03 
2016   6   7  12  30   0  6.1251953858386648e-03 
2016   6   7  13   0   0  6.3441794272257029e-03 
2016   6   7  13  30   0  6.6925723273372961e-03 
2016   6   7  14   0   0  6.7212679201109661e-03 
2016   6   7  14  30   0  7.7507177800198498e-03 
2016   6   7  15   0   0  7.0709428824951796e-03 
2016   6   7  15  30   0  6.5952440056340567e-03 
2016   6   7  16   0   0  4.8375019075382990e-03 
2016   6   7  16  30   0  4.9838257636901310e-03 
2016   6   7  17   0   0  4.7879668336064532e-03 
2016   6   7  17  30   0  4.8115624791619871e-03 
2016   6   7  18   0   0  4.6067640981895669e-03 
2016   6   7  18  30   0  4.6988429378893174e-03 
2016   6   7  19   0   0  4.6346304102791083e-03 
2016   6   7  19  30   0  4.6517442330217219e-03 
2016   6   7  20   0   0  4.7244500439959413e-03 
2016   6   7  20  30   0  4.3707445569823268e-03 
2016   6   7  21   0   0  4.2393369230552405e-03 
2016   6   7  21  30   0  4.4987149105386055e-03 
2016   6   7  22   0   0  4.2431534274981319e-03 
2016   6   7  22  30   0  4.0237406741733218e-03 
2016   6   7  23   0   0  4.5281348310929623e-03 
2016   6   7  23  30   0  4.4719916052006845e-03 
2016   6   8   0   0   0  5.3989094341441073e-03 
2016   6   8   0  30   0  5.4271844229657595e-03 
2016   6   8   1   0   0  5.3167841008515838e-03 
2016   6   8   1  30   0  5.3564673310831402e-03 
2016   6   8   2   0   0  5.2643026711292938e-03 
2016   6   8   2  30   0  5.4312009490681042e-03 
2016   6   8   3   0   0  5.7118995231144592e-03 
2016   6   8   3  30   0  6.1169181857197693e-03 
2016   6   8   4   0   0  6.6745159070264641e-03 
2016   6   8   4  30   0  7.8343043857900911e-03 
2016   6   8   5   0   0  8.5990416126526716e-03 
2016   6   8   5  30   0  8.2442338638737678e-03 
2016   6   8   6   0   0  8.3709873501293507e-03 
2016   6   8   6  30   0  7.8951953337558708e-03 
2016   6   8   7   0   0  4.0089554303544698e-03 
2016   6   8   7  30   0  1.1979446890523664e-03 
2016   6   8   8   0   0  1.2739325760643980e-03 
2016   6   8   8  30   0  1.2957702926892673e-03 
2016   6   8   9   0   0  1.6664604752348855e-03 
2016   6   8   9  30   0  2.4544341774436922e-03 
2016   6   8  10   0   0  3.3694902322267952e-03 
2016   6   8  10  30   0  3.3327090608985762e-03 
2016   6   8  11   0   0  2.5681021391917112e-03 
2016   6   8  11  30   0  3.1503692853729307e-03 
2016   6   8  12   0   0  3.7770754137226204e-03 
2016   6   8  12  30   0  2.8777144466534238e-03 
2016   6   8  13   0   0  2.9710707098274079e-03 
2016   6   8  13  30   0  3.0442204419570598e-03 
2016   6   8  14   0   0  2.7012614619557878e-03 
2016   6   8  14  30   0  2.5441509742424998e-03 
2016   6   8  15   0   0  2.5132860847915939e-03 
2016   6   8  15  30   0  2.3409876402432942e-03 
2016   6   8  16   0   0  2.3130069620754213e-03 
2016   6   8  16  30   0  2.3869353263449447e-03 
2016   6   8  17   0   0  2.3686438491122802e-03 
2016   6   8  17  30   0  1.9921292557644049e-03 
2016   6   8  18   0   0  2.1049383609934957e-03 
2016   6   8  18  30   0  2.1549558690967864e-03 
2016   6   8  19   0   0  2.1310084243105635e-03 
2016   6   8  19  30   0  1.9323688562837022e-03 
2016   6   8  20   0   0  1.9983592127416003e-03 
2016   6   8  20  30   0  2.0926184530934188e-03 
2016   6   8  21   0   0  1.9692532111859548e-03 
2016   6   8  21  30   0  1.1676245320644102e-03 
2016   6   8  22   0   0  1.0144886004316521e-03 
2016   6   8  22  30   0  1.1089827865895072e-03 
2016   6   8  23   0   0  1.2097181967851164e-03 
2016   6   8  23  30   0  1.3720705971389537e-03 
2016   6   9   0   0   0  1.5422007880888226e-03 
2016   6   9   0  30   0  1.4450668474125790e-03 
2016   6   9   1   0   0  1.0244478952669317e-03 
2016   6   9   1  30   0  1.0702528208447681e-03 
2016   6   9   2   0   0  1.0431675440381722e-03 
2016   6   9   2  30   0  1.0703172259267746e-03 
2016   6   9   3   0   0  1.0328887847198306e-03 
2016   6   9   3  30   0  8.5154382990144755e-04 
2016   6   9   4   0   0  5.9023795821096161e-04 
2016   6   9   4  30   0  7.2403454506219267e-04 
2016   6   9   5   0   0  6.1889264144753225e-04 
2016   6   9   5  30   0  6.5556754461060652e-04 
2016   6   9   6   0   0  6.4961209983762540e-04 
2016   6   9   6  30   0  6.1655031082569298e-04 
2016   6   9   7   0   0  4.1964316503747065e-04 
2016   6   9   7  30   0  4.9318386433031480e-04 
2016   6   9   8   0   0  6.5146293589131768e-04 
2016   6   9   8  30   0  6.7005426080659833e-04 
2016   6   9   9   0   0  5.8691510046318663e-04 
2016   6   9   9  30   0  5.4240332684408468e-04 
2016   6   9  10   0   0  5.3326346923891180e-04 
2016   6   9  10  30   0  7.5225884084940736e-04 
2016   6   9  11   0   0  8.3218301592100628e-04 
2016   6   9  11  30   0  7.0932467500901526e-04 
2016   6   9  12   0   0  8.8731321694881171e-04 
2016   6   9  12  30   0  4.3487528588731478e-04 
2016   6   9  13   0   0  9.7740188899605963e-04 
2016   6   9  13  30   0  8.5991495651813828e-04 
2016   6   9  14   0   0  8.1241800784025554e-04 
2016   6   9  14  30   0  8.6743078987574259e-04 
2016   6   9  15   0   0  9.5585108985566639e-04 
2016   6   9  15  30   0  8.9387648616260187e-04 
2016   6   9  16   0   0  8.9836140270944118e-04 
2016   6   9  16  30   0  9.8147152656103309e-04 
2016   6   9  17   0   0  1.0518970669686758e-03 
2016   6   9  17  30   0  9.7170718197250546e-04 
2016   6   9  18   0   0  9.2406842115513312e-04 
2016   6   9  18  30   0  1.0447193397959697e-03 
2016   6   9  19   0   0  9.3780664445574768e-04 
2016   6   9  19  30   0  1.0356497194869030e-03 
2016   6   9  20   0   0  9.7090760671101196e-04 
2016   6   9  20  30   0  8.2947785083318094e-04 
2016   6   9  21   0   0  7.8310278674967912e-04 
2016   6   9  21  30   0  6.8522069249406269e-04 
2016   6   9  22   0   0  6.1623971390280382e-04 
2016   6   9  22  30   0  6.3823307749656980e-04 
2016   6   9  23   0   0  5.7773087711923991e-04 
2016   6   9  23  30   0  5.9933086501124430e-04 
2016   6  10   0   0   0  5.5321520345587706e-04 
2016   6  10   0  30   0  5.7921475205513127e-04 
2016   6  10   1   0   0  5.9502645371916458e-04 
2016   6  10   1  30   0  6.3703547028480956e-04 
2016   6  10   2   0   0  7.7797634599084567e-04 
2016   6  10   2  30   0  8.6796577910667127e-04 
2016   6  10   3   0   0  9.0677280236528687e-04 
2016   6  10   3  30   0  9.4324078773209725e-04 
2016   6  10   4   0   0  9.9153156152374062e-04 
2016   6  10   4  30   0  9.7020603494280141e-04 
2016   6  10   5   0   0  9.4906096883318831e-04 
2016   6  10   5  30   0  9.9063231160178514e-04 
2016   6  10   6   0   0  9.2375065940691046e-04 
2016   6  10   6  30   0  9.9220840670476889e-04 
2016   6  10   7   0   0  9.7321869326271956e-04 
2016   6  10   7  30   0  1.1044481480675565e-03 
2016   6  10   8   0   0  1.2271307895782881e-03 
2016   6  10   8  30   0  1.3700791532541470e-03 
2016   6  10   9   0   0  1.3232987705913556e-03 
2016   6  10   9  30   0  1.3162534588023844e-03 
2016   6  10  10   0   0  1.2745253416800702e-03 
2016   6  10  10  30   0  1.3920551129337317e-03 
2016   6  10  11   0   0  1.3411471297206793e-03 
2016   6  10  11  30   0  1.3886449959908656e-03 
2016   6  10  12   0   0  1.3928069670064184e-03 
2016   6  10  12  30   0  1.5008071717006145e-03 
2016   6  10  13   0   0  1.5611173166071959e-03 
2016   6  10  13  30   0  1.8809774292751092e-03 
2016   6  10  14   0   0  2.2755084933071927e-03 
2016   6  10  14  30   0  2.5305782057240770e-03 
2016   6  10  15   0   0  2.5355173450023407e-03 
2016   6  10  15  30   0  2.4665353200681219e-03 
2016   6  10  16   0   0  2.4630600185042511e-03 
2016   6  10  16  30   0  2.3315319712580427e-03 
2016   6  10  17   0   0  2.4282321145321860e-03 
2016   6  10  17  30   0  2.5170027137398753e-03 
2016   6  10  18   0   0  2.6052216869218423e-03 
2016   6  10  18  30   0  2.8570692252769224e-03 
2016   6  10  19   0   0  2.8280796333944253e-03 
2016   6  10  19  30   0  2.7281873738677523e-03 
2016   6  10  20   0   0  2.9581186781585962e-03 
2016   6  10  20  30   0  2.9710318155177079e-03 
2016   6  10  21   0   0  2.8787753098690567e-03 
2016   6  10  21  30   0  2.8283856994141834e-03 
2016   6  10  22   0   0  2.7814843083770620e-03 
2016   6  10  22  30   0  2.7723466036362761e-03 
2016   6  10  23   0   0  2.7971652162602349e-03 
2016   6  10  23  30   0  2.8069970403303149e-03 
2016   6  11   0   0   0  3.8255106147480288e-03 
2016   6  11   0  30   0  4.0019238445273032e-03 
2016   6  11   1   0   0  4.8789788427627727e-03 
2016   6  11   1  30   0  5.7218354744446361e-03 
2016   6  11   2   0   0  4.5383158650387770e-03 
2016   6  11   2  30   0  4.4342860282588466e-03 
2016   6  11   3   0   0  4.3376144907132756e-03 
2016   6  11   3  30   0  4.4309228583291269e-03 
2016   6  11   4   0   0  4.3751325281662897e-03 
2016   6  11   4  30   0  4.3229700247914976e-03 
2016   6  11   5   0   0  4.1925371107073622e-03 
2016   6  11   5  30   0  3.9508377510161447e-03 
2016   6  11   6   0   0  3.5974166268589766e-03 
2016   6  11   6  30   0  3.3049122593971363e-03 
2016   6  11   7   0   0  3.2093582226901435e-03 
2016   6  11   7  30   0  3.0001751891995435e-03 
2016   6  11   8   0   0  2.3110828822779468e-03 
2016   6  11   8  30   0  1.9828075642978624e-03 
2016   6  11   9   0   0  2.0733638017227819e-03 
2016   6  11   9  30   0  1.9018917206067236e-03 
2016   6  11  10   0   0  1.8327162682048633e-03 
2016   6  11  10  30   0  1.6689883648247552e-03 
2016   6  11  11   0   0  1.8468911763272703e-03 
2016   6  11  11  30   0  1.5801749877325983e-03 
2016   6  11  12   0   0  1.7735688506386855e-03 
2016   6  11  12  30   0  1.8066469960332937e-03 
2016   6  11  13   0   0  1.8904667308973953e-03 
2016   6  11  13  30   0  2.1179617262288507e-03 
2016   6  11  14   0   0  1.8658811538452584e-03 
2016   6  11  14  30   0  2.2593598037967035e-03 
2016   6  11  15   0   0  2.0162789910795550e-03 
2016   6  11  15  30   0  1.9827033026010767e-03 
2016   6  11  16   0   0  2.0433165920781780e-03 
2016   6  11  16  30   0  2.0824650011095382e-03 
2016   6  11  17   0   0  2.0876275965571612e-03 
2016   6  11  17  30   0  2.1351712433426377e-03 
2016   6  11  18   0   0  2.2452461654275174e-03 
2016   6  11  18  30   0  2.2787269093787906e-03 
2016   6  11  19   0   0  2.2690532202336070e-03 
2016   6  11  19  30   0  2.2927963167031396e-03 
2016   6  11  20   0   0  2.4487034172806111e-03 
2016   6  11  20  30   0  2.1719183644357716e-03 
2016   6  11  21   0   0  2.0946183591378769e-03 
2016   6  11  21  30   0  2.1486096931470455e-03 
2016   6  11  22   0   0  2.2515010773368469e-03 
2016   6  11  22  30   0  2.1813208388215214e-03 
2016   6  11  23   0   0  2.1854922614618234e-03 
2016   6  11  23  30   0  2.1859947530729288e-03 
2016   6  12   0   0   0  2.2337826611495519e-03 
2016   6  12   0  30   0  2.3983265421026459e-03 
2016   6  12   1   0   0  2.4999166974620009e-03 
2016   6  12   1  30   0  2.5423937497780899e-03 
2016   6  12   2   0   0  2.6051195752903218e-03 
2016   6  12   2  30   0  2.5524131562245605e-03 
2016   6  12   3   0   0  2.5470267616498196e-03 
2016   6  12   3  30   0  2.9759223319568194e-03 
2016   6  12   4   0   0  3.1232884408828594e-03 
2016   6  12   4  30   0  3.0818451751305140e-03 
2016   6  12   5   0   0  3.2264491042332953e-03 
2016   6  12   5  30   0  3.1482477727525979e-03 
2016   6  12   6   0   0  2.7952129584077959e-03 
2016   6  12   6  30   0  2.4398407745746184e-03 
2016   6  12   7   0   0  2.1771875901742338e-03 
2016   6  12   7  30   0  2.1128148720261568e-03 
2016   6  12   8   0   0  2.1028094887560107e-03 
2016   6  12   8  30   0  2.1235437978012121e-03 
2016   6  12   9   0   0  1.9729715375867538e-03 
2016   6  12   9  30   0  1.7431315275132607e-03 
2016   6  12  10   0   0  2.0093725772771134e-03 
2016   6  12  10  30   0  2.0528866924231183e-03 
2016   6  12  11   0   0  2.2402181599370892e-03 
2016   6  12  11  30   0  2.5513888748391967e-03 
2016   6  12  12   0   0  2.8418940676560958e-03 
2016   6  12  12  30   0  2.5927037324521480e-03 
2016   6  12  13   0   0  2.5887837694732146e-03 
2016   6  12  13  30   0  3.1604744423454527e-03 
2016   6  12  14   0   0  3.3923527491785104e-03 
2016   6  12  14  30   0  3.8503795404465613e-03 
2016   6  12  15   0   0  3.6949208792475775e-03 
2016   6  12  15  30   0  3.5380470761917880e-03 
2016   6  12  16   0   0  3.7790093407172728e-03 
2016   6  12  16  30   0  3.9806096447193582e-03 
2016   6  12  17   0   0  4.0250860905946930e-03 
2016   6  12  17  30   0  4.0380816492939882e-03 
2016   6  12  18   0   0  3.9721070439435518e-03 
2016   6  12  18  30   0  3.8520505515949161e-03 
2016   6  12  19   0   0  3.7753388384534950e-03 
2016   6  12  19  30   0  3.3520807468265532e-03 
2016   6  12  20   0   0  3.3097223672120296e-03 
2016   6  12  20  30   0  3.8479297753395325e-03 
2016   6  12  21   0   0  4.2930080328879901e-03 
2016   6  12  21  30   0  4.2435260098591422e-03 
2016   6  12  22   0   0  4.1654439599193216e-03 
2016   6  12  22  30   0  4.1974978170277941e-03 
2016   6  12  23   0   0  4.1928528494474477e-03 
2016   6  12  23  30   0  4.2627024806301912e-03 
2016   6  13   0   0   0  4.2952895561783437e-03 
2016   6  13   0  30   0  4.4245135180624607e-03 
2016   6  13   1   0   0  4.6031317846100973e-03 
2016   6  13   1  30   0  4.6996603477563641e-03 
2016   6  13   2   0   0  4.5622304397877752e-03 
2016   6  13   2  30   0  4.4444482440362488e-03 
2016   6  13   3   0   0  4.3091252918099118e-03 
2016   6  13   3  30   0  4.2676524949992641e-03 
2016   6  13   4   0   0  4.2605766425262218e-03 
2016   6  13   4  30   0  4.2615273218593657e-03 
2016   6  13   5   0   0  4.4271913230351243e-03 
2016   6  13   5  30   0  4.6665657351072512e-03 
2016   6  13   6   0   0  4.7614819449681954e-03 
2016   6  13   6  30   0  4.6654792226171072e-03 
2016   6  13   7   0   0  4.5992698973690432e-03 
2016   6  13   7  30   0  4.5663370634397562e-03 
2016   6  13   8   0   0  4.2072563471585618e-03 
2016   6  13   8  30   0  3.6820594802401871e-03 
2016   6  13   9   0   0  3.1018886929033629e-03 
2016   6  13   9  30   0  2.8373903280694093e-03 
2016   6  13  10   0   0  2.6420822626114044e-03 
2016   6  13  10  30   0  2.7505127938192613e-03 
2016   6  13  11   0   0  2.8143243515500790e-03 
2016   6  13  11  30   0  3.1349784042616880e-03 
2016   6  13  12   0   0  3.4704665169327398e-03 
2016   6  13  12  30   0  3.5901637346636970e-03 
2016   6  13  13   0   0  3.8229172123366295e-03 
2016   6  13  13  30   0  4.0973645862184532e-03 
2016   6  13  14   0   0  4.2553436120027288e-03 
2016   6  13  14  30   0  4.4648476030722251e-03 
2016   6  13  15   0   0  4.4337155663971240e-03 
2016   6  13  15  30   0  4.6920748045238235e-03 
2016   6  13  16   0   0  4.6583148993083546e-03 
2016   6  13  16  30   0  4.6751471245390164e-03 
2016   6  13  17   0   0  4.8399318840982161e-03 
2016   6  13  17  30   0  5.0310009066576369e-03 
2016   6  13  18   0   0  5.0162348623997901e-03 
2016   6  13  18  30   0  5.2544773783777454e-03 
2016   6  13  19   0   0  5.1546707247713845e-03 
2016   6  13  19  30   0  4.2788955700904024e-03 
2016   6  13  20   0   0  4.8217348512964919e-03 
2016   6  13  20  30   0  4.8605420501893724e-03 
2016   6  13  21   0   0  4.7384673015507745e-03 
2016   6  13  21  30   0  4.4965387673041052e-03 
2016   6  13  22   0   0  5.3433927194914410e-03 
2016   6  13  22  30   0  4.7903750083371265e-03 
2016   6  13  23   0   0  4.8624766985661582e-03 
2016   6  13  23  30   0  4.6268845544280160e-03 
2016   6  14   0   0   0  3.7985793325771328e-03 
2016   6  14   0  30   0  4.0636159568879105e-03 
2016   6  14   1   0   0  4.3173654401693568e-03 
2016   6  14   1  30   0  4.1714868496621812e-03 
2016   6  14   2   0   0  4.2115810594050328e-03 
2016   6  14   2  30   0  4.1836174207797207e-03 
2016   6  14   3   0   0  4.0726653333274937e-03 
2016   6  14   3  30   0  4.2701768985805768e-03 
2016   6  14   4   0   0  4.7099642300234435e-03 
2016   6  14   4  30   0  4.3959631835680697e-03 
2016   6  14   5   0   0  4.4533103727008418e-03 
2016   6  14   5  30   0  4.6925886935294337e-03 
2016   6  14   6   0   0  4.2166926805878311e-03 
2016   6  14   6  30   0  4.0749519894422532e-03 
2016   6  14   7   0   0  3.8894921630858452e-03 
2016   6  14   7  30   0  3.7070477707529400e-03 
2016   6  14   8   0   0  3.4238046324699175e-03 
2016   6  14   8  30   0  3.3307145456895931e-03 
2016   6  14   9   0   0  3.5043112790169311e-03 
2016   6  14   9  30   0  3.6991646736122745e-03 
2016   6  14  10   0   0  3.6765289263463235e-03 
2016   6  14  10  30   0  3.5683692097458713e-03 
2016   6  14  11   0   0  3.6793488839849623e-03 
2016   6  14  11  30   0  4.1530515666137659e-03 
2016   6  14  12   0   0  4.0590470495120443e-03 
2016   6  14  12  30   0  4.2382256591808254e-03 
2016   6  14  13   0   0  4.4490531094949414e-03 
2016   6  14  13  30   0  4.7582757266868845e-03 
2016   6  14  14   0   0  4.7440128861059678e-03 
2016   6  14  14  30   0  3.9026418710509953e-03 
2016   6  14  15   0   0  4.1366091965794206e-03 
2016   6  14  15  30   0  3.6982359465882299e-03 
2016   6  14  16   0   0  4.3022812676518423e-03 
2016   6  14  16  30   0  4.6809172679614678e-03 
2016   6  14  17   0   0  4.6200711512873385e-03 
2016   6  14  17  30   0  4.3887304053972058e-03 
2016   6  14  18   0   0  4.2538225971232259e-03 
2016   6  14  18  30   0  4.5341116553157916e-03 
2016   6  14  19   0   0  4.5972487961631224e-03 
2016   6  14  19  30   0  4.9387718451213867e-03 
2016   6  14  20   0   0  4.8288308534314523e-03 
2016   6  14  20  30   0  4.8695645130108437e-03 
2016   6  14  21   0   0  4.9749761337319455e-03 
2016   6  14  21  30   0  5.1019114845354749e-03 
2016   6  14  22   0   0  5.2139730555709847e-03 
2016   6  14  22  30   0  5.3564790637714264e-03 
2016   6  14  23   0   0  5.5588900978687621e-03 
2016   6  14  23  30   0  5.5339872242093271e-03 
2016   6  15   0   0   0  5.5224318354455629e-03 
2016   6  15   0  30   0  5.5262634721454451e-03 
2016   6  15   1   0   0  5.4635714277206397e-03 
2016   6  15   1  30   0  5.6208912886882645e-03 
2016   6  15   2   0   0  5.4060713975134485e-03 
2016   6  15   2  30   0  5.2685130072262134e-03 
2016   6  15   3   0   0  5.4275890110976775e-03 
2016   6  15   3  30   0  5.1696493673965629e-03 
2016   6  15   4   0   0  4.6743806110112153e-03 
2016   6  15   4  30   0  4.5416432817527797e-03 
2016   6  15   5   0   0  4.4416402281054071e-03 
2016   6  15   5  30   0  4.5326104281389742e-03 
2016   6  15   6   0   0  5.6137123254095802e-03 
2016   6  15   6  30   0  6.9433829185108634e-03 
2016   6  15   7   0   0  7.1995959000752041e-03 
2016   6  15   7  30   0  6.9699279272621923e-03 
2016   6  15   8   0   0  6.4035983029574325e-03 
2016   6  15   8  30   0  5.0998216905796716e-03 
2016   6  15   9   0   0  5.2333289340015868e-03 
2016   6  15   9  30   0  5.4663732279432182e-03 
2016   6  15  10   0   0  4.7403148924014997e-03 
2016   6  15  10  30   0  4.6590749027247032e-03 
2016   6  15  11   0   0  5.2746134897910238e-03 
2016   6  15  11  30   0  5.4620812539330991e-03 
2016   6  15  12   0   0  5.3294905466847887e-03 
2016   6  15  12  30   0  5.4309732480848864e-03 
2016   6  15  13   0   0  4.5473481302089180e-03 
2016   6  15  13  30   0  4.6294943137734704e-03 
2016   6  15  14   0   0  5.2736785285957266e-03 
2016   6  15  14  30   0  5.5956410073592557e-03 
2016   6  15  15   0   0  5.9735313171577513e-03 
2016   6  15  15  30   0  5.6977693288835073e-03 
2016   6  15  16   0   0  5.7851997521352894e-03 
2016   6  15  16  30   0  5.9871032952391644e-03 
2016   6  15  17   0   0  6.2746908601907002e-03 
2016   6  15  17  30   0  5.8812116201624152e-03 
2016   6  15  18   0   0  5.9542138491675842e-03 
2016   6  15  18  30   0  6.0657233358985280e-03 
2016   6  15  19   0   0  5.9644005074013370e-03 
2016   6  15  19  30   0  6.2933664746099745e-03 
2016   6  15  20   0   0  6.0427468368698693e-03 
2016   6  15  20  30   0  5.9680907380254850e-03 
2016   6  15  21   0   0  6.1089776506166264e-03 
2016   6  15  21  30   0  6.8912173614354066e-03 
2016   6  15  22   0   0  6.9339064907348973e-03 
2016   6  15  22  30   0  6.9136100403164391e-03 
2016   6  15  23   0   0  7.4533432473165599e-03 
2016   6  15  23  30   0  7.2245037560504585e-03 
2016   6  16   0   0   0  7.3567355178599959e-03 
2016   6  16   0  30   0  6.9691813071535444e-03 
2016   6  16   1   0   0  6.3718133871476235e-03 
2016   6  16   1  30   0  5.8869029123632547e-03 
2016   6  16   2   0   0  5.8826713091040183e-03 
2016   6  16   2  30   0  6.3802941789124750e-03 
2016   6  16   3   0   0  6.7900604688038687e-03 
2016   6  16   3  30   0  6.9537686129334903e-03 
2016   6  16   4   0   0  6.9561276838617904e-03 
2016   6  16   4  30   0  6.9184896196354227e-03 
2016   6  16   5   0   0  7.1619606834056725e-03 
2016   6  16   5  30   0  7.4741030330776692e-03 
2016   6  16   6   0   0  7.9908470726947380e-03 
2016   6  16   6  30   0  7.7307203775631760e-03 
2016   6  16   7   0   0  7.9457063008530511e-03 
2016   6  16   7  30   0  8.3546001029551637e-03 
2016   6  16   8   0   0  8.7038611112381439e-03 
2016   6  16   8  30   0  9.1617025385715735e-03 
2016   6  16   9   0   0  9.5142370478471811e-03 
2016   6  16   9  30   0  9.8014141527462476e-03 
2016   6  16  10   0   0  1.0287898676067353e-02 
2016   6  16  10  30   0  1.1015827020585794e-02 
2016   6  16  11   0   0  1.1687037281162651e-02 
2016   6  16  11  30   0  1.2116667181593552e-02 
2016   6  16  12   0   0  1.2543580408091582e-02 
2016   6  16  12  30   0  1.2789597920314777e-02 
2016   6  16  13   0   0  1.3544905006220274e-02 
2016   6  16  13  30   0  1.4096414095737442e-02 
2016   6  16  14   0   0  1.4780086320564484e-02 
2016   6  16  14  30   0  1.5680461268582000e-02 
2016   6  16  15   0   0  1.5904194074213413e-02 
2016   6  16  15  30   0  1.5306460582164210e-02 
2016   6  16  16   0   0  1.2562204985313869e-02 
2016   6  16  16  30   0  1.2647803209253610e-02 
2016   6  16  17   0   0  1.2726288579395588e-02 
2016   6  16  17  30   0  1.2684107400103064e-02 
2016   6  16  18   0   0  1.2810088213630529e-02 
2016   6  16  18  30   0  1.3524924974747853e-02 
2016   6  16  19   0   0  1.3793038578143039e-02 
2016   6  16  19  30   0  1.3976612931581317e-02 
2016   6  16  20   0   0  1.4465152607693221e-02 
2016   6  16  20  30   0  1.4920024046775089e-02 
2016   6  16  21   0   0  1.5346578580686407e-02 
2016   6  16  21  30   0  1.5459874530486003e-02 
2016   6  16  22   0   0  1.5244832757469864e-02 
2016   6  16  22  30   0  1.4867842289348057e-02 
2016   6  16  23   0   0  1.4340063879709732e-02 
2016   6  16  23  30   0  1.4651068358726507e-02 
2016   6  17   0   0   0  1.4356392290263680e-02 
2016   6  17   0  30   0  1.5046183933223703e-02 
2016   6  17   1   0   0  1.0418037019535673e-02 
2016   6  17   1  30   0  6.3636062942016023e-03 
2016   6  17   2   0   0  5.6715114909360320e-03 
2016   6  17   2  30   0  4.0967347633662152e-03 
2016   6  17   3   0   0  3.0427568791951565e-03 
2016   6  17   3  30   0  3.5010931817592672e-03 
2016   6  17   4   0   0  3.6005951923711336e-03 
2016   6  17   4  30   0  4.0918438889505759e-03 
2016   6  17   5   0   0  4.5354610320527955e-03 
2016   6  17   5  30   0  4.7654562621551209e-03 
2016   6  17   6   0   0  4.9375990995355681e-03 
2016   6  17   6  30   0  5.0868829371498699e-03 
2016   6  17   7   0   0  5.4833539002932538e-03 
2016   6  17   7  30   0  4.6739245966707192e-03 
2016   6  17   8   0   0  3.3148712912376352e-03 
2016   6  17   8  30   0  4.6820463577936745e-03 
2016   6  17   9   0   0  4.6117951539358095e-03 
2016   6  17   9  30   0  4.9182626221153094e-03 
2016   6  17  10   0   0  5.2078346090628129e-03 
2016   6  17  10  30   0  5.0630539599907680e-03 
2016   6  17  11   0   0  5.3714004431320034e-03 
2016   6  17  11  30   0  4.6033567144833790e-03 
2016   6  17  12   0   0  4.5942655623674548e-03 
2016   6  17  12  30   0  4.3228377288324618e-03 
2016   6  17  13   0   0  2.9817691574888180e-03 
2016   6  17  13  30   0  2.9407343850364879e-03 
2016   6  17  14   0   0  2.9982828627283234e-03 
2016   6  17  14  30   0  3.3304649955425156e-03 
2016   6  17  15   0   0  3.4678653492600255e-03 
2016   6  17  15  30   0  3.2596560200954831e-03 
2016   6  17  16   0   0  3.0225584752508719e-03 
2016   6  17  16  30   0  4.2460176969254084e-03 
2016   6  17  17   0   0  4.7776366119059036e-03 
2016   6  17  17  30   0  4.2855732945770754e-03 
2016   6  17  18   0   0  4.7569236519335312e-03 
2016   6  17  18  30   0  5.8255951436170369e-03 
2016   6  17  19   0   0  6.8228545106425757e-03 
2016   6  17  19  30   0  7.4908942064162215e-03 
2016   6  17  20   0   0  8.3954884840909075e-03 
2016   6  17  20  30   0  9.2262596204334552e-03 
2016   6  17  21   0   0  9.4728515090481812e-03 
2016   6  17  21  30   0  9.1469891843774884e-03 
2016   6  17  22   0   0  9.0657152111405896e-03 
2016   6  17  22  30   0  9.0807170303836525e-03 
2016   6  17  23   0   0  9.1084868535230255e-03 
2016   6  17  23  30   0  9.1357687375244242e-03 
2016   6  18   0   0   0  1.1300604360826305e-02 
2016   6  18   0  30   0  1.1503438946081994e-02 
2016   6  18   1   0   0  1.1646857076879874e-02 
2016   6  18   1  30   0  1.1445529083265273e-02 
2016   6  18   2   0   0  1.1612426278020975e-02 
2016   6  18   2  30   0  1.1736192877439568e-02 
2016   6  18   3   0   0  1.1836978346684866e-02 
2016   6  18   3  30   0  1.1702160875626637e-02 
2016   6  18   4   0   0  1.1945426647581888e-02 
2016   6  18   4  30   0  1.2411015188909264e-02 
2016   6  18   5   0   0  1.1592747914651978e-02 
2016   6  18   5  30   0  1.0783398031085557e-02 
2016   6  18   6   0   0  9.1847210058998430e-03 
2016   6  18   6  30   0  7.9732195300429055e-03 
2016   6  18   7   0   0  9.2428229145281350e-03 
2016   6  18   7  30   0  1.0692877770652278e-02 
2016   6  18   8   0   0  1.1032744528573567e-02 
2016   6  18   8  30   0  8.6159021998933605e-03 
2016   6  18   9   0   0  8.4338278991086205e-03 
2016   6  18   9  30   0  9.6452161512791297e-03 
2016   6  18  10   0   0  9.5939305009656983e-03 
2016   6  18  10  30   0  9.3796251386911739e-03 
2016   6  18  11   0   0  9.7410616871101436e-03 
2016   6  18  11  30   0  8.4599842549945101e-03 
2016   6  18  12   0   0  8.8706555706792693e-03 
2016   6  18  12  30   0  8.1322977259644658e-03 
2016   6  18  13   0   0  5.6829304202243936e-03 
2016   6  18  13  30   0  4.1685812451330252e-03 
2016   6  18  14   0   0  2.9078713333971166e-03 
2016   6  18  14  30   0  2.4064073996251517e-03 
2016   6  18  15   0   0  2.6027608888268996e-03 
2016   6  18  15  30   0  2.8631300528001906e-03 
2016   6  18  16   0   0  2.9583959408368762e-03 
2016   6  18  16  30   0  3.2863877216283326e-03 
2016   6  18  17   0   0  3.7429022704259093e-03 
2016   6  18  17  30   0  3.3108429447974404e-03 
2016   6  18  18   0   0  3.0140311889450700e-03 
2016   6  18  18  30   0  3.2555851475449342e-03 
2016   6  18  19   0   0  3.4041628459829331e-03 
2016   6  18  19  30   0  3.7500356650768158e-03 
2016   6  18  20   0   0  4.2827945447767440e-03 
2016   6  18  20  30   0  5.4114756770360980e-03 
2016   6  18  21   0   0  5.7944064921706898e-03 
2016   6  18  21  30   0  4.0714879068825443e-03 
2016   6  18  22   0   0  2.0402137536324008e-03 
2016   6  18  22  30   0  1.3668685617081288e-03 
2016   6  18  23   0   0  9.5631879198315403e-04 
2016   6  18  23  30   0  8.4066446192001295e-04 
2016   6  19   0   0   0  8.4616663935448784e-04 
2016   6  19   0  30   0  7.5731985621519890e-04 
2016   6  19   1   0   0  8.3501357467191022e-04 
2016   6  19   1  30   0  8.6123163598114975e-04 
2016   6  19   2   0   0  9.9425282950027115e-04 
2016   6  19   2  30   0  1.0017289634233057e-03 
2016   6  19   3   0   0  1.1616181439171574e-03 
2016   6  19   3  30   0  1.2279093215348848e-03 
2016   6  19   4   0   0  9.0600853618879945e-04 
2016   6  19   4  30   0  6.2181741860361215e-04 
2016   6  19   5   0   0  6.7824440239445754e-04 
2016   6  19   5  30   0  5.7679130178334679e-04 
2016   6  19   6   0   0  4.1922554491377633e-04 
2016   6  19   6  30   0  4.6629717952389272e-04 
2016   6  19   7   0   0  5.7914304781564614e-04 
2016   6  19   7  30   0  7.8287272807210477e-04 
2016   6  19   8   0   0  1.0684758049707063e-03 
2016   6  19   8  30   0  1.4555644395252963e-03 
2016   6  19   9   0   0  2.4576917183805010e-03 
2016   6  19   9  30   0  2.5878351808591212e-03 
2016   6  19  10   0   0  2.3475435484608866e-03 
2016   6  19  10  30   0  2.1933935637915960e-03 
2016   6  19  11   0   0  2.3236906265941123e-03 
2016   6  19  11  30   0  2.5996518988143217e-03 
2016   6  19  12   0   0  3.3379903508868772e-03 
2016   6  19  12  30   0  3.8160250859317706e-03 
2016   6  19  13   0   0  3.7726897407351543e-03 
2016   6  19  13  30   0  4.1056397336645834e-03 
2016   6  19  14   0   0  4.3239642345371219e-03 
2016   6  19  14  30   0  4.5459153560185803e-03 
2016   6  19  15   0   0  4.8538615845487186e-03 
2016   6  19  15  30   0  5.1106494280006350e-03 
2016   6  19  16   0   0  5.1924164343508088e-03 
2016   6  19  16  30   0  5.4289253723475948e-03 
2016   6  19  17   0   0  5.5133551203314169e-03 
2016   6  19  17  30   0  5.4322465643810262e-03 
2016   6  19  18   0   0  5.6813361021823168e-03 
2016   6  19  18  30   0  6.0296759580337313e-03 
2016   6  19  19   0   0  6.2928033292834326e-03 
2016   6  19  19  30   0  6.5059264445565109e-03 
2016   6  19  20   0   0  6.0398687759330057e-03 
2016   6  19  20  30   0  6.1120417653324991e-03 
2016   6  19  21   0   0  6.1376806060044137e-03 
2016   6  19  21  30   0  6.2501822687356448e-03 
2016   6  19  22   0   0  6.2487364424288067e-03 
2016   6  19  22  30   0  5.9386641624138460e-03 
2016   6  19  23   0   0  5.8529950069330953e-03 
2016   6  19  23  30   0  5.8732577925161211e-03 
2016   6  20   0   0   0  5.9228659085953971e-03 
2016   6  20   0  30   0  6.4316275687620588e-03 
2016   6  20   1   0   0  7.0721948067526469e-03 
2016   6  20   1  30   0  7.3332994333030910e-03 
2016   6  20   2   0   0  7.1046847779736395e-03 
2016   6  20   2  30   0  6.2478566646286555e-03 
2016   6  20   3   0   0  6.4021119789205395e-03 
2016   6  20   3  30   0  7.0708965391722599e-03 
2016   6  20   4   0   0  7.2464214341876401e-03 
2016   6  20   4  30   0  7.6038072886969619e-03 
2016   6  20   5   0   0  7.5207100129652867e-03 
2016   6  20   5  30   0  7.2434050414354858e-03 
2016   6  20   6   0   0  6.9659074783157311e-03 
2016   6  20   6  30   0  6.5047267516384431e-03 
2016   6  20   7   0   0  5.8388058663775199e-03 
2016   6  20   7  30   0  5.0549121115142960e-03 
2016   6  20   8   0   0  5.7044269345705653e-03 
2016   6  20   8  30   0  4.6746336224075258e-03 
2016   6  20   9   0   0  4.1639285251953342e-03 
2016   6  20   9  30   0  4.1671608107469180e-03 
2016   6  20  10   0   0  4.1503031696295918e-03 
2016   6  20  10  30   0  4.2528868153474753e-03 
2016   6  20  11   0   0  4.6750567761192205e-03 
2016   6  20  11  30   0  4.8635254113368592e-03 
2016   6  20  12   0   0  5.0304580851831034e-03 
2016   6  20  12  30   0  4.8573970824774470e-03 
2016   6  20  13   0   0  4.9157479000573280e-03 
2016   6  20  13  30   0  5.3465262439467550e-03 
2016   6  20  14   0   0  5.5605857913594405e-03 
2016   6  20  14  30   0  5.6874892243794425e-03 
2016   6  20  15   0   0  6.0814665495583778e-03 
2016   6  20  15  30   0  6.2507759541947832e-03 
2016   6  20  16   0   0  6.3025468168279855e-03 
2016   6  20  16  30   0  6.2563581054982760e-03 
2016   6  20  17   0   0  6.1342055571099391e-03 
2016   6  20  17  30   0  6.1531474068111823e-03 
2016   6  20  18   0   0  6.3099191475571564e-03 
2016   6  20  18  30   0  6.2894691991291453e-03 
2016   6  20  19   0   0  6.3525631507662739e-03 
2016   6  20  19  30   0  5.8182324300661992e-03 
2016   6  20  20   0   0  6.4489524437402546e-03 
2016   6  20  20  30   0  6.6783422985012405e-03 
2016   6  20  21   0   0  6.9154864257039593e-03 
2016   6  20  21  30   0  7.0311229747092342e-03 
2016   6  20  22   0   0  7.2055184917113402e-03 
2016   6  20  22  30   0  7.2047552237775410e-03 
2016   6  20  23   0   0  7.2650900581772643e-03 
2016   6  20  23  30   0  7.2651797206375749e-03 
2016   6  21   0   0   0  7.3358832276784677e-03 
2016   6  21   0  30   0  7.2566701308385308e-03 
2016   6  21   1   0   0  6.9729775133533754e-03 
2016   6  21   1  30   0  6.9427908984146256e-03 
2016   6  21   2   0   0  6.6777136577349568e-03 
2016   6  21   2  30   0  6.7882295058344557e-03 
2016   6  21   3   0   0  6.9384780120312975e-03 
2016   6  21   3  30   0  7.1667093898505297e-03 
2016   6  21   4   0   0  7.4319644696590054e-03 
2016   6  21   4  30   0  7.6364978082253936e-03 
2016   6  21   5   0   0  7.9072128437705745e-03 
2016   6  21   5  30   0  7.8541833161187031e-03 
2016   6  21   6   0   0  7.8363359318537763e-03 
2016   6  21   6  30   0  7.7648624673004865e-03 
2016   6  21   7   0   0  7.6577632907004617e-03 
2016   6  21   7  30   0  7.1038504478203833e-03 
2016   6  21   8   0   0  7.1806969805039249e-03 
2016   6  21   8  30   0  6.2874913622492845e-03 
2016   6  21   9   0   0  6.6397475646274868e-03 
2016   6  21   9  30   0  6.2449129783848801e-03 
2016   6  21  10   0   0  6.0867325265666367e-03 
2016   6  21  10  30   0  5.6786761518584292e-03 
2016   6  21  11   0   0  5.8493358894896059e-03 
2016   6  21  11  30   0  6.2395366778475380e-03 
2016   6  21  12   0   0  6.2261356343168922e-03 
2016   6  21  12  30   0  6.2653420423114071e-03 
2016   6  21  13   0   0  7.0708366400728832e-03 
2016   6  21  13  30   0  7.8010946235573964e-03 
2016   6  21  14   0   0  7.9463178659980420e-03 
2016   6  21  14  30   0  7.9592340774192107e-03 
2016   6  21  15   0   0  7.4342126409935151e-03 
2016   6  21  15  30   0  7.8524305695377595e-03 
2016   6  21  16   0   0  7.6786057364097732e-03 
2016   6  21  16  30   0  7.1170438184816349e-03 
2016   6  21  17   0   0  7.3026088580372649e-03 
2016   6  21  17  30   0  7.9584673240239313e-03 
2016   6  21  18   0   0  7.9727885446815930e-03 
2016   6  21  18  30   0  7.8755885672756563e-03 
2016   6  21  19   0   0  8.3122006820258304e-03 
2016   6  21  19  30   0  9.0521379125197005e-03 
2016   6  21  20   0   0  7.4582681540176759e-03 
2016   6  21  20  30   0  7.0311559031860683e-03 
2016   6  21  21   0   0  6.9520129402289915e-03 
2016   6  21  21  30   0  7.2091945371415746e-03 
2016   6  21  22   0   0  7.4330783230326849e-03 
2016   6  21  22  30   0  7.7820445693648167e-03 
2016   6  21  23   0   0  8.5235399703711551e-03 
2016   6  21  23  30   0  8.8894928659148872e-03 
2016   6  22   0   0   0  9.2541290178804487e-03 
2016   6  22   0  30   0  9.3145323751587447e-03 
2016   6  22   1   0   0  9.6608769955809585e-03 
2016   6  22   1  30   0  9.7779983073420403e-03 
2016   6  22   2   0   0  1.0110505587423572e-02 
2016   6  22   2  30   0  1.0540490636594691e-02 
2016   6  22   3   0   0  1.0717107406222682e-02 
2016   6  22   3  30   0  1.0755760896563615e-02 
2016   6  22   4   0   0  1.1098319717730116e-02 
2016   6  22   4  30   0  1.1056869596089846e-02 
2016   6  22   5   0   0  1.1097730836921756e-02 
2016   6  22   5  30   0  1.1170542200908734e-02 
2016   6  22   6   0   0  1.0798319008622069e-02 
2016   6  22   6  30   0  1.0684893993212896e-02 
2016   6  22   7   0   0  9.9589643768586231e-03 
2016   6  22   7  30   0  9.7059925705366597e-03 
2016   6  22   8   0   0  9.5973868668791252e-03 
2016   6  22   8  30   0  8.9438355737329091e-03 
2016   6  22   9   0   0  8.5480471570548670e-03 
2016   6  22   9  30   0  8.0372445512799304e-03 
2016   6  22  10   0   0  7.8623187210744433e-03 
2016   6  22  10  30   0  8.0007035584860851e-03 
2016   6  22  11   0   0  7.3377017497688454e-03 
2016   6  22  11  30   0  7.2745875170696266e-03 
2016   6  22  12   0   0  7.6420224521222789e-03 
2016   6  22  12  30   0  7.8179905757481440e-03 
2016   6  22  13   0   0  6.5664365118526793e-03 
2016   6  22  13  30   0  6.0417357921768236e-03 
2016   6  22  14   0   0  5.9148000771920093e-03 
2016   6  22  14  30   0  6.2613668989420163e-03 
2016   6  22  15   0   0  6.4896805526844931e-03 
2016   6  22  15  30   0  6.1822409611399154e-03 
2016   6  22  16   0   0  6.2569266145075641e-03 
2016   6  22  16  30   0  6.8491806851336138e-03 
2016   6  22  17   0   0  7.5979576114114872e-03 
2016   6  22  17  30   0  8.1839430616674671e-03 
2016   6  22  18   0   0  8.5702356710974890e-03 
2016   6  22  18  30   0  8.5049510801918360e-03 
2016   6  22  19   0   0  8.7763879780754176e-03 
2016   6  22  19  30   0  8.9790643514970746e-03 
2016   6  22  20   0   0  8.8142517083082787e-03 
2016   6  22  20  30   0  8.6741638708733200e-03 
2016   6  22  21   0   0  8.5983910146258408e-03 
2016   6  22  21  30   0  8.5368784219863585e-03 
2016   6  22  22   0   0  8.3167083158731912e-03 
2016   6  22  22  30   0  8.3381248379919559e-03 
2016   6  22  23   0   0  8.4499405540937236e-03 
2016   6  22  23  30   0  8.6629457928669544e-03 
2016   6  23   0   0   0  7.5285390263196902e-03 
2016   6  23   0  30   0  7.6689976583037747e-03 
2016   6  23   1   0   0  7.7897401627109470e-03 
2016   6  23   1  30   0  7.8929452500132152e-03 
2016   6  23   2   0   0  7.9680424637050933e-03 
2016   6  23   2  30   0  7.9727339492393010e-03 
2016   6  23   3   0   0  8.1051082549721820e-03 
2016   6  23   3  30   0  7.8458103482297401e-03 
2016   6  23   4   0   0  7.5236628579753275e-03 
2016   6  23   4  30   0  7.4016729823167130e-03 
2016   6  23   5   0   0  7.1069457797238930e-03 
2016   6  23   5  30   0  6.6738264663930812e-03 
2016   6  23   6   0   0  7.0536243134695599e-03 
2016   6  23   6  30   0  7.4759643591783059e-03 
2016   6  23   7   0   0  8.5657113077726114e-03 
2016   6  23   7  30   0  9.7634670053539079e-03 
2016   6  23   8   0   0  1.0198921190074985e-02 
2016   6  23   8  30   0  1.0728542041007292e-02 
2016   6  23   9   0   0  1.0368091127821341e-02 
2016   6  23   9  30   0  9.6596338687696091e-03 
2016   6  23  10   0   0  1.0029335938141995e-02 
2016   6  23  10  30   0  9.8376750806189999e-03 
2016   6  23  11   0   0  1.0000916751078094e-02 
2016   6  23  11  30   0  1.0015873463443953e-02 
2016   6  23  12   0   0  9.8406205398530958e-03 
2016   6  23  12  30   0  1.1010640050254580e-02 
2016   6  23  13   0   0  7.4297929612973284e-03 
2016   6  23  13  30   0  8.2693319972667167e-03 
2016   6  23  14   0   0  7.7609860000005379e-03 
2016   6  23  14  30   0  8.2893358021908174e-03 
2016   6  23  15   0   0  8.8549059992611874e-03 
2016   6  23  15  30   0  9.6270344027036721e-03 
2016   6  23  16   0   0  9.4494087723262406e-03 
2016   6  23  16  30   0  9.2098589618775650e-03 
2016   6  23  17   0   0  9.3222580034047313e-03 
2016   6  23  17  30   0  9.4669545308121474e-03 
2016   6  23  18   0   0  8.8251228390181929e-03 
2016   6  23  18  30   0  8.4262728945049183e-03 
2016   6  23  19   0   0  8.8416001479574256e-03 
2016   6  23  19  30   0  8.8566008588459970e-03 
2016   6  23  20   0   0  9.4815377830660061e-03 
2016   6  23  20  30   0  9.7173634875639212e-03 
2016   6  23  21   0   0  9.8168380947395283e-03 
2016   6  23  21  30   0  9.8482636487200181e-03 
2016   6  23  22   0   0  9.8378469290837517e-03 
2016   6  23  22  30   0  1.0094589708815284e-02 
2016   6  23  23   0   0  1.0550550511571399e-02 
2016   6  23  23  30   0  1.0964029422566642e-02 
2016   6  24   0   0   0  1.1160621451702686e-02 
2016   6  24   0  30   0  1.1264788995439272e-02 
2016   6  24   1   0   0  1.1401562962898000e-02 
2016   6  24   1  30   0  1.1291207678202627e-02 
2016   6  24   2   0   0  1.1087768885408272e-02 
2016   6  24   2  30   0  1.0661133694644890e-02 
2016   6  24   3   0   0  1.0102568980378377e-02 
2016   6  24   3  30   0  9.8222636788492697e-03 
2016   6  24   4   0   0  1.0238308718765250e-02 
2016   6  24   4  30   0  1.0815858459626515e-02 
2016   6  24   5   0   0  9.4379528102086861e-03 
2016   6  24   5  30   0  8.3417970762549778e-03 
2016   6  24   6   0   0  8.2272377816873434e-03 
2016   6  24   6  30   0  7.7804763884153326e-03 
2016   6  24   7   0   0  7.4608822122847907e-03 
2016   6  24   7  30   0  7.3387658777802102e-03 
2016   6  24   8   0   0  6.5231282599213540e-03 
2016   6  24   8  30   0  6.3260268033753456e-03 
2016   6  24   9   0   0  5.9570757838947729e-03 
2016   6  24   9  30   0  6.2893435383572487e-03 
2016   6  24  10   0   0  6.5359333884124817e-03 
2016   6  24  10  30   0  6.4550283678032096e-03 
2016   6  24  11   0   0  6.4188420832237275e-03 
2016   6  24  11  30   0  5.6836941683716504e-03 
2016   6  24  12   0   0  6.7114032435663081e-03 
2016   6  24  12  30   0  7.0418901547998928e-03 
2016   6  24  13   0   0  6.7708982400269402e-03 
2016   6  24  13  30   0  6.4931441025993164e-03 
2016   6  24  14   0   0  7.3503380503391847e-03 
2016   6  24  14  30   0  8.2576934457297864e-03 
2016   6  24  15   0   0  8.0100637087090702e-03 
2016   6  24  15  30   0  7.5892552324229434e-03 
2016   6  24  16   0   0  7.3818933545862367e-03 
2016   6  24  16  30   0  7.6806627105352448e-03 
2016   6  24  17   0   0  8.4979181232669575e-03 
2016   6  24  17  30   0  8.2064148487858216e-03 
2016   6  24  18   0   0  7.8530462815187031e-03 
2016   6  24  18  30   0  7.2983487417236943e-03 
2016   6  24  19   0   0  7.1097941098990586e-03 
2016   6  24  19  30   0  7.4585565766929918e-03 
2016   6  24  20   0   0  7.8418651964022625e-03 
2016   6  24  20  30   0  9.4307331979857339e-03 
2016   6  24  21   0   0  9.8104203944586379e-03 
2016   6  24  21  30   0  1.0408900916325691e-02 
2016   6  24  22   0   0  1.0762196912600186e-02 
2016   6  24  22  30   0  1.1574516281277709e-02 
2016   6  24  23   0   0  1.1947805432451280e-02 
2016   6  24  23  30   0  1.3086765569020669e-02 
2016   6  25   0   0   0  1.4247904031051950e-02 
2016   6  25   0  30   0  1.7254145066225461e-02 
2016   6  25   1   0   0  1.6872649704023777e-02 
2016   6  25   1  30   0  1.6706592152829054e-02 
2016   6  25   2   0   0  1.8511515352309590e-02 
2016   6  25   2  30   0  1.8792110783853216e-02 
2016   6  25   3   0   0  1.7795390143685166e-02 
2016   6  25   3  30   0  1.8443711689085367e-02 
2016   6  25   4   0   0  1.7723994909252500e-02 
2016   6  25   4  30   0  1.7079999469145839e-02 
2016   6  25   5   0   0  1.8190715527959238e-02 
2016   6  25   5  30   0  1.9619834253759936e-02 
2016   6  25   6   0   0  1.8898355787012992e-02 
2016   6  25   6  30   0  1.8879190562242701e-02 
2016   6  25   7   0   0  1.6963344152930025e-02 
2016   6  25   7  30   0  1.6624389095149506e-02 
2016   6  25   8   0   0  1.6049428273632441e-02 
2016   6  25   8  30   0  1.6133570607555169e-02 
2016   6  25   9   0   0  1.7509881517734600e-02 
2016   6  25   9  30   0  1.5707076835944449e-02 
2016   6  25  10   0   0  1.5347682634055520e-02 
2016   6  25  10  30   0  1.4033231486075812e-02 
2016   6  25  11   0   0  1.3604563260283664e-02 
2016   6  25  11  30   0  1.3116882280943949e-02 
2016   6  25  12   0   0  1.1209428923166002e-02 
2016   6  25  12  30   0  1.0522592054360784e-02 
2016   6  25  13   0   0  9.4429810819357512e-03 
2016   6  25  13  30   0  8.7277302966878838e-03 
2016   6  25  14   0   0  9.4202350655038201e-03 
2016   6  25  14  30   0  9.3417505081843637e-03 
2016   6  25  15   0   0  9.4230664801044084e-03 
2016   6  25  15  30   0  9.6113717211243829e-03 
2016   6  25  16   0   0  9.6343584769925696e-03 
2016   6  25  16  30   0  9.7461544016118444e-03 
2016   6  25  17   0   0  9.3949943573108461e-03 
2016   6  25  17  30   0  9.6644552308793995e-03 
2016   6  25  18   0   0  9.9379057958118040e-03 
2016   6  25  18  30   0  8.9902949495924492e-03 
2016   6  25  19   0   0  8.5905502404908518e-03 
2016   6  25  19  30   0  9.0135678808698563e-03 
2016   6  25  20   0   0  7.9943174718717074e-03 
2016   6  25  20  30   0  7.8561127465313560e-03 
2016   6  25  21   0   0  8.8373630989882941e-03 
2016   6  25  21  30   0  9.0078818173678476e-03 
2016   6  25  22   0   0  9.1607788389234720e-03 
2016   6  25  22  30   0  9.2395149939850044e-03 
2016   6  25  23   0   0  8.9670312813838991e-03 
2016   6  25  23  30   0  8.8170337874542131e-03 
2016   6  26   0   0   0  8.6963475964525316e-03 
2016   6  26   0  30   0  9.0511319842670000e-03 
2016   6  26   1   0   0  8.8127408228433571e-03 
2016   6  26   1  30   0  8.7356511074348966e-03 
2016   6  26   2   0   0  8.7540132923905455e-03 
2016   6  26   2  30   0  8.6371052414060696e-03 
2016   6  26   3   0   0  8.6882172200794042e-03 
2016   6  26   3  30   0  8.1674998126176936e-03 
2016   6  26   4   0   0  8.0856276647549071e-03 
2016   6  26   4  30   0  8.1391584200461668e-03 
2016   6  26   5   0   0  8.2313203149357930e-03 
2016   6  26   5  30   0  8.5247069919505702e-03 
2016   6  26   6   0   0  8.8586820517355530e-03 
2016   6  26   6  30   0  8.9900433437871078e-03 
2016   6  26   7   0   0  9.1529311019964803e-03 
2016   6  26   7  30   0  8.8098763601906563e-03 
2016   6  26   8   0   0  8.6866514351038142e-03 
2016   6  26   8  30   0  8.0957369183352647e-03 
2016   6  26   9   0   0  8.1536151056517247e-03 
2016   6  26   9  30   0  7.9700928737906820e-03 
2016   6  26  10   0   0  7.2038718914575551e-03 
2016   6  26  10  30   0  6.7727345026609102e-03 
2016   6  26  11   0   0  6.5475589966086075e-03 
2016   6  26  11  30   0  5.8313872714564436e-03 
2016   6  26  12   0   0  5.7670295253752710e-03 
2016   6  26  12  30   0  5.5666453947372336e-03 
2016   6  26  13   0   0  5.3517022853207365e-03 
2016   6  26  13  30   0  5.3130791296787886e-03 
2016   6  26  14   0   0  5.4451480245014169e-03 
2016   6  26  14  30   0  5.6597387872593368e-03 
2016   6  26  15   0   0  5.6316952838240753e-03 
2016   6  26  15  30   0  5.5188409241392396e-03 
2016   6  26  16   0   0  5.4941879278089722e-03 
2016   6  26  16  30   0  5.5546337048424628e-03 
2016   6  26  17   0   0  5.5655929165161567e-03 
2016   6  26  17  30   0  5.3824872554972397e-03 
2016   6  26  18   0   0  5.4515588539375418e-03 
2016   6  26  18  30   0  5.6198639978386261e-03 
2016   6  26  19   0   0  5.5905688309922600e-03 
2016   6  26  19  30   0  5.5079397134775547e-03 
2016   6  26  20   0   0  5.2248465500222144e-03 
2016   6  26  20  30   0  4.9430716573085464e-03 
2016   6  26  21   0   0  5.0709494688931985e-03 
2016   6  26  21  30   0  5.1287933458275883e-03 
2016   6  26  22   0   0  5.3037691823830608e-03 
2016   6  26  22  30   0  5.3837176312584254e-03 
2016   6  26  23   0   0  5.2931787327009311e-03 
2016   6  26  23  30   0  5.1849161626986969e-03 
2016   6  27   0   0   0  4.6904433761170905e-03 
2016   6  27   0  30   0  4.6036133714626856e-03 
2016   6  27   1   0   0  4.4792853368320089e-03 
2016   6  27   1  30   0  4.4571339663213635e-03 
2016   6  27   2   0   0  4.4507702023562634e-03 
2016   6  27   2  30   0  4.9175720305339992e-03 
2016   6  27   3   0   0  5.2391807652993226e-03 
2016   6  27   3  30   0  5.4737964507770385e-03 
2016   6  27   4   0   0  5.3629730839984376e-03 
2016   6  27   4  30   0  5.1313817315370323e-03 
2016   6  27   5   0   0  5.0729947546899919e-03 
2016   6  27   5  30   0  5.0993643198179069e-03 
2016   6  27   6   0   0  5.1610681260696491e-03 
2016   6  27   6  30   0  5.1611308332235838e-03 
2016   6  27   7   0   0  5.0820504482392056e-03 
2016   6  27   7  30   0  4.8758575252098434e-03 
2016   6  27   8   0   0  4.7459933238280603e-03 
2016   6  27   8  30   0  4.8033966054936783e-03 
2016   6  27   9   0   0  4.9018060183299008e-03 
2016   6  27   9  30   0  5.0418306013678476e-03 
2016   6  27  10   0   0  5.1209829387951758e-03 
2016   6  27  10  30   0  5.1632726718599028e-03 
2016   6  27  11   0   0  5.2092049183526373e-03 
2016   6  27  11  30   0  5.2222313527546154e-03 
2016   6  27  12   0   0  5.4043229192240185e-03 
2016   6  27  12  30   0  5.7677113368316711e-03 
2016   6  27  13   0   0  6.3766989601902581e-03 
2016   6  27  13  30   0  7.0087368092167004e-03 
2016   6  27  14   0   0  7.0413219638736620e-03 
2016   6  27  14  30   0  7.1886208002828415e-03 
2016   6  27  15   0   0  7.7916547106013237e-03 
2016   6  27  15  30   0  7.2727284085666189e-03 
2016   6  27  16   0   0  6.3888962870030236e-03 
2016   6  27  16  30   0  6.7040934250521015e-03 
2016   6  27  17   0   0  6.7848447542291591e-03 
2016   6  27  17  30   0  7.6672838983524666e-03 
2016   6  27  18   0   0  9.6866618188555052e-03 
2016   6  27  18  30   0  9.4406091184962623e-03 
2016   6  27  19   0   0  7.4009775669096065e-03 
2016   6  27  19  30   0  6.8322200074309473e-03 
2016   6  27  20   0   0  6.6871992730348434e-03 
2016   6  27  20  30   0  4.5613668283270258e-03 
2016   6  27  21   0   0  3.7231815593186742e-03 
2016   6  27  21  30   0  4.2666667563938301e-03 
2016   6  27  22   0   0  4.5477005314010395e-03 
2016   6  27  22  30   0  4.3553938567581869e-03 
2016   6  27  23   0   0  4.0129478201849384e-03 
2016   6  27  23  30   0  4.0930283838251560e-03 
2016   6  28   0   0   0  5.1622398576900526e-03 
2016   6  28   0  30   0  5.1068822114201870e-03 
2016   6  28   1   0   0  4.7793532639079199e-03 
2016   6  28   1  30   0  4.9472260927211787e-03 
2016   6  28   2   0   0  5.9445865322878605e-03 
2016   6  28   2  30   0  6.7968776203653301e-03 
2016   6  28   3   0   0  7.1722316005396669e-03 
2016   6  28   3  30   0  7.7842668849360998e-03 
2016   6  28   4   0   0  7.7647303548092498e-03 
2016   6  28   4  30   0  8.0358588541814182e-03 
2016   6  28   5   0   0  7.3843131346164543e-03 
2016   6  28   5  30   0  8.1537046816860560e-03 
2016   6  28   6   0   0  8.6916327195621871e-03 
2016   6  28   6  30   0  9.4131361027016396e-03 
2016   6  28   7   0   0  1.0079142329077556e-02 
2016   6  28   7  30   0  1.0244426473934476e-02 
2016   6  28   8   0   0  9.5914950875982136e-03 
2016   6  28   8  30   0  9.9428927846167935e-03 
2016   6  28   9   0   0  9.0952906686504603e-03 
2016   6  28   9  30   0  8.5564398001839580e-03 
2016   6  28  10   0   0  7.5557947722011739e-03 
2016   6  28  10  30   0  6.3175813196856478e-03 
2016   6  28  11   0   0  6.0281166517782087e-03 
2016   6  28  11  30   0  6.5527806914926906e-03 
2016   6  28  12   0   0  7.0594144282104905e-03 
2016   6  28  12  30   0  6.1330820589123756e-03 
2016   6  28  13   0   0  5.8749899834480293e-03 
2016   6  28  13  30   0  6.2623256769419123e-03 
2016   6  28  14   0   0  6.4233625531705434e-03 
2016   6  28  14  30   0  6.8608212494404332e-03 
2016   6  28  15   0   0  7.7933506175907174e-03 
2016   6  28  15  30   0  7.9975121397265654e-03 
2016   6  28  16   0   0  8.2119091464428161e-03 
2016   6  28  16  30   0  9.0227382457582772e-03 
2016   6  28  17   0   0  1.0179535974819354e-02 
2016   6  28  17  30   0  9.6957336581510092e-03 
2016   6  28  18   0   0  1.0019711310463550e-02 
2016   6  28  18  30   0  8.0017859465388273e-03 
2016   6  28  19   0   0  7.9137830773515494e-03 
2016   6  28  19  30   0  7.6809975264699216e-03 
2016   6  28  20   0   0  7.6252013854048971e-03 
2016   6  28  20  30   0  7.4532759297699517e-03 
2016   6  28  21   0   0  8.1033349331028712e-03 
2016   6  28  21  30   0  8.5257865389221539e-03 
2016   6  28  22   0   0  8.7638091564614315e-03 
2016   6  28  22  30   0  9.0916188206345890e-03 
2016   6  28  23   0   0  9.1601734567156052e-03 
2016   6  28  23  30   0  8.9255662504093940e-03 
2016   6  29   0   0   0  8.8787247649177760e-03 
2016   6  29   0  30   0  8.8586810821509893e-03 
2016   6  29   1   0   0  8.9952079493716922e-03 
2016   6  29   1  30   0  9.0190605635150026e-03 
2016   6  29   2   0   0  8.9377737286756749e-03 
2016   6  29   2  30   0  9.0189994796799223e-03 
2016   6  29   3   0   0  9.1108240620287172e-03 
2016   6  29   3  30   0  9.1391865101955235e-03 
2016   6  29   4   0   0  9.0930039146233863e-03 
2016   6  29   4  30   0  8.9729296678734433e-03 
2016   6  29   5   0   0  8.7607319292242383e-03 
2016   6  29   5  30   0  9.3303882967319535e-03 
2016   6  29   6   0   0  1.3276626866414461e-02 
2016   6  29   6  30   0  1.6295838053528338e-02 
2016   6  29   7   0   0  1.0738721743197385e-02 
2016   6  29   7  30   0  9.7795894820153946e-03 
2016   6  29   8   0   0  8.1580316625530676e-03 
2016   6  29   8  30   0  7.7370159576688174e-03 
2016   6  29   9   0   0  6.3211040029177573e-03 
2016   6  29   9  30   0  6.4211608392358843e-03 
2016   6  29  10   0   0  6.3891384535290649e-03 
2016   6  29  10  30   0  6.4461271688286944e-03 
2016   6  29  11   0   0  6.6117792978555995e-03 
2016   6  29  11  30   0  6.8032096200574353e-03 
2016   6  29  12   0   0  4.7242565379394044e-03 
2016   6  29  12  30   0  6.6034029856729091e-03 
2016   6  29  13   0   0  6.9906063397408257e-03 
2016   6  29  13  30   0  7.4103770987723914e-03 
2016   6  29  14   0   0  8.0260247950873723e-03 
2016   6  29  14  30   0  5.8815332857374619e-03 
2016   6  29  15   0   0  5.7025195973399202e-03 
2016   6  29  15  30   0  6.0560931513610168e-03 
2016   6  29  16   0   0  6.1238432965819633e-03 
2016   6  29  16  30   0  6.0057025915790825e-03 
2016   6  29  17   0   0  6.3815154635774420e-03 
2016   6  29  17  30   0  7.0161977771515099e-03 
2016   6  29  18   0   0  6.7495900020175378e-03 
2016   6  29  18  30   0  7.0158949895138137e-03 
2016   6  29  19   0   0  7.1977523306963461e-03 
2016   6  29  19  30   0  7.7455165683426603e-03 
2016   6  29  20   0   0  8.0874684419726950e-03 
2016   6  29  20  30   0  8.3896280220442914e-03 
2016   6  29  21   0   0  8.8980874467000440e-03 
2016   6  29  21  30   0  9.2917742470962888e-03 
2016   6  29  22   0   0  9.8574436518044945e-03 
2016   6  29  22  30   0  9.7699830326952956e-03 
2016   6  29  23   0   0  9.8709898305790224e-03 
2016   6  29  23  30   0  9.6957114477088779e-03 
2016   6  30   0   0   0  9.2107283467665526e-03 
2016   6  30   0  30   0  9.2489788587395445e-03 
2016   6  30   1   0   0  9.4319438406001137e-03 
2016   6  30   1  30   0  9.7567369599627050e-03 
2016   6  30   2   0   0  9.7049390384551567e-03 
2016   6  30   2  30   0  9.7997517334310665e-03 
2016   6  30   3   0   0  9.6889295454139508e-03 
2016   6  30   3  30   0  9.7096026396158112e-03 
2016   6  30   4   0   0  1.0523206980025094e-02 
2016   6  30   4  30   0  1.0453424005688999e-02 
2016   6  30   5   0   0  1.2236994649038926e-02 
2016   6  30   5  30   0  1.3413804882949049e-02 
2016   6  30   6   0   0  1.1158424904021859e-02 
2016   6  30   6  30   0  1.0481918233527183e-02 
2016   6  30   7   0   0  9.1748931165066758e-03 
2016   6  30   7  30   0  8.8824191393354381e-03 
2016   6  30   8   0   0  1.0063419882903818e-02 
2016   6  30   8  30   0  1.0712504348918012e-02 
2016   6  30   9   0   0  1.1434670110125751e-02 
2016   6  30   9  30   0  1.2102538786240515e-02 
2016   6  30  10   0   0  1.3095694418822102e-02 
2016   6  30  10  30   0  1.1194086737201488e-02 
2016   6  30  11   0   0  1.0785796709139726e-02 
2016   6  30  11  30   0  1.1075160977276883e-02 
2016   6  30  12   0   0  1.0994081605310662e-02 
2016   6  30  12  30   0  1.1210709591132018e-02 
2016   6  30  13   0   0  8.9939633941842918e-03 
2016   6  30  13  30   0  9.3062720485466901e-03 
2016   6  30  14   0   0  9.4740947067860921e-03 
2016   6  30  14  30   0  8.7476631987555790e-03 
2016   6  30  15   0   0  9.3553214775058142e-03 
2016   6  30  15  30   0  9.6954843032860394e-03 
2016   6  30  16   0   0  1.0008044016335267e-02 
2016   6  30  16  30   0  9.9114774872334985e-03 
2016   6  30  17   0   0  1.0304839318336291e-02 
2016   6  30  17  30   0  9.5877336490547502e-03 
2016   6  30  18   0   0  1.0773291477344248e-02 
2016   6  30  18  30   0  9.9620156771417969e-03 
2016   6  30  19   0   0  9.6045393613066587e-03 
2016   6  30  19  30   0  9.2078805945152355e-03 
2016   6  30  20   0   0  1.1277477981743665e-02 
2016   6  30  20  30   0  1.0444677314130849e-02 
2016   6  30  21   0   0  9.1016300415253642e-03 
2016   6  30  21  30   0  6.8739562975962346e-03 
2016   6  30  22   0   0  6.1028404122464063e-03 
2016   6  30  22  30   0  6.0240921991557657e-03 
2016   6  30  23   0   0  6.1031581193905253e-03 
2016   6  30  23  30   0  6.3020080017773027e-03 
2016   7   1   0   0   0  6.3020080017773027e-03 
