   0   0   0   0   0   0  0.000495 
2016   7   1   0   0   0  4.9542105790443571e-04 
2016   7   1   0  30   0  5.1845794008226838e-04 
2016   7   1   1   0   0  5.4263428816288511e-04 
2016   7   1   1  30   0  5.5936355157523330e-04 
2016   7   1   2   0   0  5.6608693896301133e-04 
2016   7   1   2  30   0  5.8902677618713408e-04 
2016   7   1   3   0   0  6.0639368466660368e-04 
2016   7   1   3  30   0  5.9589037576971207e-04 
2016   7   1   4   0   0  5.8443073711419860e-04 
2016   7   1   4  30   0  5.6793590913776658e-04 
2016   7   1   5   0   0  5.4590079010086200e-04 
2016   7   1   5  30   0  5.3571477920208303e-04 
2016   7   1   6   0   0  5.4375896017446758e-04 
2016   7   1   6  30   0  5.6245777941828679e-04 
2016   7   1   7   0   0  5.7637008136211918e-04 
2016   7   1   7  30   0  5.6729112085984214e-04 
2016   7   1   8   0   0  5.5942403610537129e-04 
2016   7   1   8  30   0  5.4733895708419106e-04 
2016   7   1   9   0   0  5.4539253939101277e-04 
2016   7   1   9  30   0  5.6672573654782048e-04 
2016   7   1  10   0   0  5.6375799947667299e-04 
2016   7   1  10  30   0  5.5590273337423931e-04 
2016   7   1  11   0   0  5.6900384611059251e-04 
2016   7   1  11  30   0  5.6531789936943512e-04 
2016   7   1  12   0   0  5.2290811818580662e-04 
2016   7   1  12  30   0  5.2509099386345516e-04 
2016   7   1  13   0   0  5.3165406999796088e-04 
2016   7   1  13  30   0  5.1031827554261471e-04 
2016   7   1  14   0   0  5.2207698068950585e-04 
2016   7   1  14  30   0  5.3307490064467930e-04 
2016   7   1  15   0   0  5.1962613105923522e-04 
2016   7   1  15  30   0  5.4745673955345720e-04 
2016   7   1  16   0   0  5.6406344420141617e-04 
2016   7   1  16  30   0  5.7780249623403594e-04 
2016   7   1  17   0   0  6.0781227857886397e-04 
2016   7   1  17  30   0  6.0758850941958827e-04 
2016   7   1  18   0   0  6.1235819593985366e-04 
2016   7   1  18  30   0  6.0566291706258156e-04 
2016   7   1  19   0   0  6.0819783043244383e-04 
2016   7   1  19  30   0  5.9352679035774988e-04 
2016   7   1  20   0   0  5.9024964222429538e-04 
2016   7   1  20  30   0  6.2002543044582825e-04 
2016   7   1  21   0   0  6.4362720958732484e-04 
2016   7   1  21  30   0  6.5614680250156631e-04 
2016   7   1  22   0   0  6.5782166533708106e-04 
2016   7   1  22  30   0  6.4994248956940588e-04 
2016   7   1  23   0   0  6.7845306741781805e-04 
2016   7   1  23  30   0  7.0719231608155095e-04 
2016   7   2   0   0   0  7.4115427320283313e-04 
2016   7   2   0  30   0  7.6608339368202164e-04 
2016   7   2   1   0   0  7.9279604852529448e-04 
2016   7   2   1  30   0  8.2317652532660362e-04 
2016   7   2   2   0   0  8.2835636823744383e-04 
2016   7   2   2  30   0  8.3473145948143154e-04 
2016   7   2   3   0   0  8.3830652563613079e-04 
2016   7   2   3  30   0  8.4281582225454756e-04 
2016   7   2   4   0   0  8.4731325581946970e-04 
2016   7   2   4  30   0  8.5205457908587592e-04 
2016   7   2   5   0   0  8.4029964130242737e-04 
2016   7   2   5  30   0  8.2089233632128868e-04 
2016   7   2   6   0   0  8.2120233293160865e-04 
2016   7   2   6  30   0  8.2043937178367964e-04 
2016   7   2   7   0   0  7.8503080490536690e-04 
2016   7   2   7  30   0  7.5958500546145227e-04 
2016   7   2   8   0   0  7.7315717257638342e-04 
2016   7   2   8  30   0  6.4173528546358435e-04 
2016   7   2   9   0   0  4.6711492988770961e-04 
2016   7   2   9  30   0  3.7880331104427404e-04 
2016   7   2  10   0   0  2.6708000302864173e-04 
2016   7   2  10  30   0  1.7906967022017237e-04 
2016   7   2  11   0   0  8.6238174934243411e-05 
2016   7   2  11  30   0  8.6258238052715184e-06 
2016   7   2  12   0   0  3.3252189580829794e-05 
2016   7   2  12  30   0  8.3715324322066982e-06 
2016   7   2  13   0   0  8.6125909454401226e-06 
2016   7   2  13  30   0  8.5361193577713651e-06 
2016   7   2  14   0   0  8.4402866616962392e-06 
2016   7   2  14  30   0  8.2841722786335559e-06 
2016   7   2  15   0   0  8.6014758973178752e-06 
2016   7   2  15  30   0  8.6202544748311427e-06 
2016   7   2  16   0   0  8.5549839600075730e-06 
2016   7   2  16  30   0  8.2323330593996163e-06 
2016   7   2  17   0   0  9.0070746122827510e-06 
2016   7   2  17  30   0  9.8893887275963273e-06 
2016   7   2  18   0   0  1.0727437974964580e-05 
2016   7   2  18  30   0  2.0578968299594367e-05 
2016   7   2  19   0   0  3.9686483112815756e-05 
2016   7   2  19  30   0  1.2632595637997989e-05 
2016   7   2  20   0   0  9.9179837594549851e-05 
2016   7   2  20  30   0  2.1075309431891731e-04 
2016   7   2  21   0   0  2.6252254154287609e-04 
2016   7   2  21  30   0  3.3136239006584440e-04 
2016   7   2  22   0   0  5.4783252702008040e-04 
2016   7   2  22  30   0  1.0414883297670140e-03 
2016   7   2  23   0   0  1.1061679122522138e-03 
2016   7   2  23  30   0  1.1273957174641335e-03 
2016   7   3   0   0   0  8.3213004548384915e-04 
2016   7   3   0  30   0  7.6330062273411532e-04 
2016   7   3   1   0   0  7.5209092420448959e-04 
2016   7   3   1  30   0  7.2406816464481527e-04 
2016   7   3   2   0   0  6.8009203742298884e-04 
2016   7   3   2  30   0  6.3987381840430787e-04 
2016   7   3   3   0   0  5.9277741729920231e-04 
2016   7   3   3  30   0  6.1663518358261507e-04 
2016   7   3   4   0   0  6.0855506807150903e-04 
2016   7   3   4  30   0  6.0661897095099567e-04 
2016   7   3   5   0   0  5.4633244601532630e-04 
2016   7   3   5  30   0  5.1188840906656963e-04 
2016   7   3   6   0   0  4.3932396669916390e-04 
2016   7   3   6  30   0  4.8063391940277879e-04 
2016   7   3   7   0   0  5.6800174146420714e-04 
2016   7   3   7  30   0  4.1639314547415289e-04 
2016   7   3   8   0   0  1.8071238725876073e-04 
2016   7   3   8  30   0  1.0333689509190091e-04 
2016   7   3   9   0   0  9.6782340817270452e-05 
2016   7   3   9  30   0  6.9555781687444246e-05 
2016   7   3  10   0   0  6.6275997937337758e-05 
2016   7   3  10  30   0  6.8576099221618161e-05 
2016   7   3  11   0   0  5.9131892328974898e-05 
2016   7   3  11  30   0  3.9179808635438400e-05 
2016   7   3  12   0   0  3.4242174754544557e-05 
2016   7   3  12  30   0  1.0070717016232839e-05 
2016   7   3  13   0   0  3.9161317132276010e-06 
2016   7   3  13  30   0  4.1113374826513820e-06 
2016   7   3  14   0   0  4.3970990603493979e-06 
2016   7   3  14  30   0  4.6124378560284944e-06 
2016   7   3  15   0   0  4.8122326819342203e-06 
2016   7   3  15  30   0  5.0463871904267869e-06 
2016   7   3  16   0   0  5.2860274622414965e-06 
2016   7   3  16  30   0  5.4221401690601779e-06 
2016   7   3  17   0   0  5.4595413162657951e-06 
2016   7   3  17  30   0  4.8906707460377370e-06 
2016   7   3  18   0   0  4.6390798068168752e-06 
2016   7   3  18  30   0  4.5651218752698795e-06 
2016   7   3  19   0   0  4.1170244483368950e-06 
2016   7   3  19  30   0  3.7664086357749315e-06 
2016   7   3  20   0   0  3.6296126947905003e-06 
2016   7   3  20  30   0  3.5951812578893249e-06 
2016   7   3  21   0   0  3.4773564269718526e-06 
2016   7   3  21  30   0  2.1317874684793371e-05 
2016   7   3  22   0   0  4.5251352224813651e-05 
2016   7   3  22  30   0  5.2333443831736502e-05 
2016   7   3  23   0   0  7.3587199626265644e-05 
2016   7   3  23  30   0  1.0774641490675642e-04 
2016   7   4   0   0   0  1.4779861092419088e-04 
2016   7   4   0  30   0  1.8113930656160987e-04 
2016   7   4   1   0   0  2.1248631734699407e-04 
2016   7   4   1  30   0  2.4811767689491377e-04 
2016   7   4   2   0   0  2.6954600195963510e-04 
2016   7   4   2  30   0  2.9665762407721973e-04 
2016   7   4   3   0   0  3.2361805610932657e-04 
2016   7   4   3  30   0  3.1486646730655279e-04 
2016   7   4   4   0   0  2.9805576116021746e-04 
2016   7   4   4  30   0  2.7541092080742100e-04 
2016   7   4   5   0   0  2.0991245301233303e-04 
2016   7   4   5  30   0  1.7170536113775457e-04 
2016   7   4   6   0   0  1.6723883739437482e-04 
2016   7   4   6  30   0  1.2594790819575786e-04 
2016   7   4   7   0   0  1.3375367721908674e-04 
2016   7   4   7  30   0  7.6745262103593439e-05 
2016   7   4   8   0   0  5.3764141736421308e-05 
2016   7   4   8  30   0  3.5883308440909893e-05 
2016   7   4   9   0   0  2.6559181747085129e-05 
2016   7   4   9  30   0  1.2264056114475715e-05 
2016   7   4  10   0   0  2.0319742785604502e-06 
2016   7   4  10  30   0  2.0817691761242844e-06 
2016   7   4  11   0   0  2.1832658080476574e-06 
2016   7   4  11  30   0  2.4730919169192124e-06 
2016   7   4  12   0   0  2.7412997700690532e-06 
2016   7   4  12  30   0  2.9584191584565840e-06 
2016   7   4  13   0   0  3.0078042015534832e-06 
2016   7   4  13  30   0  3.0678027520308832e-06 
2016   7   4  14   0   0  3.3282829313447750e-06 
2016   7   4  14  30   0  3.6720522357769092e-06 
2016   7   4  15   0   0  3.6170124004367488e-06 
2016   7   4  15  30   0  3.6770942930226025e-06 
2016   7   4  16   0   0  3.7870879862827171e-06 
2016   7   4  16  30   0  4.0025549442785210e-06 
2016   7   4  17   0   0  3.8890563367847919e-06 
2016   7   4  17  30   0  3.9820676229025026e-06 
2016   7   4  18   0   0  4.2127349606959927e-06 
2016   7   4  18  30   0  4.5578247480970185e-06 
2016   7   4  19   0   0  4.8894896479558841e-06 
2016   7   4  19  30   0  5.1255631340561701e-06 
2016   7   4  20   0   0  5.0177970673233973e-06 
2016   7   4  20  30   0  5.1435238292721228e-06 
2016   7   4  21   0   0  5.1711664931843983e-06 
2016   7   4  21  30   0  4.9846507006449125e-06 
2016   7   4  22   0   0  4.7964812884372423e-06 
2016   7   4  22  30   0  6.2105278809770941e-05 
2016   7   4  23   0   0  1.2655922876034153e-04 
2016   7   4  23  30   0  1.9456986420030340e-04 
2016   7   5   0   0   0  1.5588806490030453e-04 
2016   7   5   0  30   0  1.7541632362558910e-04 
2016   7   5   1   0   0  1.6867351105374914e-04 
2016   7   5   1  30   0  1.9301758868729832e-04 
2016   7   5   2   0   0  1.9148224317368064e-04 
2016   7   5   2  30   0  1.6132263953832327e-04 
2016   7   5   3   0   0  1.7663006114324994e-04 
2016   7   5   3  30   0  2.0039159767734705e-04 
2016   7   5   4   0   0  2.2689855958718647e-04 
2016   7   5   4  30   0  2.4406307591786012e-04 
2016   7   5   5   0   0  2.0775787977746026e-04 
2016   7   5   5  30   0  1.7956124874778112e-04 
2016   7   5   6   0   0  1.4798967517884546e-04 
2016   7   5   6  30   0  1.2170175776908719e-04 
2016   7   5   7   0   0  1.0619344280949436e-04 
2016   7   5   7  30   0  7.2367925515848510e-05 
2016   7   5   8   0   0  3.1819473317588799e-05 
2016   7   5   8  30   0  3.3569553566518724e-06 
2016   7   5   9   0   0  3.3076425787619950e-06 
2016   7   5   9  30   0  3.2672339971270285e-06 
2016   7   5  10   0   0  3.0274415060831088e-06 
2016   7   5  10  30   0  2.8947849676710987e-06 
2016   7   5  11   0   0  2.8820008737833672e-06 
2016   7   5  11  30   0  2.8026641001677444e-06 
2016   7   5  12   0   0  2.8171230177981401e-06 
2016   7   5  12  30   0  2.6933749062088615e-06 
2016   7   5  13   0   0  2.5387031840183214e-06 
2016   7   5  13  30   0  2.5410780621488444e-06 
2016   7   5  14   0   0  2.4375496595532626e-06 
2016   7   5  14  30   0  2.3236407224888924e-06 
2016   7   5  15   0   0  2.1272765694802685e-06 
2016   7   5  15  30   0  2.0878392605217887e-06 
2016   7   5  16   0   0  2.0373300457275589e-06 
2016   7   5  16  30   0  2.1078918247263966e-06 
2016   7   5  17   0   0  2.2780711727518716e-06 
2016   7   5  17  30   0  2.3972219041612953e-06 
2016   7   5  18   0   0  2.6172341282411954e-06 
2016   7   5  18  30   0  2.8225686200918975e-06 
2016   7   5  19   0   0  2.6722763355492848e-06 
2016   7   5  19  30   0  2.8354709796723672e-06 
2016   7   5  20   0   0  2.9060506118025723e-06 
2016   7   5  20  30   0  2.4582019404813924e-06 
2016   7   5  21   0   0  7.1709034238627171e-06 
2016   7   5  21  30   0  3.1467551642041361e-05 
2016   7   5  22   0   0  3.9129267623490932e-05 
2016   7   5  22  30   0  4.1109827779763208e-05 
2016   7   5  23   0   0  4.7009366171554812e-05 
2016   7   5  23  30   0  4.1877335918490417e-05 
2016   7   6   0   0   0  1.6223251088752919e-05 
2016   7   6   0  30   0  2.4146950238448785e-05 
2016   7   6   1   0   0  4.0578947538301927e-05 
2016   7   6   1  30   0  5.7602543015919524e-05 
2016   7   6   2   0   0  6.6532917410041522e-05 
2016   7   6   2  30   0  7.2342875161211098e-05 
2016   7   6   3   0   0  7.4279282844934850e-05 
2016   7   6   3  30   0  8.6518209912717539e-05 
2016   7   6   4   0   0  9.0299619726370777e-05 
2016   7   6   4  30   0  8.8614473036255310e-05 
2016   7   6   5   0   0  8.0303091822171862e-05 
2016   7   6   5  30   0  6.5815388026388709e-05 
2016   7   6   6   0   0  6.5332169781197474e-05 
2016   7   6   6  30   0  7.9245842369666538e-05 
2016   7   6   7   0   0  4.6577174054582573e-05 
2016   7   6   7  30   0  1.7697071825208985e-05 
2016   7   6   8   0   0  3.0183475887912844e-06 
2016   7   6   8  30   0  2.4710551698370187e-06 
2016   7   6   9   0   0  2.4388561416144065e-06 
2016   7   6   9  30   0  2.5377229267557434e-06 
2016   7   6  10   0   0  2.4904392692653982e-06 
2016   7   6  10  30   0  2.2978367738610062e-06 
2016   7   6  11   0   0  2.0361335668964792e-06 
2016   7   6  11  30   0  1.9007093182600122e-06 
2016   7   6  12   0   0  1.9622539499293442e-06 
2016   7   6  12  30   0  2.0887390701651850e-06 
2016   7   6  13   0   0  2.0278558582356118e-06 
2016   7   6  13  30   0  1.8533850456675303e-06 
2016   7   6  14   0   0  1.7268529094406982e-06 
2016   7   6  14  30   0  1.5965833665238644e-06 
2016   7   6  15   0   0  1.4890114262327024e-06 
2016   7   6  15  30   0  1.6565233099427175e-06 
2016   7   6  16   0   0  1.6376893093138840e-06 
2016   7   6  16  30   0  1.7593853093354308e-06 
2016   7   6  17   0   0  1.6654117561016417e-06 
2016   7   6  17  30   0  1.4624254911168706e-06 
2016   7   6  18   0   0  1.1341673915458740e-06 
2016   7   6  18  30   0  1.1042955668578139e-06 
2016   7   6  19   0   0  1.0544822915778783e-06 
2016   7   6  19  30   0  7.7871677988356531e-07 
2016   7   6  20   0   0  8.5890395686464604e-07 
2016   7   6  20  30   0  1.0398953854207745e-05 
2016   7   6  21   0   0  1.0952903500532600e-05 
2016   7   6  21  30   0  3.3044846813437403e-05 
2016   7   6  22   0   0  5.3492326460557828e-05 
2016   7   6  22  30   0  6.6654782245531265e-05 
2016   7   6  23   0   0  7.0103459180143672e-05 
2016   7   6  23  30   0  8.6843658435281553e-05 
2016   7   7   0   0   0  8.3772191182976212e-05 
2016   7   7   0  30   0  8.9250974646611710e-05 
2016   7   7   1   0   0  9.1889301255492775e-05 
2016   7   7   1  30   0  1.0184901626317359e-04 
2016   7   7   2   0   0  1.1112176926919217e-04 
2016   7   7   2  30   0  1.0351013011711618e-04 
2016   7   7   3   0   0  9.7977016829619418e-05 
2016   7   7   3  30   0  9.1304590962249925e-05 
2016   7   7   4   0   0  7.6596029860018493e-05 
2016   7   7   4  30   0  5.9937255165101395e-05 
2016   7   7   5   0   0  3.1492340541602509e-05 
2016   7   7   5  30   0  2.5834248178115002e-05 
2016   7   7   6   0   0  2.1350541388195102e-05 
2016   7   7   6  30   0  9.5445448901499298e-06 
2016   7   7   7   0   0  6.9433961395667167e-06 
2016   7   7   7  30   0  7.8050765025625931e-06 
2016   7   7   8   0   0  6.4133674807482150e-07 
2016   7   7   8  30   0  5.4288841916236568e-07 
2016   7   7   9   0   0  5.8072458716575539e-07 
2016   7   7   9  30   0  6.1210915371024135e-07 
2016   7   7  10   0   0  8.7247305685137113e-07 
2016   7   7  10  30   0  1.0472323343348326e-06 
2016   7   7  11   0   0  1.2416620602302250e-06 
2016   7   7  11  30   0  1.3710186327601658e-06 
2016   7   7  12   0   0  1.6323131560990805e-06 
2016   7   7  12  30   0  1.8915229669517054e-06 
2016   7   7  13   0   0  1.8981774511110551e-06 
2016   7   7  13  30   0  1.8849243973512441e-06 
2016   7   7  14   0   0  1.8994024953095628e-06 
2016   7   7  14  30   0  1.9414408555463996e-06 
2016   7   7  15   0   0  1.9210375256781866e-06 
2016   7   7  15  30   0  1.3121559436411265e-06 
2016   7   7  16   0   0  1.0663981573184976e-06 
2016   7   7  16  30   0  1.3289078386889461e-06 
2016   7   7  17   0   0  1.3884571981940977e-06 
2016   7   7  17  30   0  1.3561072492522612e-06 
2016   7   7  18   0   0  1.2743353459615857e-06 
2016   7   7  18  30   0  1.4034546385218182e-06 
2016   7   7  19   0   0  1.5813139662303964e-06 
2016   7   7  19  30   0  1.7641877167468407e-06 
2016   7   7  20   0   0  1.9762431057526182e-06 
2016   7   7  20  30   0  2.1333346179934787e-06 
2016   7   7  21   0   0  2.1935249225611392e-06 
2016   7   7  21  30   0  2.0675125438782910e-06 
2016   7   7  22   0   0  2.1268275102453263e-06 
2016   7   7  22  30   0  2.5378332192411524e-06 
2016   7   7  23   0   0  2.4994923584741936e-06 
2016   7   7  23  30   0  2.7674428371210751e-06 
2016   7   8   0   0   0  2.9397594885025398e-06 
2016   7   8   0  30   0  2.9685394889178171e-06 
2016   7   8   1   0   0  3.0479687922382629e-06 
2016   7   8   1  30   0  3.1357341747688785e-06 
2016   7   8   2   0   0  3.1958704959842883e-06 
2016   7   8   2  30   0  3.3314004072353543e-06 
2016   7   8   3   0   0  9.7297803404289839e-06 
2016   7   8   3  30   0  2.4345105455212432e-05 
2016   7   8   4   0   0  5.5357620547250662e-05 
2016   7   8   4  30   0  1.1199923514742474e-04 
2016   7   8   5   0   0  3.3472883145126122e-05 
2016   7   8   5  30   0  1.7503386504419918e-05 
2016   7   8   6   0   0  1.5419487083447855e-06 
2016   7   8   6  30   0  1.6205454889361883e-06 
2016   7   8   7   0   0  1.7709059732593573e-06 
2016   7   8   7  30   0  1.8149959268968811e-06 
2016   7   8   8   0   0  1.9623726002059473e-06 
2016   7   8   8  30   0  2.0027168516994211e-06 
2016   7   8   9   0   0  1.9990198209258669e-06 
2016   7   8   9  30   0  2.1550425237719658e-06 
2016   7   8  10   0   0  2.3142450568212308e-06 
2016   7   8  10  30   0  1.9231926136585701e-06 
2016   7   8  11   0   0  1.6462521415955452e-06 
2016   7   8  11  30   0  1.5075867378288694e-06 
2016   7   8  12   0   0  1.2192856783492887e-06 
2016   7   8  12  30   0  1.1350958095888004e-06 
2016   7   8  13   0   0  1.2877112220687065e-06 
2016   7   8  13  30   0  1.5550744178530200e-06 
2016   7   8  14   0   0  1.6962184516630399e-06 
2016   7   8  14  30   0  1.7030045104381319e-06 
2016   7   8  15   0   0  1.7305707540456674e-06 
2016   7   8  15  30   0  1.6194986052902448e-06 
2016   7   8  16   0   0  1.7638407444587881e-06 
2016   7   8  16  30   0  1.9550575157171572e-06 
2016   7   8  17   0   0  2.0460422470345247e-06 
2016   7   8  17  30   0  1.8796354708005837e-06 
2016   7   8  18   0   0  1.5624557109801809e-06 
2016   7   8  18  30   0  1.4352951576163352e-06 
2016   7   8  19   0   0  1.5084606393904168e-06 
2016   7   8  19  30   0  1.3683187819732884e-06 
2016   7   8  20   0   0  1.4267151384292184e-06 
2016   7   8  20  30   0  1.2429231655673095e-06 
2016   7   8  21   0   0  1.1943658843093712e-06 
2016   7   8  21  30   0  2.9144797805434565e-06 
2016   7   8  22   0   0  5.6372833334363675e-06 
2016   7   8  22  30   0  2.1714225459089494e-05 
2016   7   8  23   0   0  1.7758106596037212e-05 
2016   7   8  23  30   0  1.5618769803472718e-05 
2016   7   9   0   0   0  1.6997757291823011e-05 
2016   7   9   0  30   0  2.1679415578290646e-05 
2016   7   9   1   0   0  2.8874444843494050e-05 
2016   7   9   1  30   0  3.9818930752516127e-05 
2016   7   9   2   0   0  5.6166446467370822e-05 
2016   7   9   2  30   0  8.1029951939210292e-05 
2016   7   9   3   0   0  1.0837963173272108e-04 
2016   7   9   3  30   0  1.3327425104781325e-04 
2016   7   9   4   0   0  1.3932732457073080e-04 
2016   7   9   4  30   0  1.4099257364884760e-04 
2016   7   9   5   0   0  1.6687612456957944e-04 
2016   7   9   5  30   0  1.7364727089091034e-04 
2016   7   9   6   0   0  1.9066999544816295e-04 
2016   7   9   6  30   0  2.0674530265408426e-04 
2016   7   9   7   0   0  1.9524298410123137e-04 
2016   7   9   7  30   0  1.6062881165712891e-04 
2016   7   9   8   0   0  1.4411966185488899e-04 
2016   7   9   8  30   0  1.2082560702562613e-04 
2016   7   9   9   0   0  1.1234396574958479e-04 
2016   7   9   9  30   0  1.3782678295572745e-04 
2016   7   9  10   0   0  1.5234939750979743e-04 
2016   7   9  10  30   0  1.7112418500051429e-04 
2016   7   9  11   0   0  1.8651733932441441e-04 
2016   7   9  11  30   0  1.8727764215528903e-04 
2016   7   9  12   0   0  1.8146601665851850e-04 
2016   7   9  12  30   0  1.3797009605789114e-04 
2016   7   9  13   0   0  8.2681771560053766e-05 
2016   7   9  13  30   0  1.3041764431055146e-05 
2016   7   9  14   0   0  4.6090525627937293e-06 
2016   7   9  14  30   0  4.0669001202567115e-06 
2016   7   9  15   0   0  3.7774811637791574e-06 
2016   7   9  15  30   0  3.9546796816537145e-06 
2016   7   9  16   0   0  2.9180088839633954e-06 
2016   7   9  16  30   0  2.5653369930541962e-06 
2016   7   9  17   0   0  2.8530260446598968e-06 
2016   7   9  17  30   0  3.2401303687025661e-06 
2016   7   9  18   0   0  3.3533315255181966e-06 
2016   7   9  18  30   0  3.6242301720098541e-06 
2016   7   9  19   0   0  4.0139956578709174e-06 
2016   7   9  19  30   0  4.2541584010291278e-06 
2016   7   9  20   0   0  4.1512317442650393e-06 
2016   7   9  20  30   0  9.1377475484172051e-06 
2016   7   9  21   0   0  1.2982471321307530e-04 
2016   7   9  21  30   0  1.7828823667698511e-04 
2016   7   9  22   0   0  1.9541994259199372e-04 
2016   7   9  22  30   0  1.8472903568620211e-04 
2016   7   9  23   0   0  2.1941615989584537e-04 
2016   7   9  23  30   0  2.4540365578262367e-04 
2016   7  10   0   0   0  2.2008483374585440e-04 
2016   7  10   0  30   0  1.9569770628549468e-04 
2016   7  10   1   0   0  2.3255722800547105e-04 
2016   7  10   1  30   0  2.3981767243347460e-04 
2016   7  10   2   0   0  2.3744723522889415e-04 
2016   7  10   2  30   0  2.3035404901730318e-04 
2016   7  10   3   0   0  2.3742563427393376e-04 
2016   7  10   3  30   0  2.4248361988998376e-04 
2016   7  10   4   0   0  2.4997525401043426e-04 
2016   7  10   4  30   0  2.6495510424810119e-04 
2016   7  10   5   0   0  2.6827894397965334e-04 
2016   7  10   5  30   0  2.2154638355856404e-04 
2016   7  10   6   0   0  1.8545095704798782e-04 
2016   7  10   6  30   0  1.4084325466160935e-04 
2016   7  10   7   0   0  9.8383910288259548e-05 
2016   7  10   7  30   0  2.6888982043616644e-05 
2016   7  10   8   0   0  3.1490699348076125e-06 
2016   7  10   8  30   0  3.8336420025620120e-06 
2016   7  10   9   0   0  4.8356123295114936e-06 
2016   7  10   9  30   0  4.6738468757918326e-06 
2016   7  10  10   0   0  4.8831487675441088e-06 
2016   7  10  10  30   0  5.2781921004936553e-06 
2016   7  10  11   0   0  5.8205709685283600e-06 
2016   7  10  11  30   0  5.9452370089978860e-06 
2016   7  10  12   0   0  4.4503066330081139e-06 
2016   7  10  12  30   0  4.5285001422451057e-06 
2016   7  10  13   0   0  4.4593598175076856e-06 
2016   7  10  13  30   0  4.2633270639863181e-06 
2016   7  10  14   0   0  4.0964461187732556e-06 
2016   7  10  14  30   0  4.0219893911222852e-06 
2016   7  10  15   0   0  3.2692425751169532e-06 
2016   7  10  15  30   0  3.5802128529630427e-06 
2016   7  10  16   0   0  4.2188645505455044e-06 
2016   7  10  16  30   0  4.6120432053416033e-06 
2016   7  10  17   0   0  5.0528413175532057e-06 
2016   7  10  17  30   0  4.6063656888886999e-06 
2016   7  10  18   0   0  5.1596629024749333e-06 
2016   7  10  18  30   0  4.6125621674195043e-06 
2016   7  10  19   0   0  4.8061739240465873e-06 
2016   7  10  19  30   0  4.5368688701316176e-06 
2016   7  10  20   0   0  4.6945641916292465e-06 
2016   7  10  20  30   0  4.8289268592484193e-06 
2016   7  10  21   0   0  4.8475633372118322e-06 
2016   7  10  21  30   0  5.1873311275057060e-06 
2016   7  10  22   0   0  5.7670103950161526e-06 
2016   7  10  22  30   0  1.9111200244731347e-05 
2016   7  10  23   0   0  3.0248213923141455e-05 
2016   7  10  23  30   0  3.8440624963907365e-05 
2016   7  11   0   0   0  5.6386155393215207e-05 
2016   7  11   0  30   0  9.1694717152481585e-05 
2016   7  11   1   0   0  1.4107478338090863e-04 
2016   7  11   1  30   0  1.9187485068867453e-04 
2016   7  11   2   0   0  2.4885164711788837e-04 
2016   7  11   2  30   0  2.6935020639331397e-04 
2016   7  11   3   0   0  2.8759167320621724e-04 
2016   7  11   3  30   0  2.7979089732871229e-04 
2016   7  11   4   0   0  2.9474093110727514e-04 
2016   7  11   4  30   0  2.6560264046044334e-04 
2016   7  11   5   0   0  2.5391535170573220e-04 
2016   7  11   5  30   0  2.8119565132377571e-04 
2016   7  11   6   0   0  2.1963270691904063e-04 
2016   7  11   6  30   0  1.2971305644351948e-04 
2016   7  11   7   0   0  4.9055058409010269e-06 
2016   7  11   7  30   0  4.5302193943097651e-06 
2016   7  11   8   0   0  4.3980794743462740e-06 
2016   7  11   8  30   0  5.4069757604552974e-06 
2016   7  11   9   0   0  5.1647694734566623e-06 
2016   7  11   9  30   0  4.9681026094749267e-06 
2016   7  11  10   0   0  5.8149737401986397e-06 
2016   7  11  10  30   0  3.9152383051950299e-06 
2016   7  11  11   0   0  4.7165102187908527e-06 
2016   7  11  11  30   0  4.4947495636552688e-06 
2016   7  11  12   0   0  5.2233655020490045e-06 
2016   7  11  12  30   0  5.6894295000899151e-06 
2016   7  11  13   0   0  5.8013628416408476e-06 
2016   7  11  13  30   0  5.3007487865380375e-06 
2016   7  11  14   0   0  5.2744797904572434e-06 
2016   7  11  14  30   0  4.4618641032554477e-06 
2016   7  11  15   0   0  4.1043867680018765e-06 
2016   7  11  15  30   0  3.7881229411185790e-06 
2016   7  11  16   0   0  3.8718603946940946e-06 
2016   7  11  16  30   0  3.4753798450158398e-06 
2016   7  11  17   0   0  4.1249469809207577e-06 
2016   7  11  17  30   0  4.5965154642028984e-06 
2016   7  11  18   0   0  5.2182851021031686e-06 
2016   7  11  18  30   0  5.4990129480411329e-06 
2016   7  11  19   0   0  6.3325927436083541e-06 
2016   7  11  19  30   0  6.2583982993831189e-06 
2016   7  11  20   0   0  4.9438714232718457e-05 
2016   7  11  20  30   0  6.1200942432253798e-06 
2016   7  11  21   0   0  6.3188842738567490e-06 
2016   7  11  21  30   0  2.4536472648288943e-05 
2016   7  11  22   0   0  1.1926790121108022e-04 
2016   7  11  22  30   0  8.8983239202117476e-05 
2016   7  11  23   0   0  1.0388163370006585e-04 
2016   7  11  23  30   0  1.2031670256317074e-04 
2016   7  12   0   0   0  1.4358330093999146e-04 
2016   7  12   0  30   0  1.4867595836088042e-04 
2016   7  12   1   0   0  1.6663455371377327e-04 
2016   7  12   1  30   0  1.4947328790165749e-04 
2016   7  12   2   0   0  1.5904565992595418e-04 
2016   7  12   2  30   0  1.8252845487147840e-04 
2016   7  12   3   0   0  1.9330467345908702e-04 
2016   7  12   3  30   0  1.9962069171006514e-04 
2016   7  12   4   0   0  1.1957087470871340e-04 
2016   7  12   4  30   0  1.3008066525175020e-04 
2016   7  12   5   0   0  1.2900833522512957e-04 
2016   7  12   5  30   0  1.4962024603886495e-04 
2016   7  12   6   0   0  1.4264132007438688e-04 
2016   7  12   6  30   0  1.4360584100176749e-04 
2016   7  12   7   0   0  1.2740311707540311e-04 
2016   7  12   7  30   0  1.1795955307216863e-04 
2016   7  12   8   0   0  1.0469791512117810e-04 
2016   7  12   8  30   0  1.1328245147398144e-04 
2016   7  12   9   0   0  1.3000255246071432e-04 
2016   7  12   9  30   0  1.3288971523656688e-04 
2016   7  12  10   0   0  1.7528944272187584e-04 
2016   7  12  10  30   0  2.1632597309716701e-04 
2016   7  12  11   0   0  1.4761231809001826e-04 
2016   7  12  11  30   0  1.2685743051532271e-04 
2016   7  12  12   0   0  8.6393949057462987e-05 
2016   7  12  12  30   0  4.0773933111775277e-05 
2016   7  12  13   0   0  3.6769389396237642e-06 
2016   7  12  13  30   0  4.3708462933695688e-06 
2016   7  12  14   0   0  5.1072314497266103e-06 
2016   7  12  14  30   0  5.1673541070989982e-06 
2016   7  12  15   0   0  4.7311564163201784e-06 
2016   7  12  15  30   0  4.1196977748882711e-06 
2016   7  12  16   0   0  4.0699744473845489e-06 
2016   7  12  16  30   0  4.0846412134291773e-06 
2016   7  12  17   0   0  4.0714962782912338e-06 
2016   7  12  17  30   0  4.5255392988462826e-06 
2016   7  12  18   0   0  4.3785928651728292e-06 
2016   7  12  18  30   0  5.4240819787471762e-06 
2016   7  12  19   0   0  4.3118789814926344e-06 
2016   7  12  19  30   0  1.3512186806747126e-05 
2016   7  12  20   0   0  4.3566502231217303e-05 
2016   7  12  20  30   0  4.5240978512250286e-05 
2016   7  12  21   0   0  5.4778749725031585e-05 
2016   7  12  21  30   0  7.2980080345017541e-05 
2016   7  12  22   0   0  7.4279742214143767e-05 
2016   7  12  22  30   0  6.0359301933844886e-05 
2016   7  12  23   0   0  6.2674034486744410e-05 
2016   7  12  23  30   0  9.4388819477282763e-05 
2016   7  13   0   0   0  1.7389393843230192e-04 
2016   7  13   0  30   0  2.0874437324327379e-04 
2016   7  13   1   0   0  2.4021950738387538e-04 
2016   7  13   1  30   0  2.6698946046721267e-04 
2016   7  13   2   0   0  3.1673126261078273e-04 
2016   7  13   2  30   0  3.3865222072347660e-04 
2016   7  13   3   0   0  3.6436294386530451e-04 
2016   7  13   3  30   0  3.8243092783966752e-04 
2016   7  13   4   0   0  4.0743864931552971e-04 
2016   7  13   4  30   0  4.1561559584789168e-04 
2016   7  13   5   0   0  3.9574993052326633e-04 
2016   7  13   5  30   0  3.8657952799415487e-04 
2016   7  13   6   0   0  4.0458139498200754e-04 
2016   7  13   6  30   0  4.6764157955748076e-04 
2016   7  13   7   0   0  4.5373264846411605e-04 
2016   7  13   7  30   0  4.3351331349423080e-04 
2016   7  13   8   0   0  3.9080863238285531e-04 
2016   7  13   8  30   0  2.8115683048054313e-04 
2016   7  13   9   0   0  2.7367414269716242e-04 
2016   7  13   9  30   0  2.5422148252878115e-04 
2016   7  13  10   0   0  2.5192247369151404e-04 
2016   7  13  10  30   0  3.1887504292038327e-04 
2016   7  13  11   0   0  3.2826292117330588e-04 
2016   7  13  11  30   0  3.2630253146117996e-04 
2016   7  13  12   0   0  3.2646233604155100e-04 
2016   7  13  12  30   0  3.2718619911136073e-04 
2016   7  13  13   0   0  3.0194342024342669e-04 
2016   7  13  13  30   0  2.4858924457383234e-04 
2016   7  13  14   0   0  2.0023506679553072e-04 
2016   7  13  14  30   0  2.1055555818826733e-04 
2016   7  13  15   0   0  2.9359716026879144e-04 
2016   7  13  15  30   0  3.4574690229199087e-04 
2016   7  13  16   0   0  3.7315971282088134e-04 
2016   7  13  16  30   0  3.4395938740171804e-04 
2016   7  13  17   0   0  3.9205369057126565e-04 
2016   7  13  17  30   0  2.8516508951245060e-04 
2016   7  13  18   0   0  2.7366508780473628e-04 
2016   7  13  18  30   0  3.0971842140165462e-04 
2016   7  13  19   0   0  3.2549198860303100e-04 
2016   7  13  19  30   0  3.7333880923973742e-04 
2016   7  13  20   0   0  3.3404521364570187e-04 
2016   7  13  20  30   0  3.5295970405480726e-04 
2016   7  13  21   0   0  3.9990745460459737e-04 
2016   7  13  21  30   0  4.6153402119767186e-04 
2016   7  13  22   0   0  5.4982909977789281e-04 
2016   7  13  22  30   0  5.2761660422801719e-04 
2016   7  13  23   0   0  5.2757419615702774e-04 
2016   7  13  23  30   0  5.3643185127093924e-04 
2016   7  14   0   0   0  5.1897601369379272e-04 
2016   7  14   0  30   0  4.9959982926706884e-04 
2016   7  14   1   0   0  4.9519946770833385e-04 
2016   7  14   1  30   0  5.0101644250850105e-04 
2016   7  14   2   0   0  5.0764310378860358e-04 
2016   7  14   2  30   0  4.9875525391762535e-04 
2016   7  14   3   0   0  4.8161733494089820e-04 
2016   7  14   3  30   0  4.5608361995545929e-04 
2016   7  14   4   0   0  4.5288818491158358e-04 
2016   7  14   4  30   0  4.3610417075132122e-04 
2016   7  14   5   0   0  4.2513924680004080e-04 
2016   7  14   5  30   0  3.9623830063708520e-04 
2016   7  14   6   0   0  3.5858827538333958e-04 
2016   7  14   6  30   0  3.1719148434712266e-04 
2016   7  14   7   0   0  3.0583154298467546e-04 
2016   7  14   7  30   0  2.5354423680394518e-04 
2016   7  14   8   0   0  1.8569445173992932e-04 
2016   7  14   8  30   0  1.1046682538895401e-04 
2016   7  14   9   0   0  7.7013337914062633e-05 
2016   7  14   9  30   0  5.8969935280597690e-05 
2016   7  14  10   0   0  7.5442182264286116e-05 
2016   7  14  10  30   0  8.1256520419434485e-05 
2016   7  14  11   0   0  1.5035734674051919e-04 
2016   7  14  11  30   0  3.3602136934049063e-04 
2016   7  14  12   0   0  1.6243561483178246e-04 
2016   7  14  12  30   0  3.7335711790307367e-05 
2016   7  14  13   0   0  5.3138136905668292e-05 
2016   7  14  13  30   0  8.0812186503571929e-05 
2016   7  14  14   0   0  1.6854812166646976e-04 
2016   7  14  14  30   0  1.5735167329747752e-04 
2016   7  14  15   0   0  1.9393810150023042e-04 
2016   7  14  15  30   0  1.5628064788353086e-04 
2016   7  14  16   0   0  1.3184832746090806e-04 
2016   7  14  16  30   0  1.0169675776095955e-04 
2016   7  14  17   0   0  1.2095603940809041e-04 
2016   7  14  17  30   0  9.3734886535719680e-05 
2016   7  14  18   0   0  1.0271731362852908e-04 
2016   7  14  18  30   0  1.0175770628106942e-04 
2016   7  14  19   0   0  1.7624877074658659e-04 
2016   7  14  19  30   0  2.2299494879828702e-04 
2016   7  14  20   0   0  2.6613052449576979e-04 
2016   7  14  20  30   0  3.1790407082164324e-04 
2016   7  14  21   0   0  3.7305857624942036e-04 
2016   7  14  21  30   0  4.6936380258445933e-04 
2016   7  14  22   0   0  5.6632563488633460e-04 
2016   7  14  22  30   0  5.8228022543684629e-04 
2016   7  14  23   0   0  5.2698815981105473e-04 
2016   7  14  23  30   0  4.5701776793915421e-04 
2016   7  15   0   0   0  4.1512243712296893e-04 
2016   7  15   0  30   0  3.8469286174910557e-04 
2016   7  15   1   0   0  3.4800528106568735e-04 
2016   7  15   1  30   0  3.3836966676503228e-04 
2016   7  15   2   0   0  3.4406351082584807e-04 
2016   7  15   2  30   0  5.4704289590687990e-04 
2016   7  15   3   0   0  4.7673380596782386e-04 
2016   7  15   3  30   0  4.4227230647252998e-04 
2016   7  15   4   0   0  4.0872479105696463e-04 
2016   7  15   4  30   0  4.1112936429184971e-04 
2016   7  15   5   0   0  4.2195001162855655e-04 
2016   7  15   5  30   0  4.3820321787033952e-04 
2016   7  15   6   0   0  4.7310324732410667e-04 
2016   7  15   6  30   0  4.3891412344681949e-04 
2016   7  15   7   0   0  4.1603449772624490e-04 
2016   7  15   7  30   0  3.7415122327358818e-04 
2016   7  15   8   0   0  3.3622733872873802e-04 
2016   7  15   8  30   0  2.9075581410948942e-04 
2016   7  15   9   0   0  3.0786408892557316e-04 
2016   7  15   9  30   0  3.8200102971030337e-04 
2016   7  15  10   0   0  5.8812965902474944e-04 
2016   7  15  10  30   0  5.5049780485775168e-04 
2016   7  15  11   0   0  5.6583598693764423e-04 
2016   7  15  11  30   0  5.7006798613258938e-04 
2016   7  15  12   0   0  6.4541591633445557e-04 
2016   7  15  12  30   0  5.6720654121186060e-04 
2016   7  15  13   0   0  5.4394557287563386e-04 
2016   7  15  13  30   0  6.5340900587796649e-04 
2016   7  15  14   0   0  5.7469928128663344e-04 
2016   7  15  14  30   0  4.2688977932777182e-04 
2016   7  15  15   0   0  2.3646395793646189e-04 
2016   7  15  15  30   0  2.4136226168332861e-04 
2016   7  15  16   0   0  2.1802075725082775e-04 
2016   7  15  16  30   0  2.4549198700125403e-04 
2016   7  15  17   0   0  7.2480289091021981e-04 
2016   7  15  17  30   0  8.0610195109480744e-04 
2016   7  15  18   0   0  8.1526289701092331e-04 
2016   7  15  18  30   0  7.8873339022791521e-04 
2016   7  15  19   0   0  6.2442104851431692e-04 
2016   7  15  19  30   0  5.6231940922396551e-04 
2016   7  15  20   0   0  5.9390716163804449e-04 
2016   7  15  20  30   0  6.9411618863518944e-04 
2016   7  15  21   0   0  7.0908335658485366e-04 
2016   7  15  21  30   0  6.9342646119720263e-04 
2016   7  15  22   0   0  6.3471695309332866e-04 
2016   7  15  22  30   0  6.1598505120144986e-04 
2016   7  15  23   0   0  5.9820262958986856e-04 
2016   7  15  23  30   0  5.6260410213801004e-04 
2016   7  16   0   0   0  5.0890736532772072e-04 
2016   7  16   0  30   0  4.5259954468475594e-04 
2016   7  16   1   0   0  4.1305864579353004e-04 
2016   7  16   1  30   0  4.0881853772136302e-04 
2016   7  16   2   0   0  3.9789164872870020e-04 
2016   7  16   2  30   0  4.0020809568615224e-04 
2016   7  16   3   0   0  3.7880153672227823e-04 
2016   7  16   3  30   0  3.6221980760088227e-04 
2016   7  16   4   0   0  3.3698003258326314e-04 
2016   7  16   4  30   0  2.9483501488203182e-04 
2016   7  16   5   0   0  2.5882156779098649e-04 
2016   7  16   5  30   0  2.5674825717738676e-04 
2016   7  16   6   0   0  2.4128225271728761e-04 
2016   7  16   6  30   0  2.0071402481618096e-04 
2016   7  16   7   0   0  1.7387942192337923e-04 
2016   7  16   7  30   0  1.6742436777885712e-04 
2016   7  16   8   0   0  1.0916237574827404e-04 
2016   7  16   8  30   0  7.7524340993884427e-05 
2016   7  16   9   0   0  2.9090785803511241e-05 
2016   7  16   9  30   0  2.1590789748457787e-05 
2016   7  16  10   0   0  4.3275387622071236e-06 
2016   7  16  10  30   0  4.3008547992292984e-06 
2016   7  16  11   0   0  4.4055250132711797e-06 
2016   7  16  11  30   0  4.7184034265894620e-06 
2016   7  16  12   0   0  4.6913855645073908e-06 
2016   7  16  12  30   0  4.6675266205314185e-06 
2016   7  16  13   0   0  4.6531400489311230e-06 
2016   7  16  13  30   0  4.7703173744628684e-06 
2016   7  16  14   0   0  4.4405330253761300e-06 
2016   7  16  14  30   0  4.5508155906278934e-06 
2016   7  16  15   0   0  5.0562196645602870e-06 
2016   7  16  15  30   0  5.3188010019453603e-06 
2016   7  16  16   0   0  5.9865264773566132e-06 
2016   7  16  16  30   0  5.4163405170350668e-06 
2016   7  16  17   0   0  6.6859312416973478e-06 
2016   7  16  17  30   0  7.0425811232010419e-06 
2016   7  16  18   0   0  1.4846864204680702e-05 
2016   7  16  18  30   0  6.7013914371791187e-06 
2016   7  16  19   0   0  7.6597245302968261e-06 
2016   7  16  19  30   0  1.2766860800803587e-04 
2016   7  16  20   0   0  2.1877408348390973e-04 
2016   7  16  20  30   0  2.8157024979691891e-04 
2016   7  16  21   0   0  3.4166349832551120e-04 
2016   7  16  21  30   0  3.4541887486732643e-04 
2016   7  16  22   0   0  3.5201748014733090e-04 
2016   7  16  22  30   0  3.4919584035658451e-04 
2016   7  16  23   0   0  3.3149894061290061e-04 
2016   7  16  23  30   0  3.0718798253673188e-04 
2016   7  17   0   0   0  3.7883525503001176e-04 
2016   7  17   0  30   0  3.8621993259959497e-04 
2016   7  17   1   0   0  3.8209459168390248e-04 
2016   7  17   1  30   0  3.7879079422195247e-04 
2016   7  17   2   0   0  3.8159089735512679e-04 
2016   7  17   2  30   0  3.8684966339705835e-04 
2016   7  17   3   0   0  3.8093543795314179e-04 
2016   7  17   3  30   0  3.8058733749690466e-04 
2016   7  17   4   0   0  3.8678439051647630e-04 
2016   7  17   4  30   0  4.0048335818016839e-04 
2016   7  17   5   0   0  4.0540666798446502e-04 
2016   7  17   5  30   0  4.0940936047692978e-04 
2016   7  17   6   0   0  3.8829437979751084e-04 
2016   7  17   6  30   0  3.5047205507724295e-04 
2016   7  17   7   0   0  2.8821619691191309e-04 
2016   7  17   7  30   0  2.1614192583543473e-04 
2016   7  17   8   0   0  1.8933648298943032e-04 
2016   7  17   8  30   0  1.0949363687561711e-04 
2016   7  17   9   0   0  3.5882038401363605e-05 
2016   7  17   9  30   0  5.9628786067037148e-06 
2016   7  17  10   0   0  5.1121399956785480e-06 
2016   7  17  10  30   0  4.9536521864923215e-06 
2016   7  17  11   0   0  5.9059755784085901e-06 
2016   7  17  11  30   0  6.1631437030141786e-06 
2016   7  17  12   0   0  6.1882570751199830e-06 
2016   7  17  12  30   0  5.8871050678835263e-06 
2016   7  17  13   0   0  4.9203417955361865e-06 
2016   7  17  13  30   0  4.7625437436677979e-06 
2016   7  17  14   0   0  4.8207551822552762e-06 
2016   7  17  14  30   0  4.5631407494337570e-06 
2016   7  17  15   0   0  4.8388677140540677e-06 
2016   7  17  15  30   0  3.9459705535733246e-06 
2016   7  17  16   0   0  4.1563258542061317e-06 
2016   7  17  16  30   0  4.4111723917967087e-06 
2016   7  17  17   0   0  3.7794427842491437e-06 
2016   7  17  17  30   0  1.2090624469292328e-04 
2016   7  17  18   0   0  3.0335520430122790e-04 
2016   7  17  18  30   0  3.0415083881365812e-04 
2016   7  17  19   0   0  3.8913687665556443e-04 
2016   7  17  19  30   0  3.9647254576805465e-04 
2016   7  17  20   0   0  3.9259160024838178e-04 
2016   7  17  20  30   0  4.0472999568394588e-04 
2016   7  17  21   0   0  4.1127488629343642e-04 
2016   7  17  21  30   0  3.7994732942343184e-04 
2016   7  17  22   0   0  3.5694930051254000e-04 
2016   7  17  22  30   0  3.4686404835249584e-04 
2016   7  17  23   0   0  3.5904621217133358e-04 
2016   7  17  23  30   0  3.7073136343000577e-04 
2016   7  18   0   0   0  3.7525733283500439e-04 
2016   7  18   0  30   0  3.8885399657297560e-04 
2016   7  18   1   0   0  4.2680122416355771e-04 
2016   7  18   1  30   0  4.2971346957675424e-04 
2016   7  18   2   0   0  4.3780899238354625e-04 
2016   7  18   2  30   0  4.5293081562307807e-04 
2016   7  18   3   0   0  4.5729164995507768e-04 
2016   7  18   3  30   0  4.7371599935997351e-04 
2016   7  18   4   0   0  4.7579114999584624e-04 
2016   7  18   4  30   0  4.7133759257097444e-04 
2016   7  18   5   0   0  4.7317114888080248e-04 
2016   7  18   5  30   0  4.8579805002715886e-04 
2016   7  18   6   0   0  4.9485730800561908e-04 
2016   7  18   6  30   0  5.0324768195294579e-04 
2016   7  18   7   0   0  4.7529325223130220e-04 
2016   7  18   7  30   0  4.4942069972220137e-04 
2016   7  18   8   0   0  3.0502555668084140e-04 
2016   7  18   8  30   0  1.9322517864799957e-04 
2016   7  18   9   0   0  1.2300481418580975e-04 
2016   7  18   9  30   0  6.3951028128558834e-05 
2016   7  18  10   0   0  7.0003627457463293e-05 
2016   7  18  10  30   0  8.5300890471264596e-05 
2016   7  18  11   0   0  1.5778574995052464e-04 
2016   7  18  11  30   0  1.1796612769459378e-04 
2016   7  18  12   0   0  1.2021760095711165e-04 
2016   7  18  12  30   0  2.1354868965966478e-04 
2016   7  18  13   0   0  1.0065494391682129e-04 
2016   7  18  13  30   0  4.2959687237074260e-06 
2016   7  18  14   0   0  4.7816524488846489e-05 
2016   7  18  14  30   0  7.2156281282391088e-05 
2016   7  18  15   0   0  8.7610669670329928e-05 
2016   7  18  15  30   0  3.0638416409500336e-04 
2016   7  18  16   0   0  1.7781111875103331e-04 
2016   7  18  16  30   0  1.8117142975112449e-04 
2016   7  18  17   0   0  1.5869950371921932e-04 
2016   7  18  17  30   0  1.1912874589905720e-04 
2016   7  18  18   0   0  1.5518347464385149e-04 
2016   7  18  18  30   0  1.8569567385899393e-04 
2016   7  18  19   0   0  1.9513380278522751e-04 
2016   7  18  19  30   0  1.8744413375089487e-04 
2016   7  18  20   0   0  2.0484077589372904e-04 
2016   7  18  20  30   0  2.0630128997192900e-04 
2016   7  18  21   0   0  2.5916464890121194e-04 
2016   7  18  21  30   0  3.0890789359303385e-04 
2016   7  18  22   0   0  3.6079309600475199e-04 
2016   7  18  22  30   0  4.1073649737682850e-04 
2016   7  18  23   0   0  4.5401199859892359e-04 
2016   7  18  23  30   0  4.2810600434011511e-04 
2016   7  19   0   0   0  4.1870197614101660e-04 
2016   7  19   0  30   0  4.2526726862856292e-04 
2016   7  19   1   0   0  4.2153080172053825e-04 
2016   7  19   1  30   0  4.2064047909833935e-04 
2016   7  19   2   0   0  4.2297520596312792e-04 
2016   7  19   2  30   0  4.1806916350155265e-04 
2016   7  19   3   0   0  4.1640733600663401e-04 
2016   7  19   3  30   0  4.1225624119347758e-04 
2016   7  19   4   0   0  4.1268110870302079e-04 
2016   7  19   4  30   0  4.1848960987326677e-04 
2016   7  19   5   0   0  4.2204885439005204e-04 
2016   7  19   5  30   0  4.3125175146818039e-04 
2016   7  19   6   0   0  4.0449589031818983e-04 
2016   7  19   6  30   0  3.5351042687256396e-04 
2016   7  19   7   0   0  2.3348089983307561e-04 
2016   7  19   7  30   0  1.4448151300874105e-04 
2016   7  19   8   0   0  1.1258392463924956e-04 
2016   7  19   8  30   0  9.1902450386227366e-05 
2016   7  19   9   0   0  6.5116691586437482e-05 
2016   7  19   9  30   0  1.9949409575151604e-05 
2016   7  19  10   0   0  3.2287448379808870e-06 
2016   7  19  10  30   0  3.2493655807045140e-06 
2016   7  19  11   0   0  3.3589914064860736e-06 
2016   7  19  11  30   0  2.9214076454974165e-06 
2016   7  19  12   0   0  3.3770256428922515e-06 
2016   7  19  12  30   0  3.4993991727235087e-06 
2016   7  19  13   0   0  3.3597100717841674e-06 
2016   7  19  13  30   0  3.1494849805552392e-06 
2016   7  19  14   0   0  3.1160413493548719e-06 
2016   7  19  14  30   0  3.3782519738904896e-06 
2016   7  19  15   0   0  3.8419582531951139e-06 
2016   7  19  15  30   0  4.0634367859706200e-06 
2016   7  19  16   0   0  4.5097846068831045e-06 
2016   7  19  16  30   0  4.5202056699929975e-06 
2016   7  19  17   0   0  4.4441194562006975e-06 
2016   7  19  17  30   0  4.4372407622734509e-06 
2016   7  19  18   0   0  4.5716901630894117e-06 
2016   7  19  18  30   0  4.5425305275051870e-06 
2016   7  19  19   0   0  4.8244058209080188e-06 
2016   7  19  19  30   0  4.8183601769655844e-06 
2016   7  19  20   0   0  5.8079037114915325e-05 
2016   7  19  20  30   0  1.1337822675029248e-04 
2016   7  19  21   0   0  1.8185549367714425e-04 
2016   7  19  21  30   0  2.3202294065364964e-04 
2016   7  19  22   0   0  2.8523104153060696e-04 
2016   7  19  22  30   0  3.9335331097465649e-04 
2016   7  19  23   0   0  3.9329137543592159e-04 
2016   7  19  23  30   0  4.5851882948253305e-04 
2016   7  20   0   0   0  4.0679272415071753e-04 
2016   7  20   0  30   0  3.9454413319766447e-04 
2016   7  20   1   0   0  3.7998944062449832e-04 
2016   7  20   1  30   0  3.5526915577354198e-04 
2016   7  20   2   0   0  3.3604637441405190e-04 
2016   7  20   2  30   0  3.1235330180063881e-04 
2016   7  20   3   0   0  2.9491113655770451e-04 
2016   7  20   3  30   0  2.9374981296450073e-04 
2016   7  20   4   0   0  2.8451696393478156e-04 
2016   7  20   4  30   0  2.8825496290094403e-04 
2016   7  20   5   0   0  2.7450562041082853e-04 
2016   7  20   5  30   0  2.6848516037135628e-04 
2016   7  20   6   0   0  2.5107328442510097e-04 
2016   7  20   6  30   0  2.1276496871981413e-04 
2016   7  20   7   0   0  1.8153873169678307e-04 
2016   7  20   7  30   0  1.4612351695935375e-04 
2016   7  20   8   0   0  9.4103825522705591e-05 
2016   7  20   8  30   0  3.5287303956947030e-06 
2016   7  20   9   0   0  3.6563212597153525e-06 
2016   7  20   9  30   0  3.7438167392595570e-06 
2016   7  20  10   0   0  3.8725371922751324e-06 
2016   7  20  10  30   0  4.1324232952734137e-06 
2016   7  20  11   0   0  4.0963258963630188e-06 
2016   7  20  11  30   0  4.1294462139326854e-06 
2016   7  20  12   0   0  3.5699093234466641e-06 
2016   7  20  12  30   0  3.4651397864318294e-06 
2016   7  20  13   0   0  3.7264005004703770e-06 
2016   7  20  13  30   0  4.0390764943638037e-06 
2016   7  20  14   0   0  4.1825580993044721e-06 
2016   7  20  14  30   0  4.1021937973077742e-06 
2016   7  20  15   0   0  4.2418615575863181e-06 
2016   7  20  15  30   0  4.1905493296666891e-06 
2016   7  20  16   0   0  4.3503578223536002e-06 
2016   7  20  16  30   0  4.2579115203576849e-06 
2016   7  20  17   0   0  4.1860545811669366e-06 
2016   7  20  17  30   0  4.3500473822322869e-06 
2016   7  20  18   0   0  4.6186711275802179e-06 
2016   7  20  18  30   0  4.8082142704993101e-06 
2016   7  20  19   0   0  4.8940832283400931e-06 
2016   7  20  19  30   0  4.8201486646468411e-06 
2016   7  20  20   0   0  4.7265435547554625e-06 
2016   7  20  20  30   0  4.7884298984247027e-06 
2016   7  20  21   0   0  2.7369791146028821e-05 
2016   7  20  21  30   0  6.7372196336865255e-05 
2016   7  20  22   0   0  9.7126822253469243e-05 
2016   7  20  22  30   0  1.1271769659505120e-04 
2016   7  20  23   0   0  1.3246619060110944e-04 
2016   7  20  23  30   0  1.4053567280757813e-04 
2016   7  21   0   0   0  1.3502934824494763e-04 
2016   7  21   0  30   0  1.5844926510803610e-04 
2016   7  21   1   0   0  1.9667335238304995e-04 
2016   7  21   1  30   0  2.2984749441702727e-04 
2016   7  21   2   0   0  2.7077601698576086e-04 
2016   7  21   2  30   0  2.8649690512860647e-04 
2016   7  21   3   0   0  2.8532318455698843e-04 
2016   7  21   3  30   0  3.0813905259726446e-04 
2016   7  21   4   0   0  3.2879150672149125e-04 
2016   7  21   4  30   0  3.6332169571851616e-04 
2016   7  21   5   0   0  3.5550870896627472e-04 
2016   7  21   5  30   0  3.2088838230330259e-04 
2016   7  21   6   0   0  2.3501203656625962e-04 
2016   7  21   6  30   0  1.3750036877342890e-04 
2016   7  21   7   0   0  5.6330211675222765e-05 
2016   7  21   7  30   0  4.7972914741793262e-06 
2016   7  21   8   0   0  4.5951334249318976e-06 
2016   7  21   8  30   0  4.4354298040785225e-06 
2016   7  21   9   0   0  4.0041562074088558e-06 
2016   7  21   9  30   0  3.2399980871225541e-06 
2016   7  21  10   0   0  3.5988948856529810e-06 
2016   7  21  10  30   0  3.6270364226032306e-06 
2016   7  21  11   0   0  3.6788970381573657e-06 
2016   7  21  11  30   0  3.7382828556718500e-06 
2016   7  21  12   0   0  3.8633374066861461e-06 
2016   7  21  12  30   0  3.7384110420866965e-06 
2016   7  21  13   0   0  3.7268205061989351e-06 
2016   7  21  13  30   0  3.7224105535763451e-06 
2016   7  21  14   0   0  3.4102455738693857e-06 
2016   7  21  14  30   0  3.3379906441201360e-06 
2016   7  21  15   0   0  2.7965494536760195e-06 
2016   7  21  15  30   0  2.6926073305249537e-06 
2016   7  21  16   0   0  2.6818188322407751e-06 
2016   7  21  16  30   0  2.7235379343932088e-06 
2016   7  21  17   0   0  2.7542366503909438e-06 
2016   7  21  17  30   0  2.8844638649609947e-06 
2016   7  21  18   0   0  3.0628692904777030e-06 
2016   7  21  18  30   0  3.3165851518340706e-06 
2016   7  21  19   0   0  3.4076968287516438e-06 
2016   7  21  19  30   0  3.3537164751986969e-06 
2016   7  21  20   0   0  3.3655265512560586e-06 
2016   7  21  20  30   0  3.4011154188187126e-06 
2016   7  21  21   0   0  3.2916448326980131e-06 
2016   7  21  21  30   0  3.4305168057570729e-06 
2016   7  21  22   0   0  3.5306536177351315e-06 
2016   7  21  22  30   0  3.4863566040784800e-06 
2016   7  21  23   0   0  3.6463915488156836e-06 
2016   7  21  23  30   0  3.5510814605878915e-06 
2016   7  22   0   0   0  5.4714440431613238e-06 
2016   7  22   0  30   0  2.5360193908217118e-05 
2016   7  22   1   0   0  4.8039478526296413e-05 
2016   7  22   1  30   0  6.9261024804177619e-05 
2016   7  22   2   0   0  1.1523984785208095e-04 
2016   7  22   2  30   0  1.4605707779216472e-04 
2016   7  22   3   0   0  1.5360562774425823e-04 
2016   7  22   3  30   0  1.7230899588875672e-04 
2016   7  22   4   0   0  1.8449982404132926e-04 
2016   7  22   4  30   0  1.7747882685601306e-04 
2016   7  22   5   0   0  1.7655687443681934e-04 
2016   7  22   5  30   0  1.8352486959279953e-04 
2016   7  22   6   0   0  1.7799630870095348e-04 
2016   7  22   6  30   0  1.2362081484378648e-04 
2016   7  22   7   0   0  6.6578133825105957e-05 
2016   7  22   7  30   0  3.2037679930074395e-06 
2016   7  22   8   0   0  3.2305086973903627e-06 
2016   7  22   8  30   0  3.1826920852188869e-06 
2016   7  22   9   0   0  3.3667995579629406e-06 
2016   7  22   9  30   0  3.7852862891990817e-06 
2016   7  22  10   0   0  4.2340054504033712e-06 
2016   7  22  10  30   0  4.3501684186621103e-06 
2016   7  22  11   0   0  4.5207649641505020e-06 
2016   7  22  11  30   0  4.6399600689743768e-06 
2016   7  22  12   0   0  4.6808582557785226e-06 
2016   7  22  12  30   0  4.9655002150467297e-06 
2016   7  22  13   0   0  5.3060964342385815e-06 
2016   7  22  13  30   0  5.7789263439599808e-06 
2016   7  22  14   0   0  6.2399477108391731e-06 
2016   7  22  14  30   0  6.2646540319302719e-06 
2016   7  22  15   0   0  6.8576572506159778e-06 
2016   7  22  15  30   0  7.0790624074949267e-06 
2016   7  22  16   0   0  7.0456797236023467e-06 
2016   7  22  16  30   0  6.5736685794553479e-06 
2016   7  22  17   0   0  6.4542428541961345e-06 
2016   7  22  17  30   0  6.6367724548530536e-06 
2016   7  22  18   0   0  6.6233729329406297e-06 
2016   7  22  18  30   0  6.3066357668411802e-06 
2016   7  22  19   0   0  6.0187745814930010e-06 
2016   7  22  19  30   0  5.7104119076811878e-06 
2016   7  22  20   0   0  5.7789536143586369e-06 
2016   7  22  20  30   0  5.7820237568848581e-06 
2016   7  22  21   0   0  2.1573217054541741e-05 
2016   7  22  21  30   0  5.9038346216272752e-05 
2016   7  22  22   0   0  8.4659261923633597e-05 
2016   7  22  22  30   0  9.6138637164932517e-05 
2016   7  22  23   0   0  1.1060913543853262e-04 
2016   7  22  23  30   0  1.3519083024668584e-04 
2016   7  23   0   0   0  1.4955766589274565e-04 
2016   7  23   0  30   0  1.7456883845738821e-04 
2016   7  23   1   0   0  1.9990441213198085e-04 
2016   7  23   1  30   0  2.4002178473520744e-04 
2016   7  23   2   0   0  2.9350813189141776e-04 
2016   7  23   2  30   0  3.3834097490103573e-04 
2016   7  23   3   0   0  3.7157687243077512e-04 
2016   7  23   3  30   0  4.0769033651209580e-04 
2016   7  23   4   0   0  4.2143386827065283e-04 
2016   7  23   4  30   0  4.1506989613873479e-04 
2016   7  23   5   0   0  3.8777218630212232e-04 
2016   7  23   5  30   0  3.8294045561741881e-04 
2016   7  23   6   0   0  3.4083240451460845e-04 
2016   7  23   6  30   0  2.5223427342547475e-04 
2016   7  23   7   0   0  1.7668134741446128e-04 
2016   7  23   7  30   0  1.1214975147951251e-04 
2016   7  23   8   0   0  4.8016940299849162e-05 
2016   7  23   8  30   0  7.6846365866883799e-06 
2016   7  23   9   0   0  7.6237804897707437e-06 
2016   7  23   9  30   0  7.6859007309777702e-06 
2016   7  23  10   0   0  8.0092958578147714e-06 
2016   7  23  10  30   0  7.8775111343103015e-06 
2016   7  23  11   0   0  8.0876572465146358e-06 
2016   7  23  11  30   0  8.2924127556335927e-06 
2016   7  23  12   0   0  8.5189085612130778e-06 
2016   7  23  12  30   0  9.0230509902484427e-06 
2016   7  23  13   0   0  9.5377382152280928e-06 
2016   7  23  13  30   0  1.0003198375345827e-05 
2016   7  23  14   0   0  1.0362739551874550e-05 
2016   7  23  14  30   0  1.0240918958208654e-05 
2016   7  23  15   0   0  1.0338828507716763e-05 
2016   7  23  15  30   0  1.0107950701514635e-05 
2016   7  23  16   0   0  9.9959810256038512e-06 
2016   7  23  16  30   0  1.0114859009519705e-05 
2016   7  23  17   0   0  1.0397760044883835e-05 
2016   7  23  17  30   0  1.0439240063113227e-05 
2016   7  23  18   0   0  1.0340126376203135e-05 
2016   7  23  18  30   0  1.0245007212015911e-05 
2016   7  23  19   0   0  1.0014559830125297e-05 
2016   7  23  19  30   0  1.0068382383854811e-05 
2016   7  23  20   0   0  9.8189072738439740e-06 
2016   7  23  20  30   0  9.7488234077373003e-06 
2016   7  23  21   0   0  9.6446817015818072e-06 
2016   7  23  21  30   0  6.9695026061005638e-05 
2016   7  23  22   0   0  1.0586782274614596e-04 
2016   7  23  22  30   0  1.2460091290531652e-04 
2016   7  23  23   0   0  1.3506108690124666e-04 
2016   7  23  23  30   0  1.6595545333071863e-04 
2016   7  24   0   0   0  1.9605268674409651e-04 
2016   7  24   0  30   0  2.2265256501003414e-04 
2016   7  24   1   0   0  2.8011454643808438e-04 
2016   7  24   1  30   0  3.2973559649384265e-04 
2016   7  24   2   0   0  4.2711049832585781e-04 
2016   7  24   2  30   0  4.9217586238382654e-04 
2016   7  24   3   0   0  5.1867169130693797e-04 
2016   7  24   3  30   0  5.5781580977413178e-04 
2016   7  24   4   0   0  5.7007348138240609e-04 
2016   7  24   4  30   0  5.6794036997912184e-04 
2016   7  24   5   0   0  5.2564929594383681e-04 
2016   7  24   5  30   0  5.1455799039764705e-04 
2016   7  24   6   0   0  4.4382825543283288e-04 
2016   7  24   6  30   0  3.2810350295811862e-04 
2016   7  24   7   0   0  2.2031288480627796e-04 
2016   7  24   7  30   0  2.8770112278857983e-04 
2016   7  24   8   0   0  2.1518060215238582e-04 
2016   7  24   8  30   0  1.1674820395458240e-04 
2016   7  24   9   0   0  7.2572145787815057e-05 
2016   7  24   9  30   0  8.7501136582195015e-06 
2016   7  24  10   0   0  9.2569348077458930e-06 
2016   7  24  10  30   0  9.4817538680559723e-06 
2016   7  24  11   0   0  9.5656567094614069e-06 
2016   7  24  11  30   0  1.0049930818362488e-05 
2016   7  24  12   0   0  9.9115248128014292e-06 
2016   7  24  12  30   0  1.0482337614110492e-05 
2016   7  24  13   0   0  1.0642802710485732e-05 
2016   7  24  13  30   0  1.1060133254987075e-05 
2016   7  24  14   0   0  1.0823125009772983e-05 
2016   7  24  14  30   0  1.0775818196124106e-05 
2016   7  24  15   0   0  1.0965038851107425e-05 
2016   7  24  15  30   0  1.1272715507330725e-05 
2016   7  24  16   0   0  1.1336603363038186e-05 
2016   7  24  16  30   0  1.1093098259266689e-05 
2016   7  24  17   0   0  1.0406053252425546e-05 
2016   7  24  17  30   0  1.0281131560580000e-05 
2016   7  24  18   0   0  1.0004764731503168e-05 
2016   7  24  18  30   0  1.0799363838028823e-05 
2016   7  24  19   0   0  1.0751577591278373e-05 
2016   7  24  19  30   0  1.0377536859543146e-05 
2016   7  24  20   0   0  1.0132994813304025e-05 
2016   7  24  20  30   0  9.6781941507290219e-06 
2016   7  24  21   0   0  8.9375952084048912e-06 
2016   7  24  21  30   0  2.0969588596722694e-05 
2016   7  24  22   0   0  5.5579443787333919e-05 
2016   7  24  22  30   0  4.5641852407563370e-05 
2016   7  24  23   0   0  1.1199904900175642e-04 
2016   7  24  23  30   0  1.2352823010713628e-04 
2016   7  25   0   0   0  9.5322884598590430e-05 
2016   7  25   0  30   0  1.6956789297985854e-04 
2016   7  25   1   0   0  2.3071623019874931e-04 
2016   7  25   1  30   0  2.8963827780370918e-04 
2016   7  25   2   0   0  3.8712932679182944e-04 
2016   7  25   2  30   0  4.5403834106608280e-04 
2016   7  25   3   0   0  4.7064392551016365e-04 
2016   7  25   3  30   0  4.9134610206156529e-04 
2016   7  25   4   0   0  4.9172014675079323e-04 
2016   7  25   4  30   0  5.0926314435148718e-04 
2016   7  25   5   0   0  4.8694803468870884e-04 
2016   7  25   5  30   0  4.0962202126176058e-04 
2016   7  25   6   0   0  3.0049635243329097e-04 
2016   7  25   6  30   0  2.1421620625618586e-04 
2016   7  25   7   0   0  2.0854432978002367e-04 
2016   7  25   7  30   0  1.5731062058060421e-04 
2016   7  25   8   0   0  5.1511481205335746e-05 
2016   7  25   8  30   0  4.9032103602555511e-05 
2016   7  25   9   0   0  5.7039157336240709e-06 
2016   7  25   9  30   0  5.8332648577013327e-06 
2016   7  25  10   0   0  5.3141391938401566e-06 
2016   7  25  10  30   0  5.5667209385716896e-06 
2016   7  25  11   0   0  5.6425886234425102e-06 
2016   7  25  11  30   0  5.6377141955094507e-06 
2016   7  25  12   0   0  5.8937076147625887e-06 
2016   7  25  12  30   0  6.1662772860318863e-06 
2016   7  25  13   0   0  5.9258894249028982e-06 
2016   7  25  13  30   0  5.7518312175356219e-06 
2016   7  25  14   0   0  5.9511212264207689e-06 
2016   7  25  14  30   0  6.7180561205628781e-06 
2016   7  25  15   0   0  7.5841444735592804e-06 
2016   7  25  15  30   0  8.2945908905528168e-06 
2016   7  25  16   0   0  7.2560083039723708e-06 
2016   7  25  16  30   0  6.6417784346529379e-06 
2016   7  25  17   0   0  6.5814656336324699e-06 
2016   7  25  17  30   0  6.8607397581805788e-06 
2016   7  25  18   0   0  7.0976242841506762e-06 
2016   7  25  18  30   0  7.0944666918066845e-06 
2016   7  25  19   0   0  7.2492816258921501e-06 
2016   7  25  19  30   0  7.8304854639352439e-06 
2016   7  25  20   0   0  7.5335192803870132e-06 
2016   7  25  20  30   0  7.4737555921709374e-06 
2016   7  25  21   0   0  7.7794421149340771e-06 
2016   7  25  21  30   0  7.8320228573994556e-06 
2016   7  25  22   0   0  7.6767219694245034e-06 
2016   7  25  22  30   0  1.6290736837897919e-05 
2016   7  25  23   0   0  7.4725927429844483e-06 
2016   7  25  23  30   0  2.7970119292052814e-05 
2016   7  26   0   0   0  6.7253320693135352e-05 
2016   7  26   0  30   0  4.1631374367952567e-05 
2016   7  26   1   0   0  4.9003159404305631e-05 
2016   7  26   1  30   0  5.5803308390288242e-05 
2016   7  26   2   0   0  8.8010825296110700e-05 
2016   7  26   2  30   0  1.2141443120196555e-04 
2016   7  26   3   0   0  1.9818829810466692e-04 
2016   7  26   3  30   0  2.4171410014520541e-04 
2016   7  26   4   0   0  2.5170823723023232e-04 
2016   7  26   4  30   0  1.9555347346470757e-04 
2016   7  26   5   0   0  1.5692092669453920e-04 
2016   7  26   5  30   0  1.5066538305652709e-04 
2016   7  26   6   0   0  1.5952772520721215e-04 
2016   7  26   6  30   0  5.5501784846874221e-05 
2016   7  26   7   0   0  8.5166750937052721e-06 
2016   7  26   7  30   0  8.9193158109136435e-06 
2016   7  26   8   0   0  8.8463148077589453e-06 
2016   7  26   8  30   0  9.5726311204989429e-06 
2016   7  26   9   0   0  1.3553084571803932e-05 
2016   7  26   9  30   0  9.0548920475239508e-06 
2016   7  26  10   0   0  7.9547665985444319e-06 
2016   7  26  10  30   0  7.1951278408840484e-06 
2016   7  26  11   0   0  7.5200189736846306e-06 
2016   7  26  11  30   0  7.2815249799151943e-06 
2016   7  26  12   0   0  7.4065720094543908e-06 
2016   7  26  12  30   0  7.8648586620481141e-06 
2016   7  26  13   0   0  8.0134045844076066e-06 
2016   7  26  13  30   0  7.5409926594922693e-06 
2016   7  26  14   0   0  8.3385402732669718e-06 
2016   7  26  14  30   0  8.0418818921131365e-06 
2016   7  26  15   0   0  8.3671705253354782e-06 
2016   7  26  15  30   0  7.2834344299847366e-06 
2016   7  26  16   0   0  7.0941172048373180e-06 
2016   7  26  16  30   0  7.4950644522051038e-06 
2016   7  26  17   0   0  7.2580737812103611e-06 
2016   7  26  17  30   0  7.6049696108641164e-06 
2016   7  26  18   0   0  7.3111647340720272e-06 
2016   7  26  18  30   0  8.0752046264757401e-06 
2016   7  26  19   0   0  7.9909366481352440e-06 
2016   7  26  19  30   0  8.6258466223412226e-06 
2016   7  26  20   0   0  8.7607972030936973e-06 
2016   7  26  20  30   0  9.1006184944695740e-06 
2016   7  26  21   0   0  4.3439872008099648e-05 
2016   7  26  21  30   0  1.8636132530797418e-04 
2016   7  26  22   0   0  2.4082726350821131e-04 
2016   7  26  22  30   0  2.9063935510282158e-04 
2016   7  26  23   0   0  2.9201203455498628e-04 
2016   7  26  23  30   0  3.1499053190527939e-04 
2016   7  27   0   0   0  3.5575573260299723e-04 
2016   7  27   0  30   0  2.8412246011735116e-04 
2016   7  27   1   0   0  3.0120041007951310e-04 
2016   7  27   1  30   0  3.2693211786509918e-04 
2016   7  27   2   0   0  5.0714611343106737e-04 
2016   7  27   2  30   0  5.7970984280525774e-04 
2016   7  27   3   0   0  6.6187969399175998e-04 
2016   7  27   3  30   0  7.1639723637727856e-04 
2016   7  27   4   0   0  7.4285140032615319e-04 
2016   7  27   4  30   0  7.1242318396635171e-04 
2016   7  27   5   0   0  6.1576881941187911e-04 
2016   7  27   5  30   0  6.6030801267225351e-04 
2016   7  27   6   0   0  5.5063008526372987e-04 
2016   7  27   6  30   0  4.4616314510893113e-04 
2016   7  27   7   0   0  4.0214267796805011e-04 
2016   7  27   7  30   0  3.8517247960246623e-04 
2016   7  27   8   0   0  3.2913407824319255e-04 
2016   7  27   8  30   0  1.8530937686416594e-04 
2016   7  27   9   0   0  7.9190628160133751e-05 
2016   7  27   9  30   0  7.1628993296681464e-05 
2016   7  27  10   0   0  1.6856513008770551e-05 
2016   7  27  10  30   0  6.3983670749166737e-06 
2016   7  27  11   0   0  5.8667224164236868e-06 
2016   7  27  11  30   0  6.0572893708688752e-06 
2016   7  27  12   0   0  5.7855485350080006e-06 
2016   7  27  12  30   0  5.9591661404228262e-06 
2016   7  27  13   0   0  6.2191327576445290e-06 
2016   7  27  13  30   0  6.9002923960915962e-06 
2016   7  27  14   0   0  7.0750100204040580e-06 
2016   7  27  14  30   0  6.5278851421675087e-06 
2016   7  27  15   0   0  6.3735867525785511e-06 
2016   7  27  15  30   0  6.2930214396130131e-06 
2016   7  27  16   0   0  6.3436015379644915e-06 
2016   7  27  16  30   0  5.8718684154446584e-06 
2016   7  27  17   0   0  6.0472773365492768e-06 
2016   7  27  17  30   0  6.7321785109550778e-06 
2016   7  27  18   0   0  6.9554437306751907e-06 
2016   7  27  18  30   0  9.6212861398554214e-06 
2016   7  27  19   0   0  5.6589932496939369e-05 
2016   7  27  19  30   0  1.0412607051824410e-04 
2016   7  27  20   0   0  1.6917406563480756e-04 
2016   7  27  20  30   0  2.2318344309731324e-04 
2016   7  27  21   0   0  2.6829579810735022e-04 
2016   7  27  21  30   0  2.9097915789411653e-04 
2016   7  27  22   0   0  2.9131255863941446e-04 
2016   7  27  22  30   0  3.6075902230642021e-04 
2016   7  27  23   0   0  3.8862520590989832e-04 
2016   7  27  23  30   0  3.8912729042924507e-04 
2016   7  28   0   0   0  5.0190441011142568e-04 
2016   7  28   0  30   0  5.5605611068488897e-04 
2016   7  28   1   0   0  5.6447595211531003e-04 
2016   7  28   1  30   0  5.3220720972988356e-04 
2016   7  28   2   0   0  5.2867472373575842e-04 
2016   7  28   2  30   0  5.0615816999803978e-04 
2016   7  28   3   0   0  4.9191350238309635e-04 
2016   7  28   3  30   0  4.6138977754972793e-04 
2016   7  28   4   0   0  4.6263248323810089e-04 
2016   7  28   4  30   0  4.6523285051261622e-04 
2016   7  28   5   0   0  5.2368800534078675e-04 
2016   7  28   5  30   0  5.2614673533376525e-04 
2016   7  28   6   0   0  6.1023228939323967e-04 
2016   7  28   6  30   0  6.5289953585850977e-04 
2016   7  28   7   0   0  5.4185942223497019e-04 
2016   7  28   7  30   0  4.8053014243413356e-04 
2016   7  28   8   0   0  4.6056018321547263e-04 
2016   7  28   8  30   0  4.4779822105443318e-04 
2016   7  28   9   0   0  4.2484402336197404e-04 
2016   7  28   9  30   0  2.9096456196137679e-04 
2016   7  28  10   0   0  2.3432871112817955e-04 
2016   7  28  10  30   0  1.4610335475341495e-04 
2016   7  28  11   0   0  3.9563276717372839e-05 
2016   7  28  11  30   0  2.1216373305713959e-04 
2016   7  28  12   0   0  2.8437730361261318e-04 
2016   7  28  12  30   0  3.3486139253844331e-04 
2016   7  28  13   0   0  4.5053854621650503e-04 
2016   7  28  13  30   0  5.1490337288125358e-04 
2016   7  28  14   0   0  4.2063069561506334e-04 
2016   7  28  14  30   0  9.8813321510395121e-05 
2016   7  28  15   0   0  6.4207001452447636e-05 
2016   7  28  15  30   0  2.0608912718410887e-05 
2016   7  28  16   0   0  1.0310494258978115e-04 
2016   7  28  16  30   0  2.2161382892922467e-04 
2016   7  28  17   0   0  3.0906905963890480e-04 
2016   7  28  17  30   0  2.5827736903975411e-04 
2016   7  28  18   0   0  3.1075130473288862e-04 
2016   7  28  18  30   0  4.0267206877309483e-04 
2016   7  28  19   0   0  3.1142696993730962e-04 
2016   7  28  19  30   0  3.5215351883122642e-04 
2016   7  28  20   0   0  4.5771044568289267e-04 
2016   7  28  20  30   0  5.9422825311603164e-04 
2016   7  28  21   0   0  7.3893970658709632e-04 
2016   7  28  21  30   0  8.0142062955590768e-04 
2016   7  28  22   0   0  7.9659045633842540e-04 
2016   7  28  22  30   0  7.5724374979373589e-04 
2016   7  28  23   0   0  7.6079356213427235e-04 
2016   7  28  23  30   0  7.7501360786544338e-04 
2016   7  29   0   0   0  8.5529347094408866e-04 
2016   7  29   0  30   0  8.8991729355546536e-04 
2016   7  29   1   0   0  1.0216894293730017e-03 
2016   7  29   1  30   0  8.9391618375167644e-04 
2016   7  29   2   0   0  8.5270885361936203e-04 
2016   7  29   2  30   0  7.6859105373737707e-04 
2016   7  29   3   0   0  7.3217728552648449e-04 
2016   7  29   3  30   0  6.7104985143272798e-04 
2016   7  29   4   0   0  6.6578444464564636e-04 
2016   7  29   4  30   0  6.6056055882011803e-04 
2016   7  29   5   0   0  6.5541584234623271e-04 
2016   7  29   5  30   0  6.9489093514866508e-04 
2016   7  29   6   0   0  8.1930235525377588e-04 
2016   7  29   6  30   0  8.9077755738511141e-04 
2016   7  29   7   0   0  7.7005286450006487e-04 
2016   7  29   7  30   0  5.6051023902374650e-04 
2016   7  29   8   0   0  4.6821681913039603e-04 
2016   7  29   8  30   0  4.1597259129942682e-04 
2016   7  29   9   0   0  4.3248351874504621e-04 
2016   7  29   9  30   0  3.5555996230656237e-04 
2016   7  29  10   0   0  2.7661897695144754e-04 
2016   7  29  10  30   0  1.9046545142847876e-04 
2016   7  29  11   0   0  1.9085133597245154e-04 
2016   7  29  11  30   0  4.5590510037268187e-05 
2016   7  29  12   0   0  9.4318516479911089e-06 
2016   7  29  12  30   0  9.3502789897004048e-06 
2016   7  29  13   0   0  9.2696705296815791e-06 
2016   7  29  13  30   0  8.6803643089477296e-06 
2016   7  29  14   0   0  8.6723026163101328e-06 
2016   7  29  14  30   0  8.4901321364369885e-06 
2016   7  29  15   0   0  8.6683590471321584e-06 
2016   7  29  15  30   0  7.6003230794644615e-06 
2016   7  29  16   0   0  7.1858769493468729e-06 
2016   7  29  16  30   0  7.2732909395236787e-06 
2016   7  29  17   0   0  7.1974076515868064e-06 
2016   7  29  17  30   0  6.9117108330751226e-06 
2016   7  29  18   0   0  6.7479349518944537e-06 
2016   7  29  18  30   0  5.5393091267917326e-05 
2016   7  29  19   0   0  4.8513409798283183e-04 
2016   7  29  19  30   0  5.2009707202379347e-04 
2016   7  29  20   0   0  5.5293958241108010e-04 
2016   7  29  20  30   0  5.5500291346076848e-04 
2016   7  29  21   0   0  6.0436412066147509e-04 
2016   7  29  21  30   0  6.0451295813239577e-04 
2016   7  29  22   0   0  5.9587841090480279e-04 
2016   7  29  22  30   0  6.0354668074050915e-04 
2016   7  29  23   0   0  6.1025256004484214e-04 
2016   7  29  23  30   0  6.2307976400748273e-04 
2016   7  30   0   0   0  5.7666794505385885e-04 
2016   7  30   0  30   0  5.6828081743485754e-04 
2016   7  30   1   0   0  5.4808281490872912e-04 
2016   7  30   1  30   0  5.3183925010585225e-04 
2016   7  30   2   0   0  5.2187020254303423e-04 
2016   7  30   2  30   0  5.3320446384377568e-04 
2016   7  30   3   0   0  5.4475514777864659e-04 
2016   7  30   3  30   0  5.4003202492224154e-04 
2016   7  30   4   0   0  5.3212037394178115e-04 
2016   7  30   4  30   0  5.2841967747863582e-04 
2016   7  30   5   0   0  5.2940734420164263e-04 
2016   7  30   5  30   0  5.0695618632079010e-04 
2016   7  30   6   0   0  4.7718392810180038e-04 
2016   7  30   6  30   0  5.1017602418098479e-04 
2016   7  30   7   0   0  5.2966253417279104e-04 
2016   7  30   7  30   0  5.3997715628278367e-04 
2016   7  30   8   0   0  4.7800386191649544e-04 
2016   7  30   8  30   0  4.2945463194101700e-04 
2016   7  30   9   0   0  3.5763838875996771e-04 
2016   7  30   9  30   0  3.1199891646910180e-04 
2016   7  30  10   0   0  2.1969353238533390e-04 
2016   7  30  10  30   0  2.5590119928900289e-04 
2016   7  30  11   0   0  2.1946473570609557e-04 
2016   7  30  11  30   0  8.5145794443407014e-05 
2016   7  30  12   0   0  4.1819694891758454e-05 
2016   7  30  12  30   0  6.1666978160984925e-06 
2016   7  30  13   0   0  6.5840709792813582e-06 
2016   7  30  13  30   0  4.6266395278649263e-06 
2016   7  30  14   0   0  4.2874259307886390e-06 
2016   7  30  14  30   0  4.0373305259126593e-06 
2016   7  30  15   0   0  5.3876036664835070e-06 
2016   7  30  15  30   0  5.7895835819993372e-06 
2016   7  30  16   0   0  5.1906279244163616e-06 
2016   7  30  16  30   0  5.1938290539920606e-06 
2016   7  30  17   0   0  6.9241807764781758e-06 
2016   7  30  17  30   0  5.2247795749658862e-06 
2016   7  30  18   0   0  5.8391861953839329e-06 
2016   7  30  18  30   0  5.2098189661972562e-06 
2016   7  30  19   0   0  5.6182509300225012e-05 
2016   7  30  19  30   0  9.1649637191730223e-05 
2016   7  30  20   0   0  1.2925314729884794e-04 
2016   7  30  20  30   0  1.7398072790944692e-04 
2016   7  30  21   0   0  2.1159928097724511e-04 
2016   7  30  21  30   0  2.5611992376056155e-04 
2016   7  30  22   0   0  3.6683620534166332e-04 
2016   7  30  22  30   0  3.2970248799409660e-04 
2016   7  30  23   0   0  3.4351900051537499e-04 
2016   7  30  23  30   0  3.4547275893823142e-04 
2016   7  31   0   0   0  3.4174393026413508e-04 
2016   7  31   0  30   0  3.5819089714286064e-04 
2016   7  31   1   0   0  3.7700514060203563e-04 
2016   7  31   1  30   0  3.9739887523089029e-04 
2016   7  31   2   0   0  4.2664534350507391e-04 
2016   7  31   2  30   0  4.8745806023998495e-04 
2016   7  31   3   0   0  5.4789560185141599e-04 
2016   7  31   3  30   0  5.8715581860088750e-04 
2016   7  31   4   0   0  5.6103127036996993e-04 
2016   7  31   4  30   0  5.6031780427312527e-04 
2016   7  31   5   0   0  5.5923955353170301e-04 
2016   7  31   5  30   0  5.2286536724277294e-04 
2016   7  31   6   0   0  4.5320027364029029e-04 
2016   7  31   6  30   0  4.3910810162774350e-04 
2016   7  31   7   0   0  4.0182778071342251e-04 
2016   7  31   7  30   0  3.6468026304059119e-04 
2016   7  31   8   0   0  2.2634876005579122e-04 
2016   7  31   8  30   0  1.3573494844271205e-04 
2016   7  31   9   0   0  1.0787293029926515e-04 
2016   7  31   9  30   0  5.6929771962382444e-06 
2016   7  31  10   0   0  5.4890095054014567e-06 
2016   7  31  10  30   0  5.8232219786298845e-06 
2016   7  31  11   0   0  5.8407047084524058e-06 
2016   7  31  11  30   0  5.7271168754694596e-06 
2016   7  31  12   0   0  5.3001033846557897e-06 
2016   7  31  12  30   0  5.4960945362474906e-06 
2016   7  31  13   0   0  5.6746873257410519e-06 
2016   7  31  13  30   0  5.8262867384946846e-06 
2016   7  31  14   0   0  4.8827584113007679e-06 
2016   7  31  14  30   0  5.2929976247916902e-06 
2016   7  31  15   0   0  4.0183532147768235e-06 
2016   7  31  15  30   0  3.9004685786130955e-06 
2016   7  31  16   0   0  4.3854941875948873e-06 
2016   7  31  16  30   0  4.8387826058914154e-06 
2016   7  31  17   0   0  5.3879906178791034e-06 
2016   7  31  17  30   0  5.6272433205615893e-06 
2016   7  31  18   0   0  5.7546336001161594e-06 
2016   7  31  18  30   0  5.6925467367403003e-06 
2016   7  31  19   0   0  6.0107527540046303e-06 
2016   7  31  19  30   0  6.1207829479683264e-06 
2016   7  31  20   0   0  6.2369312627931715e-06 
2016   7  31  20  30   0  2.2081204163793765e-05 
2016   7  31  21   0   0  7.4635340755219187e-05 
2016   7  31  21  30   0  1.9171118168739406e-04 
2016   7  31  22   0   0  2.0405034983939489e-04 
2016   7  31  22  30   0  1.9737956365542964e-04 
2016   7  31  23   0   0  2.3143732289515606e-04 
2016   7  31  23  30   0  2.3383323079077372e-04 
2016   8   1   0   0   0  2.3383323079077372e-04 
