   0   0   0   0   0   0  0.006519 
2016   7   1   0   0   0  6.5186981303215225e-03 
2016   7   1   0  30   0  6.8218150010824780e-03 
2016   7   1   1   0   0  7.1399248442484877e-03 
2016   7   1   1  30   0  7.3600467312530697e-03 
2016   7   1   2   0   0  7.4485123547764643e-03 
2016   7   1   2  30   0  7.7503523182517646e-03 
2016   7   1   3   0   0  7.9788642719289954e-03 
2016   7   1   3  30   0  7.8406628390751583e-03 
2016   7   1   4   0   0  7.6898781199236654e-03 
2016   7   1   4  30   0  7.4728409097074549e-03 
2016   7   1   5   0   0  7.1829051329060783e-03 
2016   7   1   5  30   0  7.0488786737116184e-03 
2016   7   1   6   0   0  7.1547231601903627e-03 
2016   7   1   6  30   0  7.4007602555037737e-03 
2016   7   1   7   0   0  7.5838168600278833e-03 
2016   7   1   7  30   0  7.4643568534189745e-03 
2016   7   1   8   0   0  7.3608425803338325e-03 
2016   7   1   8  30   0  7.2018283826867230e-03 
2016   7   1   9   0   0  7.1762176235659579e-03 
2016   7   1   9  30   0  7.4569175861555325e-03 
2016   7   1  10   0   0  7.4178684141667506e-03 
2016   7   1  10  30   0  7.3145096496610431e-03 
2016   7   1  11   0   0  7.4868927119814800e-03 
2016   7   1  11  30   0  7.4383934127557269e-03 
2016   7   1  12   0   0  6.8803699761290343e-03 
2016   7   1  12  30   0  6.9090920245191466e-03 
2016   7   1  13   0   0  6.9954482894468532e-03 
2016   7   1  13  30   0  6.7147141518765097e-03 
2016   7   1  14   0   0  6.8694339564408669e-03 
2016   7   1  14  30   0  7.0141434295352533e-03 
2016   7   1  15   0   0  6.8371859349899361e-03 
2016   7   1  15  30   0  7.2033781520191749e-03 
2016   7   1  16   0   0  7.4218874237028457e-03 
2016   7   1  16  30   0  7.6026644241320510e-03 
2016   7   1  17   0   0  7.9975299813008424e-03 
2016   7   1  17  30   0  7.9945856502577385e-03 
2016   7   1  18   0   0  8.0573446834191279e-03 
2016   7   1  18  30   0  7.9692489087181788e-03 
2016   7   1  19   0   0  8.0026030320058412e-03 
2016   7   1  19  30   0  7.8095630310230256e-03 
2016   7   1  20   0   0  7.7664426608459900e-03 
2016   7   1  20  30   0  8.1582293479714237e-03 
2016   7   1  21   0   0  8.4687790735174309e-03 
2016   7   1  21  30   0  8.6335105592311358e-03 
2016   7   1  22   0   0  8.6555482281194876e-03 
2016   7   1  22  30   0  8.5518748627553438e-03 
2016   7   1  23   0   0  8.9270140449712893e-03 
2016   7   1  23  30   0  9.3051620537046176e-03 
2016   7   2   0   0   0  9.7520299105635939e-03 
2016   7   2   0  30   0  1.0080044653710811e-02 
2016   7   2   1   0   0  1.0431526954280190e-02 
2016   7   2   1  30   0  1.0831270070086890e-02 
2016   7   2   2   0   0  1.0899425897861104e-02 
2016   7   2   2  30   0  1.0983308677387256e-02 
2016   7   2   3   0   0  1.1030349021528036e-02 
2016   7   2   3  30   0  1.1089681871770361e-02 
2016   7   2   4   0   0  1.1148858629203550e-02 
2016   7   2   4  30   0  1.1211244461656262e-02 
2016   7   2   5   0   0  1.1056574227663518e-02 
2016   7   2   5  30   0  1.0801214951595904e-02 
2016   7   2   6   0   0  1.0805293854363272e-02 
2016   7   2   6  30   0  1.0795254891890520e-02 
2016   7   2   7   0   0  1.0329352696123248e-02 
2016   7   2   7  30   0  9.9945395455454250e-03 
2016   7   2   8   0   0  1.0771956427396494e-02 
2016   7   2   8  30   0  1.0629155866891667e-02 
2016   7   2   9   0   0  9.8860302621737485e-03 
2016   7   2   9  30   0  9.6448965256339652e-03 
2016   7   2  10   0   0  9.2736112162722789e-03 
2016   7   2  10  30   0  8.9759233193068885e-03 
2016   7   2  11   0   0  8.7329797401765538e-03 
2016   7   2  11  30   0  8.6258238052715173e-03 
2016   7   2  12   0   0  8.5812102144076970e-03 
2016   7   2  12  30   0  8.3715324322066968e-03 
2016   7   2  13   0   0  8.6125909454401219e-03 
2016   7   2  13  30   0  8.5361193577713646e-03 
2016   7   2  14   0   0  8.4402866616962394e-03 
2016   7   2  14  30   0  8.2841722786335548e-03 
2016   7   2  15   0   0  8.6014758973178753e-03 
2016   7   2  15  30   0  8.6202544748311422e-03 
2016   7   2  16   0   0  8.5549839600075738e-03 
2016   7   2  16  30   0  8.2323330593996151e-03 
2016   7   2  17   0   0  9.0070746122827509e-03 
2016   7   2  17  30   0  9.8893887275963259e-03 
2016   7   2  18   0   0  1.0727437974964579e-02 
2016   7   2  18  30   0  1.1123766648429336e-02 
2016   7   2  19   0   0  1.1179291017694555e-02 
2016   7   2  19  30   0  1.2632595637997988e-02 
2016   7   2  20   0   0  1.2674739628696479e-02 
2016   7   2  20  30   0  1.2507602036730989e-02 
2016   7   2  21   0   0  1.2441826613406440e-02 
2016   7   2  21  30   0  1.2587365244666462e-02 
2016   7   2  22   0   0  1.3074761981386167e-02 
2016   7   2  22  30   0  1.3703793812723868e-02 
2016   7   2  23   0   0  1.4554840950687025e-02 
2016   7   2  23  30   0  1.4834154177159650e-02 
2016   7   3   0   0   0  1.0949079545840120e-02 
2016   7   3   0  30   0  1.0043429246501518e-02 
2016   7   3   1   0   0  9.8959332132169675e-03 
2016   7   3   1  30   0  9.5272126926949380e-03 
2016   7   3   2   0   0  8.9485794397761702e-03 
2016   7   3   2  30   0  8.4193923474251038e-03 
2016   7   3   3   0   0  7.7997028592000309e-03 
2016   7   3   3  30   0  8.1136208366133587e-03 
2016   7   3   4   0   0  8.0073035272566970e-03 
2016   7   3   4  30   0  7.9818285651446792e-03 
2016   7   3   5   0   0  7.1885848159911336e-03 
2016   7   3   5  30   0  6.7353738035074943e-03 
2016   7   3   6   0   0  5.7805785091995243e-03 
2016   7   3   6  30   0  6.3241305184576161e-03 
2016   7   3   7   0   0  7.4737071245290403e-03 
2016   7   3   7  30   0  5.4788571772914855e-03 
2016   7   3   8   0   0  2.3777945691942199e-03 
2016   7   3   8  30   0  1.5551075258374851e-03 
2016   7   3   9   0   0  1.6701007906345202e-03 
2016   7   3   9  30   0  1.8523510436070365e-03 
2016   7   3  10   0   0  1.7756462943693972e-03 
2016   7   3  10  30   0  2.3831832918025432e-03 
2016   7   3  11   0   0  2.6696113918273107e-03 
2016   7   3  11  30   0  2.9238663160774956e-03 
2016   7   3  12   0   0  3.2846210795726173e-03 
2016   7   3  12  30   0  3.5335849179764290e-03 
2016   7   3  13   0   0  3.9161317132276009e-03 
2016   7   3  13  30   0  4.1113374826513829e-03 
2016   7   3  14   0   0  4.3970990603493980e-03 
2016   7   3  14  30   0  4.6124378560284942e-03 
2016   7   3  15   0   0  4.8122326819342205e-03 
2016   7   3  15  30   0  5.0463871904267866e-03 
2016   7   3  16   0   0  5.2860274622414964e-03 
2016   7   3  16  30   0  5.4221401690601780e-03 
2016   7   3  17   0   0  5.4595413162657957e-03 
2016   7   3  17  30   0  4.8906707460377365e-03 
2016   7   3  18   0   0  4.6390798068168754e-03 
2016   7   3  18  30   0  4.5651218752698793e-03 
2016   7   3  19   0   0  4.1170244483368958e-03 
2016   7   3  19  30   0  3.7664086357749316e-03 
2016   7   3  20   0   0  3.6296126947905002e-03 
2016   7   3  20  30   0  3.5951812578893247e-03 
2016   7   3  21   0   0  3.4773564269718529e-03 
2016   7   3  21  30   0  3.5091151744515818e-03 
2016   7   3  22   0   0  3.8842362424732707e-03 
2016   7   3  22  30   0  3.7515013499452646e-03 
2016   7   3  23   0   0  3.6519702047774528e-03 
2016   7   3  23  30   0  3.7872202076188535e-03 
2016   7   4   0   0   0  3.8716073588524126e-03 
2016   7   4   0  30   0  4.0751250070103461e-03 
2016   7   4   1   0   0  4.0281766321705031e-03 
2016   7   4   1  30   0  4.0658365734520894e-03 
2016   7   4   2   0   0  4.1436741269736364e-03 
2016   7   4   2  30   0  4.2900596395837988e-03 
2016   7   4   3   0   0  4.2581323172279813e-03 
2016   7   4   3  30   0  4.1429798329809574e-03 
2016   7   4   4   0   0  3.9217863310554929e-03 
2016   7   4   4  30   0  4.0831863722375246e-03 
2016   7   4   5   0   0  4.0918606825016170e-03 
2016   7   4   5  30   0  4.0259170255042111e-03 
2016   7   4   6   0   0  4.0033234564781518e-03 
2016   7   4   6  30   0  4.2299885204284743e-03 
2016   7   4   7   0   0  3.9926470811667680e-03 
2016   7   4   7  30   0  2.8933180811910836e-03 
2016   7   4   8   0   0  2.0919899508335146e-03 
2016   7   4   8  30   0  2.0388243432335165e-03 
2016   7   4   9   0   0  1.9931843712634218e-03 
2016   7   4   9  30   0  1.9313474196024742e-03 
2016   7   4  10   0   0  2.0319742785604501e-03 
2016   7   4  10  30   0  2.0817691761242842e-03 
2016   7   4  11   0   0  2.1832658080476572e-03 
2016   7   4  11  30   0  2.4730919169192126e-03 
2016   7   4  12   0   0  2.7412997700690528e-03 
2016   7   4  12  30   0  2.9584191584565841e-03 
2016   7   4  13   0   0  3.0078042015534833e-03 
2016   7   4  13  30   0  3.0678027520308830e-03 
2016   7   4  14   0   0  3.3282829313447753e-03 
2016   7   4  14  30   0  3.6720522357769091e-03 
2016   7   4  15   0   0  3.6170124004367490e-03 
2016   7   4  15  30   0  3.6770942930226020e-03 
2016   7   4  16   0   0  3.7870879862827167e-03 
2016   7   4  16  30   0  4.0025549442785219e-03 
2016   7   4  17   0   0  3.8890563367847920e-03 
2016   7   4  17  30   0  3.9820676229025027e-03 
2016   7   4  18   0   0  4.2127349606959933e-03 
2016   7   4  18  30   0  4.5578247480970177e-03 
2016   7   4  19   0   0  4.8894896479558837e-03 
2016   7   4  19  30   0  5.1255631340561695e-03 
2016   7   4  20   0   0  5.0177970673233978e-03 
2016   7   4  20  30   0  5.1435238292721229e-03 
2016   7   4  21   0   0  5.1711664931843992e-03 
2016   7   4  21  30   0  4.9846507006449121e-03 
2016   7   4  22   0   0  4.7964812884372420e-03 
2016   7   4  22  30   0  4.5498372754410928e-03 
2016   7   4  23   0   0  4.5199724557264840e-03 
2016   7   4  23  30   0  4.5970434542304400e-03 
2016   7   5   0   0   0  3.8633968996358006e-03 
2016   7   5   0  30   0  3.8723250248474408e-03 
2016   7   5   1   0   0  3.0336962419739047e-03 
2016   7   5   1  30   0  2.9300582722929535e-03 
2016   7   5   2   0   0  2.7452651351065325e-03 
2016   7   5   2  30   0  2.5001571412370913e-03 
2016   7   5   3   0   0  2.4643189556086491e-03 
2016   7   5   3  30   0  2.7385254209408546e-03 
2016   7   5   4   0   0  3.1264010966198619e-03 
2016   7   5   4  30   0  3.3932996304186320e-03 
2016   7   5   5   0   0  3.3122021487040298e-03 
2016   7   5   5  30   0  3.2165024406230367e-03 
2016   7   5   6   0   0  3.1270929778942510e-03 
2016   7   5   6  30   0  3.3759156107929880e-03 
2016   7   5   7   0   0  3.7359170733331356e-03 
2016   7   5   7  30   0  3.8855262021932103e-03 
2016   7   5   8   0   0  4.0794196561011299e-03 
2016   7   5   8  30   0  3.3569553566518725e-03 
2016   7   5   9   0   0  3.3076425787619953e-03 
2016   7   5   9  30   0  3.2672339971270285e-03 
2016   7   5  10   0   0  3.0274415060831087e-03 
2016   7   5  10  30   0  2.8947849676710987e-03 
2016   7   5  11   0   0  2.8820008737833673e-03 
2016   7   5  11  30   0  2.8026641001677446e-03 
2016   7   5  12   0   0  2.8171230177981405e-03 
2016   7   5  12  30   0  2.6933749062088615e-03 
2016   7   5  13   0   0  2.5387031840183216e-03 
2016   7   5  13  30   0  2.5410780621488447e-03 
2016   7   5  14   0   0  2.4375496595532629e-03 
2016   7   5  14  30   0  2.3236407224888921e-03 
2016   7   5  15   0   0  2.1272765694802685e-03 
2016   7   5  15  30   0  2.0878392605217888e-03 
2016   7   5  16   0   0  2.0373300457275593e-03 
2016   7   5  16  30   0  2.1078918247263967e-03 
2016   7   5  17   0   0  2.2780711727518718e-03 
2016   7   5  17  30   0  2.3972219041612955e-03 
2016   7   5  18   0   0  2.6172341282411954e-03 
2016   7   5  18  30   0  2.8225686200918977e-03 
2016   7   5  19   0   0  2.6722763355492849e-03 
2016   7   5  19  30   0  2.8354709796723672e-03 
2016   7   5  20   0   0  2.9060506118025720e-03 
2016   7   5  20  30   0  2.4582019404813926e-03 
2016   7   5  21   0   0  2.2585522594843251e-03 
2016   7   5  21  30   0  2.2396833908926240e-03 
2016   7   5  22   0   0  2.1678264611352345e-03 
2016   7   5  22  30   0  1.9300388628996799e-03 
2016   7   5  23   0   0  1.8028520104143740e-03 
2016   7   5  23  30   0  1.6700831871780829e-03 
2016   7   6   0   0   0  1.6554337845666230e-03 
2016   7   6   0  30   0  1.6975008954972764e-03 
2016   7   6   1   0   0  1.6802876827454202e-03 
2016   7   6   1  30   0  1.6904634780900809e-03 
2016   7   6   2   0   0  1.6571087773360282e-03 
2016   7   6   2  30   0  1.6450909644391385e-03 
2016   7   6   3   0   0  1.5482914610721176e-03 
2016   7   6   3  30   0  1.6424909333216428e-03 
2016   7   6   4   0   0  1.7183562269528214e-03 
2016   7   6   4  30   0  1.7929079015934304e-03 
2016   7   6   5   0   0  1.8588678662539789e-03 
2016   7   6   5  30   0  1.9989487631401287e-03 
2016   7   6   6   0   0  2.4537904143172766e-03 
2016   7   6   6  30   0  3.0420668855918064e-03 
2016   7   6   7   0   0  3.2457961013646372e-03 
2016   7   6   7  30   0  3.0644280216812142e-03 
2016   7   6   8   0   0  3.0183475887912842e-03 
2016   7   6   8  30   0  2.4710551698370184e-03 
2016   7   6   9   0   0  2.4388561416144065e-03 
2016   7   6   9  30   0  2.5377229267557434e-03 
2016   7   6  10   0   0  2.4904392692653983e-03 
2016   7   6  10  30   0  2.2978367738610062e-03 
2016   7   6  11   0   0  2.0361335668964793e-03 
2016   7   6  11  30   0  1.9007093182600123e-03 
2016   7   6  12   0   0  1.9622539499293441e-03 
2016   7   6  12  30   0  2.0887390701651849e-03 
2016   7   6  13   0   0  2.0278558582356118e-03 
2016   7   6  13  30   0  1.8533850456675302e-03 
2016   7   6  14   0   0  1.7268529094406982e-03 
2016   7   6  14  30   0  1.5965833665238644e-03 
2016   7   6  15   0   0  1.4890114262327025e-03 
2016   7   6  15  30   0  1.6565233099427176e-03 
2016   7   6  16   0   0  1.6376893093138841e-03 
2016   7   6  16  30   0  1.7593853093354308e-03 
2016   7   6  17   0   0  1.6654117561016417e-03 
2016   7   6  17  30   0  1.4624254911168707e-03 
2016   7   6  18   0   0  1.1341673915458740e-03 
2016   7   6  18  30   0  1.1042955668578139e-03 
2016   7   6  19   0   0  1.0544822915778784e-03 
2016   7   6  19  30   0  7.7871677988356532e-04 
2016   7   6  20   0   0  8.5890395686464606e-04 
2016   7   6  20  30   0  1.2643104989918227e-03 
2016   7   6  21   0   0  1.4751385185902491e-03 
2016   7   6  21  30   0  1.6002347125151286e-03 
2016   7   6  22   0   0  1.7524103672582414e-03 
2016   7   6  22  30   0  1.7448895875793531e-03 
2016   7   6  23   0   0  1.7046433843196031e-03 
2016   7   6  23  30   0  1.8477374135166282e-03 
2016   7   7   0   0   0  1.6048312487160191e-03 
2016   7   7   0  30   0  1.5699379885068022e-03 
2016   7   7   1   0   0  1.5100953369842694e-03 
2016   7   7   1  30   0  1.5699270329583598e-03 
2016   7   7   2   0   0  1.6401737161504378e-03 
2016   7   7   2  30   0  1.4179469879057013e-03 
2016   7   7   3   0   0  1.3339280711997198e-03 
2016   7   7   3  30   0  1.2013761968717098e-03 
2016   7   7   4   0   0  1.0078424981581379e-03 
2016   7   7   4  30   0  8.1381201853498151e-04 
2016   7   7   5   0   0  5.1669139526829369e-04 
2016   7   7   5  30   0  4.4161107996777780e-04 
2016   7   7   6   0   0  4.3307386182951532e-04 
2016   7   7   6  30   0  4.5558686826491289e-04 
2016   7   7   7   0   0  5.4888507032148002e-04 
2016   7   7   7  30   0  6.5042304188021535e-04 
2016   7   7   8   0   0  6.4133674807482154e-04 
2016   7   7   8  30   0  5.4288841916236568e-04 
2016   7   7   9   0   0  5.8072458716575538e-04 
2016   7   7   9  30   0  6.1210915371024137e-04 
2016   7   7  10   0   0  8.7247305685137118e-04 
2016   7   7  10  30   0  1.0472323343348328e-03 
2016   7   7  11   0   0  1.2416620602302248e-03 
2016   7   7  11  30   0  1.3710186327601658e-03 
2016   7   7  12   0   0  1.6323131560990805e-03 
2016   7   7  12  30   0  1.8915229669517054e-03 
2016   7   7  13   0   0  1.8981774511110550e-03 
2016   7   7  13  30   0  1.8849243973512440e-03 
2016   7   7  14   0   0  1.8994024953095630e-03 
2016   7   7  14  30   0  1.9414408555463996e-03 
2016   7   7  15   0   0  1.9210375256781870e-03 
2016   7   7  15  30   0  1.3121559436411266e-03 
2016   7   7  16   0   0  1.0663981573184975e-03 
2016   7   7  16  30   0  1.3289078386889460e-03 
2016   7   7  17   0   0  1.3884571981940975e-03 
2016   7   7  17  30   0  1.3561072492522610e-03 
2016   7   7  18   0   0  1.2743353459615857e-03 
2016   7   7  18  30   0  1.4034546385218180e-03 
2016   7   7  19   0   0  1.5813139662303965e-03 
2016   7   7  19  30   0  1.7641877167468407e-03 
2016   7   7  20   0   0  1.9762431057526184e-03 
2016   7   7  20  30   0  2.1333346179934782e-03 
2016   7   7  21   0   0  2.1935249225611395e-03 
2016   7   7  21  30   0  2.0675125438782910e-03 
2016   7   7  22   0   0  2.1268275102453260e-03 
2016   7   7  22  30   0  2.5378332192411523e-03 
2016   7   7  23   0   0  2.4994923584741938e-03 
2016   7   7  23  30   0  2.7674428371210753e-03 
2016   7   8   0   0   0  2.9397594885025393e-03 
2016   7   8   0  30   0  2.9685394889178169e-03 
2016   7   8   1   0   0  3.0479687922382631e-03 
2016   7   8   1  30   0  3.1357341747688789e-03 
2016   7   8   2   0   0  3.1958704959842883e-03 
2016   7   8   2  30   0  3.3314004072353544e-03 
2016   7   8   3   0   0  3.3264206292064808e-03 
2016   7   8   3  30   0  3.2245172788360863e-03 
2016   7   8   4   0   0  3.3754646675152860e-03 
2016   7   8   4  30   0  3.3582979054700077e-03 
2016   7   8   5   0   0  2.5551819194752747e-03 
2016   7   8   5  30   0  2.0592219416964608e-03 
2016   7   8   6   0   0  1.5419487083447854e-03 
2016   7   8   6  30   0  1.6205454889361883e-03 
2016   7   8   7   0   0  1.7709059732593574e-03 
2016   7   8   7  30   0  1.8149959268968811e-03 
2016   7   8   8   0   0  1.9623726002059470e-03 
2016   7   8   8  30   0  2.0027168516994214e-03 
2016   7   8   9   0   0  1.9990198209258667e-03 
2016   7   8   9  30   0  2.1550425237719657e-03 
2016   7   8  10   0   0  2.3142450568212308e-03 
2016   7   8  10  30   0  1.9231926136585699e-03 
2016   7   8  11   0   0  1.6462521415955454e-03 
2016   7   8  11  30   0  1.5075867378288694e-03 
2016   7   8  12   0   0  1.2192856783492887e-03 
2016   7   8  12  30   0  1.1350958095888005e-03 
2016   7   8  13   0   0  1.2877112220687065e-03 
2016   7   8  13  30   0  1.5550744178530202e-03 
2016   7   8  14   0   0  1.6962184516630396e-03 
2016   7   8  14  30   0  1.7030045104381320e-03 
2016   7   8  15   0   0  1.7305707540456673e-03 
2016   7   8  15  30   0  1.6194986052902448e-03 
2016   7   8  16   0   0  1.7638407444587883e-03 
2016   7   8  16  30   0  1.9550575157171574e-03 
2016   7   8  17   0   0  2.0460422470345249e-03 
2016   7   8  17  30   0  1.8796354708005838e-03 
2016   7   8  18   0   0  1.5624557109801809e-03 
2016   7   8  18  30   0  1.4352951576163352e-03 
2016   7   8  19   0   0  1.5084606393904168e-03 
2016   7   8  19  30   0  1.3683187819732885e-03 
2016   7   8  20   0   0  1.4267151384292182e-03 
2016   7   8  20  30   0  1.2429231655673096e-03 
2016   7   8  21   0   0  1.1943658843093714e-03 
2016   7   8  21  30   0  1.1429332472719467e-03 
2016   7   8  22   0   0  1.0946181229973546e-03 
2016   7   8  22  30   0  1.1596382087631233e-03 
2016   7   8  23   0   0  8.6309145059719147e-04 
2016   7   8  23  30   0  9.2282244038243463e-04 
2016   7   9   0   0   0  1.0087689787432049e-03 
2016   7   9   0  30   0  1.0447911122067773e-03 
2016   7   9   1   0   0  1.0221042422475764e-03 
2016   7   9   1  30   0  1.1145956823657417e-03 
2016   7   9   2   0   0  1.2628768177036722e-03 
2016   7   9   2  30   0  1.4482565136588073e-03 
2016   7   9   3   0   0  1.6139930265483410e-03 
2016   7   9   3  30   0  1.7536085664185952e-03 
2016   7   9   4   0   0  1.8332542706675100e-03 
2016   7   9   4  30   0  1.8551654427479949e-03 
2016   7   9   5   0   0  2.3041232249855635e-03 
2016   7   9   5  30   0  2.4193280514233414e-03 
2016   7   9   6   0   0  2.6254044123671313e-03 
2016   7   9   6  30   0  2.7203329296590036e-03 
2016   7   9   7   0   0  2.5689866329109395e-03 
2016   7   9   7  30   0  2.1135369954885385e-03 
2016   7   9   8   0   0  1.9442787434049104e-03 
2016   7   9   8  30   0  1.9551069097997762e-03 
2016   7   9   9   0   0  2.0223936228548124e-03 
2016   7   9   9  30   0  2.1868589124272499e-03 
2016   7   9  10   0   0  2.3127043265244386e-03 
2016   7   9  10  30   0  2.7130271105907933e-03 
2016   7   9  11   0   0  3.5442724812240257e-03 
2016   7   9  11  30   0  3.5654953289916995e-03 
2016   7   9  12   0   0  4.0619141949304648e-03 
2016   7   9  12  30   0  4.5088266685585337e-03 
2016   7   9  13   0   0  4.9584270800631970e-03 
2016   7   9  13  30   0  4.7424597931109503e-03 
2016   7   9  14   0   0  4.6090525627937289e-03 
2016   7   9  14  30   0  4.0669001202567117e-03 
2016   7   9  15   0   0  3.7774811637791574e-03 
2016   7   9  15  30   0  3.9546796816537144e-03 
2016   7   9  16   0   0  2.9180088839633957e-03 
2016   7   9  16  30   0  2.5653369930541963e-03 
2016   7   9  17   0   0  2.8530260446598967e-03 
2016   7   9  17  30   0  3.2401303687025662e-03 
2016   7   9  18   0   0  3.3533315255181964e-03 
2016   7   9  18  30   0  3.6242301720098543e-03 
2016   7   9  19   0   0  4.0139956578709177e-03 
2016   7   9  19  30   0  4.2541584010291275e-03 
2016   7   9  20   0   0  4.1512317442650402e-03 
2016   7   9  20  30   0  3.9302139993192230e-03 
2016   7   9  21   0   0  4.7294977491102114e-03 
2016   7   9  21  30   0  4.6520087847876073e-03 
2016   7   9  22   0   0  4.0168539073379998e-03 
2016   7   9  22  30   0  3.4821684389482028e-03 
2016   7   9  23   0   0  3.6028926091271835e-03 
2016   7   9  23  30   0  3.9030402510158834e-03 
2016   7  10   0   0   0  3.4241125436927948e-03 
2016   7  10   0  30   0  3.3281922837669160e-03 
2016   7  10   1   0   0  3.2628162470076613e-03 
2016   7  10   1  30   0  3.1554956899141392e-03 
2016   7  10   2   0   0  3.1243057266959755e-03 
2016   7  10   2  30   0  3.0309743291750419e-03 
2016   7  10   3   0   0  3.1240215036043915e-03 
2016   7  10   3  30   0  3.1905739459208386e-03 
2016   7  10   4   0   0  3.2891480790846615e-03 
2016   7  10   4  30   0  3.4862513716855414e-03 
2016   7  10   5   0   0  3.5299861049954387e-03 
2016   7  10   5  30   0  3.3593083177947537e-03 
2016   7  10   6   0   0  3.1850744018546645e-03 
2016   7  10   6  30   0  3.2137650806984461e-03 
2016   7  10   7   0   0  3.0601527305835026e-03 
2016   7  10   7  30   0  3.0212339374850192e-03 
2016   7  10   8   0   0  3.1490699348076128e-03 
2016   7  10   8  30   0  3.8336420025620126e-03 
2016   7  10   9   0   0  4.8356123295114940e-03 
2016   7  10   9  30   0  4.6738468757918329e-03 
2016   7  10  10   0   0  4.8831487675441093e-03 
2016   7  10  10  30   0  5.2781921004936552e-03 
2016   7  10  11   0   0  5.8205709685283605e-03 
2016   7  10  11  30   0  5.9452370089978866e-03 
2016   7  10  12   0   0  4.4503066330081140e-03 
2016   7  10  12  30   0  4.5285001422451059e-03 
2016   7  10  13   0   0  4.4593598175076852e-03 
2016   7  10  13  30   0  4.2633270639863179e-03 
2016   7  10  14   0   0  4.0964461187732552e-03 
2016   7  10  14  30   0  4.0219893911222849e-03 
2016   7  10  15   0   0  3.2692425751169531e-03 
2016   7  10  15  30   0  3.5802128529630428e-03 
2016   7  10  16   0   0  4.2188645505455043e-03 
2016   7  10  16  30   0  4.6120432053416028e-03 
2016   7  10  17   0   0  5.0528413175532057e-03 
2016   7  10  17  30   0  4.6063656888886998e-03 
2016   7  10  18   0   0  5.1596629024749331e-03 
2016   7  10  18  30   0  4.6125621674195051e-03 
2016   7  10  19   0   0  4.8061739240465879e-03 
2016   7  10  19  30   0  4.5368688701316173e-03 
2016   7  10  20   0   0  4.6945641916292464e-03 
2016   7  10  20  30   0  4.8289268592484197e-03 
2016   7  10  21   0   0  4.8475633372118323e-03 
2016   7  10  21  30   0  5.1873311275057064e-03 
2016   7  10  22   0   0  5.7670103950161530e-03 
2016   7  10  22  30   0  6.5337436734124081e-03 
2016   7  10  23   0   0  6.1107502875033292e-03 
2016   7  10  23  30   0  5.8464828842444728e-03 
2016   7  11   0   0   0  5.9985271694909794e-03 
2016   7  11   0  30   0  6.0524565777215602e-03 
2016   7  11   1   0   0  6.0417466116020856e-03 
2016   7  11   1  30   0  6.0816117492448352e-03 
2016   7  11   2   0   0  6.2096480877826196e-03 
2016   7  11   2  30   0  6.0870103139731976e-03 
2016   7  11   3   0   0  6.1847671657251010e-03 
2016   7  11   3  30   0  5.8717921789866179e-03 
2016   7  11   4   0   0  5.8306811297186003e-03 
2016   7  11   4  30   0  6.0605280196336193e-03 
2016   7  11   5   0   0  5.8137458890837384e-03 
2016   7  11   5  30   0  5.8460634370847324e-03 
2016   7  11   6   0   0  5.6064507190565580e-03 
2016   7  11   6  30   0  5.0818043660536515e-03 
2016   7  11   7   0   0  4.9055058409010269e-03 
2016   7  11   7  30   0  4.5302193943097657e-03 
2016   7  11   8   0   0  4.3980794743462741e-03 
2016   7  11   8  30   0  5.4069757604552973e-03 
2016   7  11   9   0   0  5.1647694734566624e-03 
2016   7  11   9  30   0  4.9681026094749265e-03 
2016   7  11  10   0   0  5.8149737401986396e-03 
2016   7  11  10  30   0  3.9152383051950295e-03 
2016   7  11  11   0   0  4.7165102187908528e-03 
2016   7  11  11  30   0  4.4947495636552693e-03 
2016   7  11  12   0   0  5.2233655020490046e-03 
2016   7  11  12  30   0  5.6894295000899150e-03 
2016   7  11  13   0   0  5.8013628416408482e-03 
2016   7  11  13  30   0  5.3007487865380370e-03 
2016   7  11  14   0   0  5.2744797904572434e-03 
2016   7  11  14  30   0  4.4618641032554479e-03 
2016   7  11  15   0   0  4.1043867680018772e-03 
2016   7  11  15  30   0  3.7881229411185790e-03 
2016   7  11  16   0   0  3.8718603946940938e-03 
2016   7  11  16  30   0  3.4753798450158401e-03 
2016   7  11  17   0   0  4.1249469809207578e-03 
2016   7  11  17  30   0  4.5965154642028981e-03 
2016   7  11  18   0   0  5.2182851021031684e-03 
2016   7  11  18  30   0  5.4990129480411336e-03 
2016   7  11  19   0   0  6.3325927436083543e-03 
2016   7  11  19  30   0  6.2583982993831182e-03 
2016   7  11  20   0   0  6.1605874433293979e-03 
2016   7  11  20  30   0  6.1200942432253803e-03 
2016   7  11  21   0   0  6.3188842738567483e-03 
2016   7  11  21  30   0  4.7413473716500336e-03 
2016   7  11  22   0   0  4.1162347268707588e-03 
2016   7  11  22  30   0  4.3565845386593638e-03 
2016   7  11  23   0   0  9.4010528235353805e-03 
2016   7  11  23  30   0  8.1021348527387620e-03 
2016   7  12   0   0   0  7.7299219886940223e-03 
2016   7  12   0  30   0  5.8998396174952507e-03 
2016   7  12   1   0   0  6.2293291107952641e-03 
2016   7  12   1  30   0  5.2770798906145609e-03 
2016   7  12   2   0   0  5.9847849454733437e-03 
2016   7  12   2  30   0  5.7670917810893627e-03 
2016   7  12   3   0   0  5.4375435572176414e-03 
2016   7  12   3  30   0  5.0794069137421174e-03 
2016   7  12   4   0   0  2.6630484344925026e-03 
2016   7  12   4  30   0  3.2278080707630330e-03 
2016   7  12   5   0   0  3.1716861764014637e-03 
2016   7  12   5  30   0  3.7126611920313885e-03 
2016   7  12   6   0   0  3.5133330067582970e-03 
2016   7  12   6  30   0  3.4855786650914442e-03 
2016   7  12   7   0   0  3.2376903958171049e-03 
2016   7  12   7  30   0  3.1539987452451502e-03 
2016   7  12   8   0   0  3.1511787846855710e-03 
2016   7  12   8  30   0  3.6542726281929500e-03 
2016   7  12   9   0   0  3.5159581463343964e-03 
2016   7  12   9  30   0  3.2975115443316851e-03 
2016   7  12  10   0   0  3.2251967382129860e-03 
2016   7  12  10  30   0  3.3090015005302793e-03 
2016   7  12  11   0   0  3.2037399476943736e-03 
2016   7  12  11  30   0  3.7092815940152836e-03 
2016   7  12  12   0   0  3.8227411087372997e-03 
2016   7  12  12  30   0  3.5766607992785359e-03 
2016   7  12  13   0   0  3.6769389396237640e-03 
2016   7  12  13  30   0  4.3708462933695694e-03 
2016   7  12  14   0   0  5.1072314497266113e-03 
2016   7  12  14  30   0  5.1673541070989979e-03 
2016   7  12  15   0   0  4.7311564163201782e-03 
2016   7  12  15  30   0  4.1196977748882710e-03 
2016   7  12  16   0   0  4.0699744473845492e-03 
2016   7  12  16  30   0  4.0846412134291771e-03 
2016   7  12  17   0   0  4.0714962782912338e-03 
2016   7  12  17  30   0  4.5255392988462831e-03 
2016   7  12  18   0   0  4.3785928651728289e-03 
2016   7  12  18  30   0  5.4240819787471761e-03 
2016   7  12  19   0   0  4.3118789814926345e-03 
2016   7  12  19  30   0  4.1898253664332157e-03 
2016   7  12  20   0   0  5.5854490040022197e-03 
2016   7  12  20  30   0  4.7622082644474002e-03 
2016   7  12  21   0   0  4.3048133379199691e-03 
2016   7  12  21  30   0  4.1643412465059938e-03 
2016   7  12  22   0   0  4.2689507019622848e-03 
2016   7  12  22  30   0  4.2581518119114590e-03 
2016   7  12  23   0   0  4.3149077099307711e-03 
2016   7  12  23  30   0  4.0860960812676497e-03 
2016   7  13   0   0   0  5.5557168828211448e-03 
2016   7  13   0  30   0  5.8146064970271269e-03 
2016   7  13   1   0   0  6.1046888788786613e-03 
2016   7  13   1  30   0  6.2417173691925835e-03 
2016   7  13   2   0   0  6.7033071452017520e-03 
2016   7  13   2  30   0  6.8971939047551252e-03 
2016   7  13   3   0   0  6.8910249430790462e-03 
2016   7  13   3  30   0  6.8413403906917294e-03 
2016   7  13   4   0   0  7.2240895268710940e-03 
2016   7  13   4  30   0  7.1657861353084792e-03 
2016   7  13   5   0   0  6.9368962405480517e-03 
2016   7  13   5  30   0  6.7465886211894414e-03 
2016   7  13   6   0   0  6.2945374559627773e-03 
2016   7  13   6  30   0  6.1531786783879053e-03 
2016   7  13   7   0   0  5.9701664271594205e-03 
2016   7  13   7  30   0  5.8523565777148937e-03 
2016   7  13   8   0   0  5.8526189799004919e-03 
2016   7  13   8  30   0  5.7851199687354530e-03 
2016   7  13   9   0   0  5.8012536872742429e-03 
2016   7  13   9  30   0  5.7483659135959524e-03 
2016   7  13  10   0   0  6.0304601721487498e-03 
2016   7  13  10  30   0  5.9325589380536444e-03 
2016   7  13  11   0   0  5.4506089028361288e-03 
2016   7  13  11  30   0  5.8372545878565300e-03 
2016   7  13  12   0   0  5.4229623927167922e-03 
2016   7  13  12  30   0  4.4575776445689485e-03 
2016   7  13  13   0   0  4.8543958238493031e-03 
2016   7  13  13  30   0  4.8719107216821603e-03 
2016   7  13  14   0   0  5.4783876004249176e-03 
2016   7  13  14  30   0  5.1989026713152430e-03 
2016   7  13  15   0   0  5.7766288296860072e-03 
2016   7  13  15  30   0  4.5493013459472487e-03 
2016   7  13  16   0   0  4.9099962213273859e-03 
2016   7  13  16  30   0  5.5055524193952446e-03 
2016   7  13  17   0   0  5.6208414418819439e-03 
2016   7  13  17  30   0  4.8913394427521550e-03 
2016   7  13  18   0   0  4.7387893992162115e-03 
2016   7  13  18  30   0  4.9006079335704861e-03 
2016   7  13  19   0   0  4.8909389722468976e-03 
2016   7  13  19  30   0  5.0742617633671412e-03 
2016   7  13  20   0   0  4.9894729446706776e-03 
2016   7  13  20  30   0  5.1414377866687141e-03 
2016   7  13  21   0   0  5.3642851053601242e-03 
2016   7  13  21  30   0  6.0728160683904183e-03 
2016   7  13  22   0   0  7.2345934181301686e-03 
2016   7  13  22  30   0  6.9423237398423309e-03 
2016   7  13  23   0   0  6.9417657389082600e-03 
2016   7  13  23  30   0  7.0583138325123595e-03 
2016   7  14   0   0   0  6.8286317591288500e-03 
2016   7  14   0  30   0  6.5736819640403784e-03 
2016   7  14   1   0   0  6.5157824698464989e-03 
2016   7  14   1  30   0  6.5923216119539597e-03 
2016   7  14   2   0   0  6.6795145235342586e-03 
2016   7  14   2  30   0  6.5625691304950712e-03 
2016   7  14   3   0   0  6.3370701965907664e-03 
2016   7  14   3  30   0  6.0011002625718329e-03 
2016   7  14   4   0   0  5.9590550646261000e-03 
2016   7  14   4  30   0  5.7382127730436997e-03 
2016   7  14   5   0   0  5.5939374578952731e-03 
2016   7  14   5  30   0  5.2136618504879627e-03 
2016   7  14   6   0   0  4.7182667813597309e-03 
2016   7  14   6  30   0  4.6086666813966249e-03 
2016   7  14   7   0   0  4.9952069086921253e-03 
2016   7  14   7  30   0  5.0256538514161578e-03 
2016   7  14   8   0   0  4.7280573326525599e-03 
2016   7  14   8  30   0  4.7924870016899821e-03 
2016   7  14   9   0   0  4.6533738920883777e-03 
2016   7  14   9  30   0  5.2534463501646006e-03 
2016   7  14  10   0   0  5.1939540285222824e-03 
2016   7  14  10  30   0  4.0027842571150008e-03 
2016   7  14  11   0   0  4.6622433097835408e-03 
2016   7  14  11  30   0  4.6347775081447004e-03 
2016   7  14  12   0   0  4.6744061822095676e-03 
2016   7  14  12  30   0  4.0145926656244470e-03 
2016   7  14  13   0   0  3.9072159489461937e-03 
2016   7  14  13  30   0  4.5083507114963449e-03 
2016   7  14  14   0   0  4.4383968839096693e-03 
2016   7  14  14  30   0  3.6893710034578554e-03 
2016   7  14  15   0   0  4.4609109028230128e-03 
2016   7  14  15  30   0  4.6477516099191346e-03 
2016   7  14  16   0   0  4.8296090645021279e-03 
2016   7  14  16  30   0  5.1952366672265377e-03 
2016   7  14  17   0   0  5.6063054186832146e-03 
2016   7  14  17  30   0  6.3549075617437070e-03 
2016   7  14  18   0   0  5.9288492714879692e-03 
2016   7  14  18  30   0  6.2237129223895659e-03 
2016   7  14  19   0   0  6.5156662013525525e-03 
2016   7  14  19  30   0  6.4449407167134990e-03 
2016   7  14  20   0   0  6.6908994216409749e-03 
2016   7  14  20  30   0  6.8736015312787745e-03 
2016   7  14  21   0   0  7.0755538406717952e-03 
2016   7  14  21  30   0  7.2572679178115086e-03 
2016   7  14  22   0   0  7.8547244783125497e-03 
2016   7  14  22  30   0  7.6615819136427133e-03 
2016   7  14  23   0   0  6.9340547343559825e-03 
2016   7  14  23  30   0  6.0133916834099240e-03 
2016   7  15   0   0   0  5.4621373305653812e-03 
2016   7  15   0  30   0  5.0617481809092837e-03 
2016   7  15   1   0   0  4.5790168561274649e-03 
2016   7  15   1  30   0  4.4522324574346340e-03 
2016   7  15   2   0   0  4.5271514582348425e-03 
2016   7  15   2  30   0  7.1979328408799991e-03 
2016   7  15   3   0   0  6.2728132364187348e-03 
2016   7  15   3  30   0  5.8193724535859212e-03 
2016   7  15   4   0   0  5.3779577770653245e-03 
2016   7  15   4  30   0  5.4095968985769698e-03 
2016   7  15   5   0   0  5.5519738372178497e-03 
2016   7  15   5  30   0  5.7658318140834152e-03 
2016   7  15   6   0   0  6.2250427279487725e-03 
2016   7  15   6  30   0  5.7751858348265720e-03 
2016   7  15   7   0   0  5.4741381279769059e-03 
2016   7  15   7  30   0  5.4740486214131410e-03 
2016   7  15   8   0   0  5.4894259384283767e-03 
2016   7  15   8  30   0  6.2900122035584507e-03 
2016   7  15   9   0   0  6.6745601935083625e-03 
2016   7  15   9  30   0  7.1636386256034371e-03 
2016   7  15  10   0   0  7.7794928442427164e-03 
2016   7  15  10  30   0  7.2433921691809440e-03 
2016   7  15  11   0   0  7.4452103544426877e-03 
2016   7  15  11  30   0  7.5008945543761753e-03 
2016   7  15  12   0   0  8.4923146886112574e-03 
2016   7  15  12  30   0  7.8397586898667649e-03 
2016   7  15  13   0   0  7.8661688051429330e-03 
2016   7  15  13  30   0  9.9076422422739417e-03 
2016   7  15  14   0   0  9.7862798005386685e-03 
2016   7  15  14  30   0  9.6745559054452548e-03 
2016   7  15  15   0   0  9.1475418930933063e-03 
2016   7  15  15  30   0  9.4931076374957200e-03 
2016   7  15  16   0   0  9.7986857191383250e-03 
2016   7  15  16  30   0  1.0081806447690099e-02 
2016   7  15  17   0   0  1.0577203807518714e-02 
2016   7  15  17  30   0  1.0606604619668520e-02 
2016   7  15  18   0   0  1.0727143381722674e-02 
2016   7  15  18  30   0  1.0712847405472532e-02 
2016   7  15  19   0   0  8.5449339516156970e-03 
2016   7  15  19  30   0  7.5580565755909365e-03 
2016   7  15  20   0   0  7.8145679162900591e-03 
2016   7  15  20  30   0  9.1331077451998616e-03 
2016   7  15  21   0   0  9.3300441655901796e-03 
2016   7  15  21  30   0  9.1240323841737161e-03 
2016   7  15  22   0   0  8.3515388564911665e-03 
2016   7  15  22  30   0  8.1050664631769718e-03 
2016   7  15  23   0   0  7.8710872314456375e-03 
2016   7  15  23  30   0  7.4026855544475009e-03 
2016   7  16   0   0   0  6.6961495437858004e-03 
2016   7  16   0  30   0  5.9552571669046839e-03 
2016   7  16   1   0   0  5.4349821814938170e-03 
2016   7  16   1  30   0  5.3791912858074074e-03 
2016   7  16   2   0   0  5.2354164306407918e-03 
2016   7  16   2  30   0  5.2658959958704248e-03 
2016   7  16   3   0   0  4.9842307463457665e-03 
2016   7  16   3  30   0  4.7660501000116083e-03 
2016   7  16   4   0   0  4.4339477971481987e-03 
2016   7  16   4  30   0  3.8794080905530499e-03 
2016   7  16   5   0   0  3.4055469446182432e-03 
2016   7  16   5  30   0  3.3782665418077211e-03 
2016   7  16   6   0   0  3.1747664831222053e-03 
2016   7  16   6  30   0  2.6409740107392237e-03 
2016   7  16   7   0   0  2.8645703776503995e-03 
2016   7  16   7  30   0  3.6396601691055888e-03 
2016   7  16   8   0   0  3.9408799909124185e-03 
2016   7  16   8  30   0  4.2595791754881582e-03 
2016   7  16   9   0   0  4.2938429230274851e-03 
2016   7  16   9  30   0  4.3617757067591521e-03 
2016   7  16  10   0   0  4.3275387622071235e-03 
2016   7  16  10  30   0  4.3008547992292988e-03 
2016   7  16  11   0   0  4.4055250132711788e-03 
2016   7  16  11  30   0  4.7184034265894620e-03 
2016   7  16  12   0   0  4.6913855645073907e-03 
2016   7  16  12  30   0  4.6675266205314188e-03 
2016   7  16  13   0   0  4.6531400489311231e-03 
2016   7  16  13  30   0  4.7703173744628683e-03 
2016   7  16  14   0   0  4.4405330253761309e-03 
2016   7  16  14  30   0  4.5508155906278935e-03 
2016   7  16  15   0   0  5.0562196645602868e-03 
2016   7  16  15  30   0  5.3188010019453603e-03 
2016   7  16  16   0   0  5.9865264773566124e-03 
2016   7  16  16  30   0  5.4163405170350671e-03 
2016   7  16  17   0   0  6.6859312416973479e-03 
2016   7  16  17  30   0  7.0425811232010423e-03 
2016   7  16  18   0   0  6.3857480450239508e-03 
2016   7  16  18  30   0  6.7013914371791185e-03 
2016   7  16  19   0   0  7.6597245302968270e-03 
2016   7  16  19  30   0  7.2027423417791768e-03 
2016   7  16  20   0   0  6.8100882018337638e-03 
2016   7  16  20  30   0  6.5672361468669133e-03 
2016   7  16  21   0   0  6.6861741355285923e-03 
2016   7  16  21  30   0  6.2547555430932820e-03 
2016   7  16  22   0   0  5.6413057715918400e-03 
2016   7  16  22  30   0  5.3929859514530425e-03 
2016   7  16  23   0   0  5.0901948654572060e-03 
2016   7  16  23  30   0  4.9012841250376049e-03 
2016   7  17   0   0   0  5.1930809462647264e-03 
2016   7  17   0  30   0  5.0818412184157231e-03 
2016   7  17   1   0   0  5.0275604168934533e-03 
2016   7  17   1  30   0  4.9840893976572697e-03 
2016   7  17   2   0   0  5.0209328599358791e-03 
2016   7  17   2  30   0  5.0901271499612941e-03 
2016   7  17   3   0   0  5.0123083941202868e-03 
2016   7  17   3  30   0  5.0077281249592716e-03 
2016   7  17   4   0   0  5.0892682962694249e-03 
2016   7  17   4  30   0  5.2695178707916901e-03 
2016   7  17   5   0   0  5.3342982629534866e-03 
2016   7  17   5  30   0  5.3869652694332861e-03 
2016   7  17   6   0   0  5.4023565884871085e-03 
2016   7  17   6  30   0  5.4463411822415365e-03 
2016   7  17   7   0   0  5.5667058795154621e-03 
2016   7  17   7  30   0  5.6067944444989568e-03 
2016   7  17   8   0   0  5.4880139996936299e-03 
2016   7  17   8  30   0  5.2704518351680933e-03 
2016   7  17   9   0   0  5.4573442435534060e-03 
2016   7  17   9  30   0  5.9628786067037146e-03 
2016   7  17  10   0   0  5.1121399956785473e-03 
2016   7  17  10  30   0  4.9536521864923209e-03 
2016   7  17  11   0   0  5.9059755784085901e-03 
2016   7  17  11  30   0  6.1631437030141793e-03 
2016   7  17  12   0   0  6.1882570751199831e-03 
2016   7  17  12  30   0  5.8871050678835270e-03 
2016   7  17  13   0   0  4.9203417955361872e-03 
2016   7  17  13  30   0  4.7625437436677976e-03 
2016   7  17  14   0   0  4.8207551822552763e-03 
2016   7  17  14  30   0  4.5631407494337566e-03 
2016   7  17  15   0   0  4.8388677140540678e-03 
2016   7  17  15  30   0  3.9459705535733252e-03 
2016   7  17  16   0   0  4.1563258542061318e-03 
2016   7  17  16  30   0  4.4111723917967093e-03 
2016   7  17  17   0   0  3.7794427842491435e-03 
2016   7  17  17  30   0  4.0846704288149769e-03 
2016   7  17  18   0   0  3.9915158460687881e-03 
2016   7  17  18  30   0  4.0019847212323439e-03 
2016   7  17  19   0   0  5.1202220612574277e-03 
2016   7  17  19  30   0  5.2167440232638775e-03 
2016   7  17  20   0   0  5.1656789506366032e-03 
2016   7  17  20  30   0  5.3253946800519199e-03 
2016   7  17  21   0   0  5.4115116617557421e-03 
2016   7  17  21  30   0  4.9993069660977862e-03 
2016   7  17  22   0   0  4.6967013225334212e-03 
2016   7  17  22  30   0  4.5640006362170499e-03 
2016   7  17  23   0   0  4.7242922654122830e-03 
2016   7  17  23  30   0  4.8780442556579711e-03 
2016   7  18   0   0   0  4.9375964846711104e-03 
2016   7  18   0  30   0  5.1164999549075741e-03 
2016   7  18   1   0   0  5.6158055810994435e-03 
2016   7  18   1  30   0  5.6541245996941346e-03 
2016   7  18   2   0   0  5.7606446366256087e-03 
2016   7  18   2  30   0  5.9596159950405011e-03 
2016   7  18   3   0   0  6.0169953941457584e-03 
2016   7  18   3  30   0  6.2331052547364941e-03 
2016   7  18   4   0   0  6.2604098683663977e-03 
2016   7  18   4  30   0  6.2018104285654534e-03 
2016   7  18   5   0   0  6.2259361694842440e-03 
2016   7  18   5  30   0  6.3920796056205114e-03 
2016   7  18   6   0   0  6.5112803684949875e-03 
2016   7  18   6  30   0  6.6216800256966553e-03 
2016   7  18   7   0   0  6.2538585819908185e-03 
2016   7  18   7  30   0  5.9922759962960197e-03 
2016   7  18   8   0   0  5.8183224927199134e-03 
2016   7  18   8  30   0  5.2793764657923393e-03 
2016   7  18   9   0   0  4.4127287600290496e-03 
2016   7  18   9  30   0  3.5776798953039905e-03 
2016   7  18  10   0   0  3.7839798625655839e-03 
2016   7  18  10  30   0  4.0331390293742121e-03 
2016   7  18  11   0   0  4.1522565776453864e-03 
2016   7  18  11  30   0  4.0713072543431851e-03 
2016   7  18  12   0   0  4.0206555504050711e-03 
2016   7  18  12  30   0  3.8897757679356060e-03 
2016   7  18  13   0   0  3.9013544153806692e-03 
2016   7  18  13  30   0  4.2959687237074254e-03 
2016   7  18  14   0   0  4.2315508397209245e-03 
2016   7  18  14  30   0  4.2759277796972535e-03 
2016   7  18  15   0   0  4.1669759652951189e-03 
2016   7  18  15  30   0  4.0313705801974129e-03 
2016   7  18  16   0   0  3.8508092853499383e-03 
2016   7  18  16  30   0  3.4426875012090151e-03 
2016   7  18  17   0   0  2.7444790958792787e-03 
2016   7  18  17  30   0  3.3819374279363303e-03 
2016   7  18  18   0   0  4.4148925929972001e-03 
2016   7  18  18  30   0  4.6922469705368000e-03 
2016   7  18  19   0   0  4.4298252618666855e-03 
2016   7  18  19  30   0  3.5500782907366447e-03 
2016   7  18  20   0   0  3.7465162486278744e-03 
2016   7  18  20  30   0  4.0912501729683500e-03 
2016   7  18  21   0   0  4.3907606760052870e-03 
2016   7  18  21  30   0  4.7597518273194729e-03 
2016   7  18  22   0   0  4.7472775790098941e-03 
2016   7  18  22  30   0  5.4044275970635321e-03 
2016   7  18  23   0   0  5.9738420868279416e-03 
2016   7  18  23  30   0  5.6329737413173047e-03 
2016   7  19   0   0   0  5.5092365281712713e-03 
2016   7  19   0  30   0  5.5956219556389858e-03 
2016   7  19   1   0   0  5.5464579173755031e-03 
2016   7  19   1  30   0  5.5347431460307812e-03 
2016   7  19   2   0   0  5.5654632363569458e-03 
2016   7  19   2  30   0  5.5009100460730615e-03 
2016   7  19   3   0   0  5.4790438948241309e-03 
2016   7  19   3  30   0  5.4244242262299677e-03 
2016   7  19   4   0   0  5.4300145881976429e-03 
2016   7  19   4  30   0  5.5064422351745624e-03 
2016   7  19   5   0   0  5.5532743998691052e-03 
2016   7  19   5  30   0  5.6743651508971106e-03 
2016   7  19   6   0   0  5.7091868781678169e-03 
2016   7  19   6  30   0  5.6652311998808321e-03 
2016   7  19   7   0   0  5.0674096545431490e-03 
2016   7  19   7  30   0  4.7216180721810783e-03 
2016   7  19   8   0   0  4.0425107590394832e-03 
2016   7  19   8  30   0  4.0219890759836943e-03 
2016   7  19   9   0   0  4.1343931165992017e-03 
2016   7  19   9  30   0  3.7463679953336406e-03 
2016   7  19  10   0   0  3.2287448379808869e-03 
2016   7  19  10  30   0  3.2493655807045137e-03 
2016   7  19  11   0   0  3.3589914064860735e-03 
2016   7  19  11  30   0  2.9214076454974164e-03 
2016   7  19  12   0   0  3.3770256428922512e-03 
2016   7  19  12  30   0  3.4993991727235085e-03 
2016   7  19  13   0   0  3.3597100717841673e-03 
2016   7  19  13  30   0  3.1494849805552391e-03 
2016   7  19  14   0   0  3.1160413493548718e-03 
2016   7  19  14  30   0  3.3782519738904896e-03 
2016   7  19  15   0   0  3.8419582531951137e-03 
2016   7  19  15  30   0  4.0634367859706194e-03 
2016   7  19  16   0   0  4.5097846068831039e-03 
2016   7  19  16  30   0  4.5202056699929971e-03 
2016   7  19  17   0   0  4.4441194562006977e-03 
2016   7  19  17  30   0  4.4372407622734512e-03 
2016   7  19  18   0   0  4.5716901630894115e-03 
2016   7  19  18  30   0  4.5425305275051875e-03 
2016   7  19  19   0   0  4.8244058209080199e-03 
2016   7  19  19  30   0  4.8183601769655844e-03 
2016   7  19  20   0   0  4.6837933157189756e-03 
2016   7  19  20  30   0  4.7389018495420047e-03 
2016   7  19  21   0   0  4.9216642402474774e-03 
2016   7  19  21  30   0  5.0194254332860920e-03 
2016   7  19  22   0   0  5.2120793335880674e-03 
2016   7  19  22  30   0  6.8113127441498944e-03 
2016   7  19  23   0   0  6.2229648012012938e-03 
2016   7  19  23  30   0  6.4735895780836461e-03 
2016   7  20   0   0   0  5.4420431324510707e-03 
2016   7  20   0  30   0  5.1913701736534795e-03 
2016   7  20   1   0   0  4.9998610608486616e-03 
2016   7  20   1  30   0  4.6745941549150251e-03 
2016   7  20   2   0   0  4.4216628212375257e-03 
2016   7  20   2  30   0  4.1099118657978786e-03 
2016   7  20   3   0   0  3.8804096915487432e-03 
2016   7  20   3  30   0  3.8651291179539562e-03 
2016   7  20   4   0   0  3.7436442622997570e-03 
2016   7  20   4  30   0  3.7928284592229477e-03 
2016   7  20   5   0   0  3.8099322749594517e-03 
2016   7  20   5  30   0  3.8204932105493613e-03 
2016   7  20   6   0   0  3.8790773955210667e-03 
2016   7  20   6  30   0  3.8267080705002535e-03 
2016   7  20   7   0   0  3.7086564187289693e-03 
2016   7  20   7  30   0  3.4832781158368005e-03 
2016   7  20   8   0   0  3.4628822639450087e-03 
2016   7  20   8  30   0  3.5287303956947030e-03 
2016   7  20   9   0   0  3.6563212597153527e-03 
2016   7  20   9  30   0  3.7438167392595573e-03 
2016   7  20  10   0   0  3.8725371922751321e-03 
2016   7  20  10  30   0  4.1324232952734139e-03 
2016   7  20  11   0   0  4.0963258963630190e-03 
2016   7  20  11  30   0  4.1294462139326860e-03 
2016   7  20  12   0   0  3.5699093234466640e-03 
2016   7  20  12  30   0  3.4651397864318297e-03 
2016   7  20  13   0   0  3.7264005004703773e-03 
2016   7  20  13  30   0  4.0390764943638033e-03 
2016   7  20  14   0   0  4.1825580993044712e-03 
2016   7  20  14  30   0  4.1021937973077741e-03 
2016   7  20  15   0   0  4.2418615575863178e-03 
2016   7  20  15  30   0  4.1905493296666889e-03 
2016   7  20  16   0   0  4.3503578223536002e-03 
2016   7  20  16  30   0  4.2579115203576845e-03 
2016   7  20  17   0   0  4.1860545811669364e-03 
2016   7  20  17  30   0  4.3500473822322876e-03 
2016   7  20  18   0   0  4.6186711275802185e-03 
2016   7  20  18  30   0  4.8082142704993095e-03 
2016   7  20  19   0   0  4.8940832283400938e-03 
2016   7  20  19  30   0  4.8201486646468417e-03 
2016   7  20  20   0   0  4.7265435547554626e-03 
2016   7  20  20  30   0  4.7884298984247021e-03 
2016   7  20  21   0   0  4.9314939001853728e-03 
2016   7  20  21  30   0  5.0751183681254459e-03 
2016   7  20  22   0   0  5.2078725068884293e-03 
2016   7  20  22  30   0  5.4061245369329122e-03 
2016   7  20  23   0   0  5.3092661563570931e-03 
2016   7  20  23  30   0  5.0191311716992195e-03 
2016   7  21   0   0   0  4.5928349743179471e-03 
2016   7  21   0  30   0  4.3922180210127816e-03 
2016   7  21   1   0   0  4.5082716878636093e-03 
2016   7  21   1  30   0  4.4935971538030747e-03 
2016   7  21   2   0   0  4.5952654558465995e-03 
2016   7  21   2  30   0  4.7551353548316430e-03 
2016   7  21   3   0   0  4.9903486586268201e-03 
2016   7  21   3  30   0  5.1442245842615100e-03 
2016   7  21   4   0   0  5.2397052863982661e-03 
2016   7  21   4  30   0  5.3000976764189089e-03 
2016   7  21   5   0   0  5.3520317495863714e-03 
2016   7  21   5  30   0  5.4596066746627411e-03 
2016   7  21   6   0   0  5.5690056058355347e-03 
2016   7  21   6  30   0  5.1546529999411030e-03 
2016   7  21   7   0   0  5.0071299266864740e-03 
2016   7  21   7  30   0  4.7972914741793264e-03 
2016   7  21   8   0   0  4.5951334249318973e-03 
2016   7  21   8  30   0  4.4354298040785219e-03 
2016   7  21   9   0   0  4.0041562074088557e-03 
2016   7  21   9  30   0  3.2399980871225540e-03 
2016   7  21  10   0   0  3.5988948856529811e-03 
2016   7  21  10  30   0  3.6270364226032303e-03 
2016   7  21  11   0   0  3.6788970381573657e-03 
2016   7  21  11  30   0  3.7382828556718501e-03 
2016   7  21  12   0   0  3.8633374066861462e-03 
2016   7  21  12  30   0  3.7384110420866966e-03 
2016   7  21  13   0   0  3.7268205061989348e-03 
2016   7  21  13  30   0  3.7224105535763456e-03 
2016   7  21  14   0   0  3.4102455738693853e-03 
2016   7  21  14  30   0  3.3379906441201360e-03 
2016   7  21  15   0   0  2.7965494536760197e-03 
2016   7  21  15  30   0  2.6926073305249538e-03 
2016   7  21  16   0   0  2.6818188322407753e-03 
2016   7  21  16  30   0  2.7235379343932089e-03 
2016   7  21  17   0   0  2.7542366503909440e-03 
2016   7  21  17  30   0  2.8844638649609951e-03 
2016   7  21  18   0   0  3.0628692904777033e-03 
2016   7  21  18  30   0  3.3165851518340709e-03 
2016   7  21  19   0   0  3.4076968287516441e-03 
2016   7  21  19  30   0  3.3537164751986969e-03 
2016   7  21  20   0   0  3.3655265512560584e-03 
2016   7  21  20  30   0  3.4011154188187129e-03 
2016   7  21  21   0   0  3.2916448326980132e-03 
2016   7  21  21  30   0  3.4305168057570733e-03 
2016   7  21  22   0   0  3.5306536177351316e-03 
2016   7  21  22  30   0  3.4863566040784799e-03 
2016   7  21  23   0   0  3.6463915488156836e-03 
2016   7  21  23  30   0  3.5510814605878914e-03 
2016   7  22   0   0   0  3.7094535885839625e-03 
2016   7  22   0  30   0  3.5593254608023996e-03 
2016   7  22   1   0   0  3.5783596667632346e-03 
2016   7  22   1  30   0  3.5068873318570941e-03 
2016   7  22   2   0   0  3.6613136728222708e-03 
2016   7  22   2  30   0  3.7093861026581531e-03 
2016   7  22   3   0   0  3.7464787254697126e-03 
2016   7  22   3  30   0  3.7235871612913392e-03 
2016   7  22   4   0   0  3.8100118542349873e-03 
2016   7  22   4  30   0  3.6257165854139532e-03 
2016   7  22   5   0   0  3.5100770265769255e-03 
2016   7  22   5  30   0  3.4578402184229778e-03 
2016   7  22   6   0   0  3.5021408499941648e-03 
2016   7  22   6  30   0  3.4055320893605079e-03 
2016   7  22   7   0   0  3.4055311419491537e-03 
2016   7  22   7  30   0  3.2037679930074395e-03 
2016   7  22   8   0   0  3.2305086973903625e-03 
2016   7  22   8  30   0  3.1826920852188871e-03 
2016   7  22   9   0   0  3.3667995579629404e-03 
2016   7  22   9  30   0  3.7852862891990819e-03 
2016   7  22  10   0   0  4.2340054504033707e-03 
2016   7  22  10  30   0  4.3501684186621099e-03 
2016   7  22  11   0   0  4.5207649641505017e-03 
2016   7  22  11  30   0  4.6399600689743768e-03 
2016   7  22  12   0   0  4.6808582557785220e-03 
2016   7  22  12  30   0  4.9655002150467290e-03 
2016   7  22  13   0   0  5.3060964342385815e-03 
2016   7  22  13  30   0  5.7789263439599814e-03 
2016   7  22  14   0   0  6.2399477108391740e-03 
2016   7  22  14  30   0  6.2646540319302715e-03 
2016   7  22  15   0   0  6.8576572506159773e-03 
2016   7  22  15  30   0  7.0790624074949272e-03 
2016   7  22  16   0   0  7.0456797236023464e-03 
2016   7  22  16  30   0  6.5736685794553487e-03 
2016   7  22  17   0   0  6.4542428541961346e-03 
2016   7  22  17  30   0  6.6367724548530536e-03 
2016   7  22  18   0   0  6.6233729329406299e-03 
2016   7  22  18  30   0  6.3066357668411805e-03 
2016   7  22  19   0   0  6.0187745814930015e-03 
2016   7  22  19  30   0  5.7104119076811875e-03 
2016   7  22  20   0   0  5.7789536143586367e-03 
2016   7  22  20  30   0  5.7820237568848585e-03 
2016   7  22  21   0   0  5.9512322909080788e-03 
2016   7  22  21  30   0  6.0089919813000247e-03 
2016   7  22  22   0   0  6.1795081696082946e-03 
2016   7  22  22  30   0  6.2427686470735363e-03 
2016   7  22  23   0   0  6.3568468642834818e-03 
2016   7  22  23  30   0  6.4376585831755163e-03 
2016   7  23   0   0   0  6.2641954300626411e-03 
2016   7  23   0  30   0  6.2794546207693615e-03 
2016   7  23   1   0   0  6.2082115568938140e-03 
2016   7  23   1  30   0  6.5579722605247958e-03 
2016   7  23   2   0   0  6.5956883571105102e-03 
2016   7  23   2  30   0  6.6898858111920081e-03 
2016   7  23   3   0   0  6.9227176978253419e-03 
2016   7  23   3  30   0  7.1305699433685315e-03 
2016   7  23   4   0   0  7.1098079843214300e-03 
2016   7  23   4  30   0  7.0410499769081375e-03 
2016   7  23   5   0   0  6.9837404106640666e-03 
2016   7  23   5  30   0  7.3430576340828167e-03 
2016   7  23   6   0   0  7.7067813344173725e-03 
2016   7  23   6  30   0  7.9694873120213176e-03 
2016   7  23   7   0   0  7.8525043295316187e-03 
2016   7  23   7  30   0  7.8701579985622841e-03 
2016   7  23   8   0   0  7.8076325690811564e-03 
2016   7  23   8  30   0  7.6846365866883792e-03 
2016   7  23   9   0   0  7.6237804897707441e-03 
2016   7  23   9  30   0  7.6859007309777704e-03 
2016   7  23  10   0   0  8.0092958578147719e-03 
2016   7  23  10  30   0  7.8775111343103027e-03 
2016   7  23  11   0   0  8.0876572465146349e-03 
2016   7  23  11  30   0  8.2924127556335929e-03 
2016   7  23  12   0   0  8.5189085612130781e-03 
2016   7  23  12  30   0  9.0230509902484435e-03 
2016   7  23  13   0   0  9.5377382152280910e-03 
2016   7  23  13  30   0  1.0003198375345827e-02 
2016   7  23  14   0   0  1.0362739551874551e-02 
2016   7  23  14  30   0  1.0240918958208653e-02 
2016   7  23  15   0   0  1.0338828507716764e-02 
2016   7  23  15  30   0  1.0107950701514636e-02 
2016   7  23  16   0   0  9.9959810256038516e-03 
2016   7  23  16  30   0  1.0114859009519707e-02 
2016   7  23  17   0   0  1.0397760044883835e-02 
2016   7  23  17  30   0  1.0439240063113229e-02 
2016   7  23  18   0   0  1.0340126376203136e-02 
2016   7  23  18  30   0  1.0245007212015910e-02 
2016   7  23  19   0   0  1.0014559830125298e-02 
2016   7  23  19  30   0  1.0068382383854810e-02 
2016   7  23  20   0   0  9.8189072738439753e-03 
2016   7  23  20  30   0  9.7488234077373007e-03 
2016   7  23  21   0   0  9.6446817015818070e-03 
2016   7  23  21  30   0  9.6463703890665164e-03 
2016   7  23  22   0   0  9.7799374361335779e-03 
2016   7  23  22  30   0  9.7534961178330076e-03 
2016   7  23  23   0   0  9.7166249569242275e-03 
2016   7  23  23  30   0  9.8343972344129629e-03 
2016   7  24   0   0   0  9.8767096596522105e-03 
2016   7  24   0  30   0  9.5559040776838668e-03 
2016   7  24   1   0   0  9.8980405101796592e-03 
2016   7  24   1  30   0  9.9019698646799579e-03 
2016   7  24   2   0   0  9.8753872445285010e-03 
2016   7  24   2  30   0  9.9580346461067559e-03 
2016   7  24   3   0   0  9.8841675332432179e-03 
2016   7  24   3  30   0  9.9035208126787740e-03 
2016   7  24   4   0   0  9.7950769996977011e-03 
2016   7  24   4  30   0  9.7208450146191155e-03 
2016   7  24   5   0   0  9.4413883420536460e-03 
2016   7  24   5  30   0  9.5598326130542904e-03 
2016   7  24   6   0   0  9.7813389627070587e-03 
2016   7  24   6  30   0  1.0134471133841505e-02 
2016   7  24   7   0   0  9.6628458248367542e-03 
2016   7  24   7  30   0  9.6463075536824747e-03 
2016   7  24   8   0   0  1.0066928755667167e-02 
2016   7  24   8  30   0  1.0241070522331797e-02 
2016   7  24   9   0   0  9.3041212548480891e-03 
2016   7  24   9  30   0  8.7501136582195035e-03 
2016   7  24  10   0   0  9.2569348077458924e-03 
2016   7  24  10  30   0  9.4817538680559716e-03 
2016   7  24  11   0   0  9.5656567094614068e-03 
2016   7  24  11  30   0  1.0049930818362487e-02 
2016   7  24  12   0   0  9.9115248128014300e-03 
2016   7  24  12  30   0  1.0482337614110493e-02 
2016   7  24  13   0   0  1.0642802710485733e-02 
2016   7  24  13  30   0  1.1060133254987075e-02 
2016   7  24  14   0   0  1.0823125009772982e-02 
2016   7  24  14  30   0  1.0775818196124106e-02 
2016   7  24  15   0   0  1.0965038851107424e-02 
2016   7  24  15  30   0  1.1272715507330725e-02 
2016   7  24  16   0   0  1.1336603363038187e-02 
2016   7  24  16  30   0  1.1093098259266689e-02 
2016   7  24  17   0   0  1.0406053252425546e-02 
2016   7  24  17  30   0  1.0281131560580000e-02 
2016   7  24  18   0   0  1.0004764731503168e-02 
2016   7  24  18  30   0  1.0799363838028823e-02 
2016   7  24  19   0   0  1.0751577591278372e-02 
2016   7  24  19  30   0  1.0377536859543146e-02 
2016   7  24  20   0   0  1.0132994813304026e-02 
2016   7  24  20  30   0  9.6781941507290206e-03 
2016   7  24  21   0   0  8.9375952084048919e-03 
2016   7  24  21  30   0  9.0191778910635144e-03 
2016   7  24  22   0   0  8.9284247047925844e-03 
2016   7  24  22  30   0  8.8196816246499180e-03 
2016   7  24  23   0   0  8.8712118021193123e-03 
2016   7  24  23  30   0  8.7453614235140729e-03 
2016   7  25   0   0   0  8.1472550938966153e-03 
2016   7  25   0  30   0  7.6554353489778192e-03 
2016   7  25   1   0   0  7.6206847299339206e-03 
2016   7  25   1  30   0  7.5377560911830633e-03 
2016   7  25   2   0   0  7.5907711135652835e-03 
2016   7  25   2  30   0  7.4098464474268927e-03 
2016   7  25   3   0   0  7.4204797084771569e-03 
2016   7  25   3  30   0  7.3886631888957178e-03 
2016   7  25   4   0   0  7.0170552515275526e-03 
2016   7  25   4  30   0  6.8265837044435285e-03 
2016   7  25   5   0   0  6.4624822121925529e-03 
2016   7  25   5  30   0  6.4279642410633277e-03 
2016   7  25   6   0   0  6.3195868019619537e-03 
2016   7  25   6  30   0  6.2272152981449396e-03 
2016   7  25   7   0   0  5.9035903688612491e-03 
2016   7  25   7  30   0  5.8209295311971972e-03 
2016   7  25   8   0   0  5.4365679372385999e-03 
2016   7  25   8  30   0  5.2440752516102100e-03 
2016   7  25   9   0   0  5.7039157336240707e-03 
2016   7  25   9  30   0  5.8332648577013330e-03 
2016   7  25  10   0   0  5.3141391938401556e-03 
2016   7  25  10  30   0  5.5667209385716889e-03 
2016   7  25  11   0   0  5.6425886234425108e-03 
2016   7  25  11  30   0  5.6377141955094500e-03 
2016   7  25  12   0   0  5.8937076147625878e-03 
2016   7  25  12  30   0  6.1662772860318861e-03 
2016   7  25  13   0   0  5.9258894249028977e-03 
2016   7  25  13  30   0  5.7518312175356221e-03 
2016   7  25  14   0   0  5.9511212264207686e-03 
2016   7  25  14  30   0  6.7180561205628783e-03 
2016   7  25  15   0   0  7.5841444735592805e-03 
2016   7  25  15  30   0  8.2945908905528148e-03 
2016   7  25  16   0   0  7.2560083039723711e-03 
2016   7  25  16  30   0  6.6417784346529379e-03 
2016   7  25  17   0   0  6.5814656336324702e-03 
2016   7  25  17  30   0  6.8607397581805785e-03 
2016   7  25  18   0   0  7.0976242841506764e-03 
2016   7  25  18  30   0  7.0944666918066846e-03 
2016   7  25  19   0   0  7.2492816258921504e-03 
2016   7  25  19  30   0  7.8304854639352443e-03 
2016   7  25  20   0   0  7.5335192803870129e-03 
2016   7  25  20  30   0  7.4737555921709367e-03 
2016   7  25  21   0   0  7.7794421149340780e-03 
2016   7  25  21  30   0  7.8320228573994562e-03 
2016   7  25  22   0   0  7.6767219694245025e-03 
2016   7  25  22  30   0  7.4048803808627155e-03 
2016   7  25  23   0   0  7.4725927429844493e-03 
2016   7  25  23  30   0  7.3605577084349637e-03 
2016   7  26   0   0   0  8.1028097220644957e-03 
2016   7  26   0  30   0  8.4530709376553440e-03 
2016   7  26   1   0   0  8.4853955678451404e-03 
2016   7  26   1  30   0  8.3914749459080128e-03 
2016   7  26   2   0   0  8.6074156768812457e-03 
2016   7  26   2  30   0  8.7348511656090370e-03 
2016   7  26   3   0   0  8.6075265192037727e-03 
2016   7  26   3  30   0  8.9689833077998323e-03 
2016   7  26   4   0   0  8.8629660996560715e-03 
2016   7  26   4  30   0  9.0744071213321401e-03 
2016   7  26   5   0   0  8.9413633444181823e-03 
2016   7  26   5  30   0  8.9283189959423522e-03 
2016   7  26   6   0   0  8.9496620032096554e-03 
2016   7  26   6  30   0  8.8098071185514718e-03 
2016   7  26   7   0   0  8.5166750937052740e-03 
2016   7  26   7  30   0  8.9193158109136424e-03 
2016   7  26   8   0   0  8.8463148077589458e-03 
2016   7  26   8  30   0  9.5726311204989423e-03 
2016   7  26   9   0   0  1.3553084571803932e-02 
2016   7  26   9  30   0  9.0548920475239519e-03 
2016   7  26  10   0   0  7.9547665985444330e-03 
2016   7  26  10  30   0  7.1951278408840481e-03 
2016   7  26  11   0   0  7.5200189736846302e-03 
2016   7  26  11  30   0  7.2815249799151943e-03 
2016   7  26  12   0   0  7.4065720094543906e-03 
2016   7  26  12  30   0  7.8648586620481131e-03 
2016   7  26  13   0   0  8.0134045844076074e-03 
2016   7  26  13  30   0  7.5409926594922688e-03 
2016   7  26  14   0   0  8.3385402732669717e-03 
2016   7  26  14  30   0  8.0418818921131358e-03 
2016   7  26  15   0   0  8.3671705253354767e-03 
2016   7  26  15  30   0  7.2834344299847363e-03 
2016   7  26  16   0   0  7.0941172048373177e-03 
2016   7  26  16  30   0  7.4950644522051033e-03 
2016   7  26  17   0   0  7.2580737812103615e-03 
2016   7  26  17  30   0  7.6049696108641167e-03 
2016   7  26  18   0   0  7.3111647340720273e-03 
2016   7  26  18  30   0  8.0752046264757401e-03 
2016   7  26  19   0   0  7.9909366481352457e-03 
2016   7  26  19  30   0  8.6258466223412232e-03 
2016   7  26  20   0   0  8.7607972030936954e-03 
2016   7  26  20  30   0  9.1006184944695742e-03 
2016   7  26  21   0   0  9.3419079587311032e-03 
2016   7  26  21  30   0  9.2487010078399125e-03 
2016   7  26  22   0   0  9.3889771348230535e-03 
2016   7  26  22  30   0  9.5448064073176200e-03 
2016   7  26  23   0   0  9.6692726673836479e-03 
2016   7  26  23  30   0  9.6697016701543983e-03 
2016   7  27   0   0   0  1.0772315900166456e-02 
2016   7  27   0  30   0  9.7135883800803843e-03 
2016   7  27   1   0   0  9.4568417607382421e-03 
2016   7  27   1  30   0  9.4900469627024475e-03 
2016   7  27   2   0   0  9.7763106203579281e-03 
2016   7  27   2  30   0  9.5504092719152864e-03 
2016   7  27   3   0   0  9.6063816254246745e-03 
2016   7  27   3  30   0  9.7105691138905954e-03 
2016   7  27   4   0   0  1.0200499832834232e-02 
2016   7  27   4  30   0  1.0247007320623541e-02 
2016   7  27   5   0   0  1.0008432660087430e-02 
2016   7  27   5  30   0  9.4633896477571249e-03 
2016   7  27   6   0   0  8.9972236154204233e-03 
2016   7  27   6  30   0  8.7397286015461553e-03 
2016   7  27   7   0   0  7.9514123177073671e-03 
2016   7  27   7  30   0  7.7812622141912348e-03 
2016   7  27   8   0   0  7.9886912194949648e-03 
2016   7  27   8  30   0  6.6419131492532575e-03 
2016   7  27   9   0   0  6.1269344804745695e-03 
2016   7  27   9  30   0  6.3670216263716928e-03 
2016   7  27  10   0   0  6.6758467361467564e-03 
2016   7  27  10  30   0  6.3983670749166730e-03 
2016   7  27  11   0   0  5.8667224164236868e-03 
2016   7  27  11  30   0  6.0572893708688751e-03 
2016   7  27  12   0   0  5.7855485350080003e-03 
2016   7  27  12  30   0  5.9591661404228271e-03 
2016   7  27  13   0   0  6.2191327576445292e-03 
2016   7  27  13  30   0  6.9002923960915959e-03 
2016   7  27  14   0   0  7.0750100204040574e-03 
2016   7  27  14  30   0  6.5278851421675084e-03 
2016   7  27  15   0   0  6.3735867525785512e-03 
2016   7  27  15  30   0  6.2930214396130129e-03 
2016   7  27  16   0   0  6.3436015379644915e-03 
2016   7  27  16  30   0  5.8718684154446584e-03 
2016   7  27  17   0   0  6.0472773365492774e-03 
2016   7  27  17  30   0  6.7321785109550778e-03 
2016   7  27  18   0   0  6.9554437306751909e-03 
2016   7  27  18  30   0  7.6970289118843162e-03 
2016   7  27  19   0   0  8.4778925089047646e-03 
2016   7  27  19  30   0  7.7561318821783333e-03 
2016   7  27  20   0   0  8.1529670185449352e-03 
2016   7  27  20  30   0  6.8990245161456914e-03 
2016   7  27  21   0   0  6.6657341144683267e-03 
2016   7  27  21  30   0  6.1258770082971920e-03 
2016   7  27  22   0   0  6.3122981286980375e-03 
2016   7  27  22  30   0  6.5622377863832678e-03 
2016   7  27  23   0   0  6.5896601256447366e-03 
2016   7  27  23  30   0  6.3739113911424269e-03 
2016   7  28   0   0   0  7.2451015533948129e-03 
2016   7  28   0  30   0  7.3165277721695902e-03 
2016   7  28   1   0   0  7.4273151594119752e-03 
2016   7  28   1  30   0  7.0027264438142561e-03 
2016   7  28   2   0   0  6.9562463649441878e-03 
2016   7  28   2  30   0  6.6599759210268384e-03 
2016   7  28   3   0   0  6.4725460839881108e-03 
2016   7  28   3  30   0  6.0709181256543149e-03 
2016   7  28   4   0   0  6.0872695162908020e-03 
2016   7  28   4  30   0  6.1214848751660030e-03 
2016   7  28   5   0   0  6.8906316492208779e-03 
2016   7  28   5  30   0  6.9229833596548065e-03 
2016   7  28   6   0   0  8.0293722288584148e-03 
2016   7  28   6  30   0  8.5907833665593396e-03 
2016   7  28   7   0   0  7.3847962144459305e-03 
2016   7  28   7  30   0  6.4544008386048842e-03 
2016   7  28   8   0   0  6.1163370944949886e-03 
2016   7  28   8  30   0  6.3003618860982503e-03 
2016   7  28   9   0   0  6.7758217442101098e-03 
2016   7  28   9  30   0  6.2911256640297711e-03 
2016   7  28  10   0   0  6.4821220229095292e-03 
2016   7  28  10  30   0  6.2171640320602111e-03 
2016   7  28  11   0   0  6.0401949186828785e-03 
2016   7  28  11  30   0  5.9722373837336968e-03 
2016   7  28  12   0   0  5.9399958979135907e-03 
2016   7  28  12  30   0  6.1868155665301310e-03 
2016   7  28  13   0   0  7.1372442964990918e-03 
2016   7  28  13  30   0  7.1390415650780395e-03 
2016   7  28  14   0   0  7.6968105327550494e-03 
2016   7  28  14  30   0  8.5367880354552950e-03 
2016   7  28  15   0   0  8.6183894567043867e-03 
2016   7  28  15  30   0  8.7697500929408128e-03 
2016   7  28  16   0   0  8.6100160826539582e-03 
2016   7  28  16  30   0  8.2460959601572004e-03 
2016   7  28  17   0   0  8.4734492018890967e-03 
2016   7  28  17  30   0  8.5664135668243515e-03 
2016   7  28  18   0   0  8.8533135251535212e-03 
2016   7  28  18  30   0  8.9832028727963153e-03 
2016   7  28  19   0   0  9.5676488460002939e-03 
2016   7  28  19  30   0  9.8092902181400148e-03 
2016   7  28  20   0   0  9.9178861469749208e-03 
2016   7  28  20  30   0  1.0166437179059563e-02 
2016   7  28  21   0   0  1.0094804734796400e-02 
2016   7  28  21  30   0  1.0545008283630366e-02 
2016   7  28  22   0   0  1.0481453372874016e-02 
2016   7  28  22  30   0  9.9637335499175774e-03 
2016   7  28  23   0   0  1.0010441607029900e-02 
2016   7  28  23  30   0  1.0197547471913728e-02 
2016   7  29   0   0   0  1.1253861459790640e-02 
2016   7  29   0  30   0  1.1709438073098226e-02 
2016   7  29   1   0   0  1.3443281965434232e-02 
2016   7  29   1  30   0  1.1762055049364162e-02 
2016   7  29   2   0   0  1.1219853337096870e-02 
2016   7  29   2  30   0  1.0113040180754958e-02 
2016   7  29   3   0   0  9.6339116516642714e-03 
2016   7  29   3  30   0  8.8296033083253688e-03 
2016   7  29   4   0   0  8.7603216400742936e-03 
2016   7  29   4  30   0  8.6915863002647118e-03 
2016   7  29   5   0   0  8.6238926624504306e-03 
2016   7  29   5  30   0  9.1433017782719082e-03 
2016   7  29   6   0   0  1.0780294148075999e-02 
2016   7  29   6  30   0  1.1720757334014625e-02 
2016   7  29   7   0   0  1.0713778984348731e-02 
2016   7  29   7  30   0  9.2838134827949743e-03 
2016   7  29   8   0   0  9.3972266759738271e-03 
2016   7  29   8  30   0  9.4754576605791986e-03 
2016   7  29   9   0   0  9.5788154760807608e-03 
2016   7  29   9  30   0  9.6032400352886547e-03 
2016   7  29  10   0   0  9.7831645252501372e-03 
2016   7  29  10  30   0  1.0422186124677367e-02 
2016   7  29  11   0   0  1.0302366314302369e-02 
2016   7  29  11  30   0  1.0420688008518435e-02 
2016   7  29  12   0   0  9.4318516479911085e-03 
2016   7  29  12  30   0  9.3502789897004068e-03 
2016   7  29  13   0   0  9.2696705296815788e-03 
2016   7  29  13  30   0  8.6803643089477297e-03 
2016   7  29  14   0   0  8.6723026163101329e-03 
2016   7  29  14  30   0  8.4901321364369894e-03 
2016   7  29  15   0   0  8.6683590471321580e-03 
2016   7  29  15  30   0  7.6003230794644610e-03 
2016   7  29  16   0   0  7.1858769493468727e-03 
2016   7  29  16  30   0  7.2732909395236784e-03 
2016   7  29  17   0   0  7.1974076515868065e-03 
2016   7  29  17  30   0  6.9117108330751225e-03 
2016   7  29  18   0   0  6.7479349518944545e-03 
2016   7  29  18  30   0  5.9723009453280093e-03 
2016   7  29  19   0   0  6.3833433945109453e-03 
2016   7  29  19  30   0  6.8433825266288615e-03 
2016   7  29  20   0   0  7.2755208211984215e-03 
2016   7  29  20  30   0  7.3026699139574795e-03 
2016   7  29  21   0   0  7.9521594823878314e-03 
2016   7  29  21  30   0  7.9541178701631032e-03 
2016   7  29  22   0   0  7.8405054066421394e-03 
2016   7  29  22  30   0  7.9414036939540675e-03 
2016   7  29  23   0   0  8.0296389479584483e-03 
2016   7  29  23  30   0  8.1984179474668788e-03 
2016   7  30   0   0   0  7.5877361191297220e-03 
2016   7  30   0  30   0  7.4773791767744407e-03 
2016   7  30   1   0   0  7.2116159856411731e-03 
2016   7  30   1  30   0  6.9978848698138444e-03 
2016   7  30   2   0   0  6.8667131913557134e-03 
2016   7  30   2  30   0  7.0158482084707327e-03 
2016   7  30   3   0   0  7.1678308918242959e-03 
2016   7  30   3  30   0  7.1056845384505473e-03 
2016   7  30   4   0   0  7.0015838676550160e-03 
2016   7  30   4  30   0  6.9528904931399453e-03 
2016   7  30   5   0   0  6.9658861079163496e-03 
2016   7  30   5  30   0  6.6704761357998686e-03 
2016   7  30   6   0   0  6.2787358960763205e-03 
2016   7  30   6  30   0  6.7128424234340093e-03 
2016   7  30   7   0   0  6.9692438706946188e-03 
2016   7  30   7  30   0  7.1049625826682065e-03 
2016   7  30   8   0   0  6.2895244989012557e-03 
2016   7  30   8  30   0  6.0958783809938535e-03 
2016   7  30   9   0   0  6.3019980398232190e-03 
2016   7  30   9  30   0  6.8608887623771674e-03 
2016   7  30  10   0   0  6.2814448144484303e-03 
2016   7  30  10  30   0  6.0784132847744162e-03 
2016   7  30  11   0   0  5.5914582345502071e-03 
2016   7  30  11  30   0  6.4626788951352510e-03 
2016   7  30  12   0   0  6.4836736266292187e-03 
2016   7  30  12  30   0  6.1666978160984922e-03 
2016   7  30  13   0   0  6.5840709792813583e-03 
2016   7  30  13  30   0  4.6266395278649255e-03 
2016   7  30  14   0   0  4.2874259307886390e-03 
2016   7  30  14  30   0  4.0373305259126602e-03 
2016   7  30  15   0   0  5.3876036664835068e-03 
2016   7  30  15  30   0  5.7895835819993368e-03 
2016   7  30  16   0   0  5.1906279244163609e-03 
2016   7  30  16  30   0  5.1938290539920605e-03 
2016   7  30  17   0   0  6.9241807764781754e-03 
2016   7  30  17  30   0  5.2247795749658862e-03 
2016   7  30  18   0   0  5.8391861953839327e-03 
2016   7  30  18  30   0  5.2098189661972565e-03 
2016   7  30  19   0   0  6.0737847892135197e-03 
2016   7  30  19  30   0  5.7013771192367156e-03 
2016   7  30  20   0   0  5.3743512390373380e-03 
2016   7  30  20  30   0  5.5057192376407283e-03 
2016   7  30  21   0   0  5.6388882339039343e-03 
2016   7  30  21  30   0  5.7265494412646533e-03 
2016   7  30  22   0   0  7.4636053986096287e-03 
2016   7  30  22  30   0  6.4742756601688101e-03 
2016   7  30  23   0   0  6.5494566351835086e-03 
2016   7  30  23  30   0  6.3042474258801365e-03 
2016   7  31   0   0   0  5.8095015769508733e-03 
2016   7  31   0  30   0  5.7796030196508377e-03 
2016   7  31   1   0   0  5.8090160339296700e-03 
2016   7  31   1  30   0  5.8613403426385005e-03 
2016   7  31   2   0   0  6.2193198761672577e-03 
2016   7  31   2  30   0  6.9315045892639161e-03 
2016   7  31   3   0   0  7.5441735194687219e-03 
2016   7  31   3  30   0  8.0267370963894406e-03 
2016   7  31   4   0   0  7.5331489811342051e-03 
2016   7  31   4  30   0  7.3798854695176185e-03 
2016   7  31   5   0   0  7.3584151780487252e-03 
2016   7  31   5  30   0  6.8798074637206972e-03 
2016   7  31   6   0   0  6.1222596911893320e-03 
2016   7  31   6  30   0  6.2130612186451139e-03 
2016   7  31   7   0   0  6.2178379994340029e-03 
2016   7  31   7  30   0  6.2418530259408002e-03 
2016   7  31   8   0   0  6.1843923512511275e-03 
2016   7  31   8  30   0  5.9208265405763195e-03 
2016   7  31   9   0   0  6.0096339999590603e-03 
2016   7  31   9  30   0  5.6929771962382445e-03 
2016   7  31  10   0   0  5.4890095054014564e-03 
2016   7  31  10  30   0  5.8232219786298845e-03 
2016   7  31  11   0   0  5.8407047084524056e-03 
2016   7  31  11  30   0  5.7271168754694599e-03 
2016   7  31  12   0   0  5.3001033846557903e-03 
2016   7  31  12  30   0  5.4960945362474908e-03 
2016   7  31  13   0   0  5.6746873257410525e-03 
2016   7  31  13  30   0  5.8262867384946846e-03 
2016   7  31  14   0   0  4.8827584113007687e-03 
2016   7  31  14  30   0  5.2929976247916895e-03 
2016   7  31  15   0   0  4.0183532147768236e-03 
2016   7  31  15  30   0  3.9004685786130952e-03 
2016   7  31  16   0   0  4.3854941875948877e-03 
2016   7  31  16  30   0  4.8387826058914150e-03 
2016   7  31  17   0   0  5.3879906178791034e-03 
2016   7  31  17  30   0  5.6272433205615891e-03 
2016   7  31  18   0   0  5.7546336001161593e-03 
2016   7  31  18  30   0  5.6925467367403013e-03 
2016   7  31  19   0   0  6.0107527540046307e-03 
2016   7  31  19  30   0  6.1207829479683262e-03 
2016   7  31  20   0   0  6.2369312627931712e-03 
2016   7  31  20  30   0  6.4003490329837152e-03 
2016   7  31  21   0   0  6.3654874844536529e-03 
2016   7  31  21  30   0  6.7444566996444711e-03 
2016   7  31  22   0   0  5.4889132438303940e-03 
2016   7  31  22  30   0  5.6677548788350218e-03 
2016   7  31  23   0   0  5.4519981836314742e-03 
2016   7  31  23  30   0  5.2665142069994080e-03 
2016   8   1   0   0   0  5.2665142069994080e-03 
