   0   0   0   0   0   0  0.000361 
2016   1   1   0   0   0  3.6148057823018142e-04 
2016   1   1   0  30   0  3.4187032715590553e-04 
2016   1   1   1   0   0  3.4100723813119103e-04 
2016   1   1   1  30   0  3.0967851227259394e-04 
2016   1   1   2   0   0  2.9891902998007357e-04 
2016   1   1   2  30   0  2.7176856294622022e-04 
2016   1   1   3   0   0  2.9162209728272404e-04 
2016   1   1   3  30   0  3.4580221110954606e-04 
2016   1   1   4   0   0  3.6122196541722240e-04 
2016   1   1   4  30   0  4.8008808064400145e-04 
2016   1   1   5   0   0  5.2496624176962372e-04 
2016   1   1   5  30   0  4.0534862925430674e-04 
2016   1   1   6   0   0  3.6569226080166025e-04 
2016   1   1   6  30   0  3.8173994998922560e-04 
2016   1   1   7   0   0  3.1975042736992357e-04 
2016   1   1   7  30   0  2.7285151820598285e-04 
2016   1   1   8   0   0  2.8999584720859937e-04 
2016   1   1   8  30   0  2.7719804078870584e-04 
2016   1   1   9   0   0  1.8671572404459048e-04 
2016   1   1   9  30   0  1.6256636851179942e-04 
2016   1   1  10   0   0  1.2819305619722970e-04 
2016   1   1  10  30   0  9.8854033930324370e-05 
2016   1   1  11   0   0  8.0856314284759567e-05 
2016   1   1  11  30   0  7.6001463022535128e-05 
2016   1   1  12   0   0  7.7086720240041422e-05 
2016   1   1  12  30   0  7.8114612331756892e-05 
2016   1   1  13   0   0  9.4298969700693072e-05 
2016   1   1  13  30   0  9.9884802098322123e-05 
2016   1   1  14   0   0  1.0862603986454778e-04 
2016   1   1  14  30   0  1.1179300253478302e-04 
2016   1   1  15   0   0  1.3683726270563256e-04 
2016   1   1  15  30   0  1.7100189902701500e-04 
2016   1   1  16   0   0  1.7078344393275504e-04 
2016   1   1  16  30   0  1.5293431757857026e-04 
2016   1   1  17   0   0  1.7147276361559311e-04 
2016   1   1  17  30   0  2.0130536176338909e-04 
2016   1   1  18   0   0  2.4729535176927047e-04 
2016   1   1  18  30   0  3.4678205683769499e-04 
2016   1   1  19   0   0  2.8865418231255200e-04 
2016   1   1  19  30   0  2.8378691829191414e-04 
2016   1   1  20   0   0  3.0411342184503645e-04 
2016   1   1  20  30   0  3.1477214926930270e-04 
2016   1   1  21   0   0  2.7483405609446811e-04 
2016   1   1  21  30   0  2.4660822935843784e-04 
2016   1   1  22   0   0  2.3546606714807113e-04 
2016   1   1  22  30   0  2.3910948488000070e-04 
2016   1   1  23   0   0  2.3964987574273347e-04 
2016   1   1  23  30   0  2.5749299801334510e-04 
2016   1   2   0   0   0  2.1543894610649245e-04 
2016   1   2   0  30   0  2.0043748116923012e-04 
2016   1   2   1   0   0  1.9358701904185799e-04 
2016   1   2   1  30   0  2.0486952418963638e-04 
2016   1   2   2   0   0  2.2700931205655399e-04 
2016   1   2   2  30   0  2.4333102602402284e-04 
2016   1   2   3   0   0  2.6725160202912488e-04 
2016   1   2   3  30   0  3.0309193732348794e-04 
2016   1   2   4   0   0  3.0312504434500679e-04 
2016   1   2   4  30   0  3.0067305288774366e-04 
2016   1   2   5   0   0  3.2457107923949963e-04 
2016   1   2   5  30   0  6.9857367977174450e-04 
2016   1   2   6   0   0  4.5200100614972103e-04 
2016   1   2   6  30   0  3.9034372254298717e-04 
2016   1   2   7   0   0  3.3200366815107975e-04 
2016   1   2   7  30   0  2.7653688480579956e-04 
2016   1   2   8   0   0  3.4545063701195059e-04 
2016   1   2   8  30   0  2.9177133323668957e-04 
2016   1   2   9   0   0  4.9453101318933622e-04 
2016   1   2   9  30   0  3.7352006315316419e-04 
2016   1   2  10   0   0  4.2418153398578423e-04 
2016   1   2  10  30   0  2.7751959854741909e-04 
2016   1   2  11   0   0  5.6964551978309181e-04 
2016   1   2  11  30   0  3.6485908997810947e-04 
2016   1   2  12   0   0  2.5190754371529127e-04 
2016   1   2  12  30   0  2.5098459143250897e-04 
2016   1   2  13   0   0  2.5812049011061537e-04 
2016   1   2  13  30   0  2.4165006135378519e-04 
2016   1   2  14   0   0  2.5576103501769650e-04 
2016   1   2  14  30   0  2.6498753815161437e-04 
2016   1   2  15   0   0  2.7908016431312665e-04 
2016   1   2  15  30   0  3.1067372342427152e-04 
2016   1   2  16   0   0  3.5103940945430205e-04 
2016   1   2  16  30   0  3.7875078831111811e-04 
2016   1   2  17   0   0  3.6609385359294004e-04 
2016   1   2  17  30   0  3.6550357359561386e-04 
2016   1   2  18   0   0  3.5746798119440820e-04 
2016   1   2  18  30   0  3.4767023873686481e-04 
2016   1   2  19   0   0  3.4248502633118144e-04 
2016   1   2  19  30   0  3.3701949043272051e-04 
2016   1   2  20   0   0  3.5848631210001872e-04 
2016   1   2  20  30   0  3.8336919957376056e-04 
2016   1   2  21   0   0  4.0569400640927947e-04 
2016   1   2  21  30   0  4.8048705868121249e-04 
2016   1   2  22   0   0  4.8062442381164721e-04 
2016   1   2  22  30   0  4.4206132305099524e-04 
2016   1   2  23   0   0  4.1888324426383306e-04 
2016   1   2  23  30   0  4.7650636850663072e-04 
2016   1   3   0   0   0  5.5895564686235348e-04 
2016   1   3   0  30   0  6.0242583149167160e-04 
2016   1   3   1   0   0  5.7255065601073717e-04 
2016   1   3   1  30   0  5.7609112054242959e-04 
2016   1   3   2   0   0  5.3806925004852276e-04 
2016   1   3   2  30   0  5.2107850961723308e-04 
2016   1   3   3   0   0  4.9493995655851709e-04 
2016   1   3   3  30   0  3.8393179820881980e-04 
2016   1   3   4   0   0  3.6275581972323062e-04 
2016   1   3   4  30   0  3.0905361963987971e-04 
2016   1   3   5   0   0  2.6023600802289838e-04 
2016   1   3   5  30   0  2.2947535610863453e-04 
2016   1   3   6   0   0  2.1118087003610644e-04 
2016   1   3   6  30   0  2.0457184789202112e-04 
2016   1   3   7   0   0  2.2203750376325839e-04 
2016   1   3   7  30   0  2.4093241154251815e-04 
2016   1   3   8   0   0  2.4304198942921301e-04 
2016   1   3   8  30   0  2.5007953764442367e-04 
2016   1   3   9   0   0  2.3512422904388558e-04 
2016   1   3   9  30   0  2.2123229592987406e-04 
2016   1   3  10   0   0  1.9937276691484024e-04 
2016   1   3  10  30   0  1.8739704475195627e-04 
2016   1   3  11   0   0  2.2601185562535873e-04 
2016   1   3  11  30   0  2.3621736904217962e-04 
2016   1   3  12   0   0  2.3954575270702461e-04 
2016   1   3  12  30   0  2.3556643942829821e-04 
2016   1   3  13   0   0  2.3982669200681324e-04 
2016   1   3  13  30   0  2.3052834256250676e-04 
2016   1   3  14   0   0  2.2587703735863673e-04 
2016   1   3  14  30   0  2.2252142230258591e-04 
2016   1   3  15   0   0  2.1697896395456536e-04 
2016   1   3  15  30   0  2.1448328864253447e-04 
2016   1   3  16   0   0  2.0610542567355030e-04 
2016   1   3  16  30   0  2.0151210651027485e-04 
2016   1   3  17   0   0  2.1409021070200140e-04 
2016   1   3  17  30   0  1.9839602576638543e-04 
2016   1   3  18   0   0  1.8669957892202154e-04 
2016   1   3  18  30   0  1.5931164565465114e-04 
2016   1   3  19   0   0  1.5904403752768588e-04 
2016   1   3  19  30   0  1.2693371368779557e-04 
2016   1   3  20   0   0  1.2114768138452904e-04 
2016   1   3  20  30   0  1.0633907745275451e-04 
2016   1   3  21   0   0  1.1626208185610484e-04 
2016   1   3  21  30   0  1.1166703712518688e-04 
2016   1   3  22   0   0  1.2045933904515646e-04 
2016   1   3  22  30   0  1.3130422414424635e-04 
2016   1   3  23   0   0  1.4044773210337484e-04 
2016   1   3  23  30   0  1.6261933812966868e-04 
2016   1   4   0   0   0  1.6950535362943427e-04 
2016   1   4   0  30   0  1.6389429743113575e-04 
2016   1   4   1   0   0  1.5362771452737725e-04 
2016   1   4   1  30   0  1.5061860747786279e-04 
2016   1   4   2   0   0  1.4630362777108005e-04 
2016   1   4   2  30   0  1.5732464046135637e-04 
2016   1   4   3   0   0  1.6680429872670036e-04 
2016   1   4   3  30   0  1.9123135469694094e-04 
2016   1   4   4   0   0  2.1970649785707830e-04 
2016   1   4   4  30   0  2.3914756899637884e-04 
2016   1   4   5   0   0  2.4982767373101455e-04 
2016   1   4   5  30   0  2.4776399256071560e-04 
2016   1   4   6   0   0  2.5205925741696693e-04 
2016   1   4   6  30   0  2.5118824627318100e-04 
2016   1   4   7   0   0  2.5348000383956353e-04 
2016   1   4   7  30   0  2.6051097531532263e-04 
2016   1   4   8   0   0  2.4652872316980728e-04 
2016   1   4   8  30   0  2.4832295757307990e-04 
2016   1   4   9   0   0  2.5023334583766757e-04 
2016   1   4   9  30   0  2.4160595507289798e-04 
2016   1   4  10   0   0  2.4974455986736041e-04 
2016   1   4  10  30   0  2.5585062976707146e-04 
2016   1   4  11   0   0  2.6011571761704955e-04 
2016   1   4  11  30   0  2.7209899606198010e-04 
2016   1   4  12   0   0  2.7440798686033781e-04 
2016   1   4  12  30   0  2.8636467843064190e-04 
2016   1   4  13   0   0  3.0338777339843640e-04 
2016   1   4  13  30   0  2.8761054110369684e-04 
2016   1   4  14   0   0  2.7596698838270179e-04 
2016   1   4  14  30   0  2.6432912063671822e-04 
2016   1   4  15   0   0  2.7183042304481340e-04 
2016   1   4  15  30   0  2.7237226973258875e-04 
2016   1   4  16   0   0  2.6450006376113714e-04 
2016   1   4  16  30   0  2.4301726809807447e-04 
2016   1   4  17   0   0  2.2736875527818421e-04 
2016   1   4  17  30   0  2.3963649219928425e-04 
2016   1   4  18   0   0  2.4349828427418840e-04 
2016   1   4  18  30   0  2.2923961821159206e-04 
2016   1   4  19   0   0  2.3871983223711787e-04 
2016   1   4  19  30   0  2.4636873884873627e-04 
2016   1   4  20   0   0  2.5335157195998553e-04 
2016   1   4  20  30   0  2.4923176505258740e-04 
2016   1   4  21   0   0  2.4526196948067140e-04 
2016   1   4  21  30   0  2.3621901038928654e-04 
2016   1   4  22   0   0  2.3806964662275619e-04 
2016   1   4  22  30   0  2.2960981449133850e-04 
2016   1   4  23   0   0  2.3387711333396175e-04 
2016   1   4  23  30   0  2.4617693082722278e-04 
2016   1   5   0   0   0  2.6061006687802150e-04 
2016   1   5   0  30   0  2.7880973122380116e-04 
2016   1   5   1   0   0  2.6898531383055916e-04 
2016   1   5   1  30   0  2.6567944284291317e-04 
2016   1   5   2   0   0  2.6310287591314586e-04 
2016   1   5   2  30   0  2.6368681641005345e-04 
2016   1   5   3   0   0  2.5487425291210569e-04 
2016   1   5   3  30   0  2.6324651669245295e-04 
2016   1   5   4   0   0  2.4937655180585675e-04 
2016   1   5   4  30   0  2.3775372486968584e-04 
2016   1   5   5   0   0  2.2302119537246962e-04 
2016   1   5   5  30   0  2.0592381701775900e-04 
2016   1   5   6   0   0  1.9625618875579898e-04 
2016   1   5   6  30   0  1.7179182964126825e-04 
2016   1   5   7   0   0  1.6495701293498029e-04 
2016   1   5   7  30   0  1.6090632468073859e-04 
2016   1   5   8   0   0  1.7701659200664797e-04 
2016   1   5   8  30   0  1.6967349388294275e-04 
2016   1   5   9   0   0  1.6596661671251027e-04 
2016   1   5   9  30   0  1.7658009677698011e-04 
2016   1   5  10   0   0  1.8858379451556920e-04 
2016   1   5  10  30   0  1.8502102423540546e-04 
2016   1   5  11   0   0  1.7954919133923817e-04 
2016   1   5  11  30   0  1.8168691614449129e-04 
2016   1   5  12   0   0  1.7688713781024995e-04 
2016   1   5  12  30   0  1.8677354057870975e-04 
2016   1   5  13   0   0  1.8078785048067299e-04 
2016   1   5  13  30   0  1.7556392462523087e-04 
2016   1   5  14   0   0  1.8078220720350576e-04 
2016   1   5  14  30   0  1.8638906808616951e-04 
2016   1   5  15   0   0  1.7777958650269231e-04 
2016   1   5  15  30   0  1.7119247141336841e-04 
2016   1   5  16   0   0  1.7312665159999066e-04 
2016   1   5  16  30   0  1.7407732720864627e-04 
2016   1   5  17   0   0  1.6956755606080672e-04 
2016   1   5  17  30   0  1.8611429199029344e-04 
2016   1   5  18   0   0  1.9854914516382165e-04 
2016   1   5  18  30   0  2.0694181665448290e-04 
2016   1   5  19   0   0  2.1214548977440859e-04 
2016   1   5  19  30   0  2.1750853950544812e-04 
2016   1   5  20   0   0  2.2557369108935378e-04 
2016   1   5  20  30   0  2.3396209901764111e-04 
2016   1   5  21   0   0  2.4568859917255709e-04 
2016   1   5  21  30   0  2.5224163168327139e-04 
2016   1   5  22   0   0  2.5529554296466509e-04 
2016   1   5  22  30   0  2.5770923219840694e-04 
2016   1   5  23   0   0  2.6458246102346433e-04 
2016   1   5  23  30   0  2.7205039472176371e-04 
2016   1   6   0   0   0  2.7527336722423223e-04 
2016   1   6   0  30   0  2.7531178648392056e-04 
2016   1   6   1   0   0  2.8288216524275083e-04 
2016   1   6   1  30   0  2.8374517263737143e-04 
2016   1   6   2   0   0  2.7830919872908166e-04 
2016   1   6   2  30   0  2.8086690183341828e-04 
2016   1   6   3   0   0  2.7905062471346583e-04 
2016   1   6   3  30   0  2.6554944793857487e-04 
2016   1   6   4   0   0  2.6326368314986845e-04 
2016   1   6   4  30   0  2.6348645017770653e-04 
2016   1   6   5   0   0  2.5683057213394828e-04 
2016   1   6   5  30   0  2.5304027548854317e-04 
2016   1   6   6   0   0  2.4872153412684435e-04 
2016   1   6   6  30   0  2.7225176036939244e-04 
2016   1   6   7   0   0  2.9238910212640938e-04 
2016   1   6   7  30   0  2.8472359550894756e-04 
2016   1   6   8   0   0  3.0716307658224581e-04 
2016   1   6   8  30   0  3.2475664190461832e-04 
2016   1   6   9   0   0  3.2320735064777427e-04 
2016   1   6   9  30   0  3.2195415398622145e-04 
2016   1   6  10   0   0  3.1955475754403233e-04 
2016   1   6  10  30   0  3.1752961697906386e-04 
2016   1   6  11   0   0  3.1286135341141759e-04 
2016   1   6  11  30   0  3.2688722003508742e-04 
2016   1   6  12   0   0  3.4177002188065482e-04 
2016   1   6  12  30   0  3.5652237519569370e-04 
2016   1   6  13   0   0  3.6345729387443583e-04 
2016   1   6  13  30   0  3.9540947453028106e-04 
2016   1   6  14   0   0  4.0490329203932151e-04 
2016   1   6  14  30   0  4.0508851148362391e-04 
2016   1   6  15   0   0  4.3802414137160737e-04 
2016   1   6  15  30   0  4.3201585917913404e-04 
2016   1   6  16   0   0  4.0444623307144180e-04 
2016   1   6  16  30   0  4.0172336382491918e-04 
2016   1   6  17   0   0  4.1337168817105134e-04 
2016   1   6  17  30   0  4.0274822168432750e-04 
2016   1   6  18   0   0  4.4289217838421572e-04 
2016   1   6  18  30   0  4.7417109739059685e-04 
2016   1   6  19   0   0  4.6068158918871301e-04 
2016   1   6  19  30   0  4.7880798121004229e-04 
2016   1   6  20   0   0  4.7035879800345611e-04 
2016   1   6  20  30   0  4.6056621018253851e-04 
2016   1   6  21   0   0  4.4993514128789484e-04 
2016   1   6  21  30   0  4.1702202531152530e-04 
2016   1   6  22   0   0  4.0844188588492342e-04 
2016   1   6  22  30   0  4.1497540908615974e-04 
2016   1   6  23   0   0  4.3944673184688726e-04 
2016   1   6  23  30   0  4.6400428811437043e-04 
2016   1   7   0   0   0  4.3742891330331380e-04 
2016   1   7   0  30   0  4.2604036659930683e-04 
2016   1   7   1   0   0  3.8318257357504437e-04 
2016   1   7   1  30   0  3.9681502631279788e-04 
2016   1   7   2   0   0  3.9400517709366569e-04 
2016   1   7   2  30   0  4.0147595903700480e-04 
2016   1   7   3   0   0  3.7641758952558713e-04 
2016   1   7   3  30   0  3.6642497242250760e-04 
2016   1   7   4   0   0  3.8892783955905895e-04 
2016   1   7   4  30   0  3.9405446492366740e-04 
2016   1   7   5   0   0  3.9125986158996455e-04 
2016   1   7   5  30   0  3.4295124497594890e-04 
2016   1   7   6   0   0  3.8629217883803156e-04 
2016   1   7   6  30   0  3.7527685238447747e-04 
2016   1   7   7   0   0  3.8433280588418581e-04 
2016   1   7   7  30   0  3.5268951775029272e-04 
2016   1   7   8   0   0  3.6295592292236769e-04 
2016   1   7   8  30   0  3.4803275920184540e-04 
2016   1   7   9   0   0  4.4076529966672598e-04 
2016   1   7   9  30   0  3.9044186865005455e-04 
2016   1   7  10   0   0  3.9007567845121300e-04 
2016   1   7  10  30   0  4.2692089176713183e-04 
2016   1   7  11   0   0  3.9852705730933173e-04 
2016   1   7  11  30   0  4.3954626864132871e-04 
2016   1   7  12   0   0  4.4991839771101646e-04 
2016   1   7  12  30   0  4.5497366389419413e-04 
2016   1   7  13   0   0  4.4971946872650407e-04 
2016   1   7  13  30   0  4.5978628634564664e-04 
2016   1   7  14   0   0  4.7524014272284248e-04 
2016   1   7  14  30   0  4.7640195948428813e-04 
2016   1   7  15   0   0  4.4521119777407028e-04 
2016   1   7  15  30   0  4.2633878002976713e-04 
2016   1   7  16   0   0  4.3679866203969370e-04 
2016   1   7  16  30   0  4.1391125369410282e-04 
2016   1   7  17   0   0  4.0079238382732081e-04 
2016   1   7  17  30   0  4.1195360398106184e-04 
2016   1   7  18   0   0  4.1076498605329873e-04 
2016   1   7  18  30   0  3.6656197521883185e-04 
2016   1   7  19   0   0  4.0180565210518488e-04 
2016   1   7  19  30   0  4.3724365068987170e-04 
2016   1   7  20   0   0  4.6061184119766300e-04 
2016   1   7  20  30   0  5.2779678042222736e-04 
2016   1   7  21   0   0  4.7853323466320570e-04 
2016   1   7  21  30   0  5.1108857745749321e-04 
2016   1   7  22   0   0  5.1589911306373936e-04 
2016   1   7  22  30   0  5.1817683465228291e-04 
2016   1   7  23   0   0  5.0901943221269325e-04 
2016   1   7  23  30   0  5.1668606938765538e-04 
2016   1   8   0   0   0  5.0766141665573397e-04 
2016   1   8   0  30   0  5.0776123818262674e-04 
2016   1   8   1   0   0  5.0301336535895345e-04 
2016   1   8   1  30   0  5.1582931664724107e-04 
2016   1   8   2   0   0  5.3944090604385092e-04 
2016   1   8   2  30   0  5.4879390673417418e-04 
2016   1   8   3   0   0  5.2680341039592835e-04 
2016   1   8   3  30   0  5.0817685185019406e-04 
2016   1   8   4   0   0  4.9875814909862263e-04 
2016   1   8   4  30   0  5.0089951711483247e-04 
2016   1   8   5   0   0  5.1841695731214986e-04 
2016   1   8   5  30   0  4.6134984798108976e-04 
2016   1   8   6   0   0  4.1671806589686262e-04 
2016   1   8   6  30   0  4.1875280480935641e-04 
2016   1   8   7   0   0  4.0003184790422900e-04 
2016   1   8   7  30   0  4.4438967047884698e-04 
2016   1   8   8   0   0  4.6059047063405048e-04 
2016   1   8   8  30   0  5.1385023958921419e-04 
2016   1   8   9   0   0  6.3154345211212761e-04 
2016   1   8   9  30   0  6.6795200086095636e-04 
2016   1   8  10   0   0  5.4098658637495827e-04 
2016   1   8  10  30   0  6.9261831300866184e-04 
2016   1   8  11   0   0  7.4838940636206099e-04 
2016   1   8  11  30   0  7.1088372085093248e-04 
2016   1   8  12   0   0  7.5206971090442361e-04 
2016   1   8  12  30   0  8.4558722078675853e-04 
2016   1   8  13   0   0  8.4018295322005408e-04 
2016   1   8  13  30   0  8.6512913210542823e-04 
2016   1   8  14   0   0  8.7699130404666602e-04 
2016   1   8  14  30   0  8.5813559813533574e-04 
2016   1   8  15   0   0  8.3380200565972683e-04 
2016   1   8  15  30   0  8.3879582830545768e-04 
2016   1   8  16   0   0  8.3061007639386245e-04 
2016   1   8  16  30   0  8.2136548265250640e-04 
2016   1   8  17   0   0  8.4722463970367311e-04 
2016   1   8  17  30   0  8.8499598008581900e-04 
2016   1   8  18   0   0  9.1476859356702056e-04 
2016   1   8  18  30   0  8.8733339262423664e-04 
2016   1   8  19   0   0  8.9373917858737628e-04 
2016   1   8  19  30   0  8.9543701063922671e-04 
2016   1   8  20   0   0  9.0856638634576558e-04 
2016   1   8  20  30   0  9.2927310765993879e-04 
2016   1   8  21   0   0  9.0711273552186321e-04 
2016   1   8  21  30   0  9.1407775107741880e-04 
2016   1   8  22   0   0  8.6362256158605487e-04 
2016   1   8  22  30   0  8.2694891693965418e-04 
2016   1   8  23   0   0  7.8322348314847196e-04 
2016   1   8  23  30   0  7.4798984925402909e-04 
2016   1   9   0   0   0  7.3217753954261055e-04 
2016   1   9   0  30   0  7.0163878801841775e-04 
2016   1   9   1   0   0  6.7554127688792002e-04 
2016   1   9   1  30   0  6.5319781942649931e-04 
2016   1   9   2   0   0  6.3749660599134346e-04 
2016   1   9   2  30   0  6.2005168952629732e-04 
2016   1   9   3   0   0  6.1689044275626648e-04 
2016   1   9   3  30   0  6.1300724759878961e-04 
2016   1   9   4   0   0  6.1654198671567679e-04 
2016   1   9   4  30   0  6.6681584219412517e-04 
2016   1   9   5   0   0  7.1807266055990988e-04 
2016   1   9   5  30   0  7.5524541191034013e-04 
2016   1   9   6   0   0  7.7063543388776392e-04 
2016   1   9   6  30   0  7.2563959546156703e-04 
2016   1   9   7   0   0  7.1063178234045054e-04 
2016   1   9   7  30   0  6.9980635378909218e-04 
2016   1   9   8   0   0  6.9950217252279668e-04 
2016   1   9   8  30   0  6.2783963749245145e-04 
2016   1   9   9   0   0  7.4104966719532993e-04 
2016   1   9   9  30   0  9.2602083345220498e-04 
2016   1   9  10   0   0  8.1186262810675498e-04 
2016   1   9  10  30   0  7.7076591038715409e-04 
2016   1   9  11   0   0  7.1850750345930372e-04 
2016   1   9  11  30   0  6.7788486678799784e-04 
2016   1   9  12   0   0  7.1043823031052724e-04 
2016   1   9  12  30   0  6.8047219115498594e-04 
2016   1   9  13   0   0  6.5741889521051433e-04 
2016   1   9  13  30   0  7.1489838820164536e-04 
2016   1   9  14   0   0  6.8615271746463727e-04 
2016   1   9  14  30   0  6.8421094967251780e-04 
2016   1   9  15   0   0  6.3135087320016488e-04 
2016   1   9  15  30   0  6.5110929830256589e-04 
2016   1   9  16   0   0  6.7984777524512322e-04 
2016   1   9  16  30   0  7.0721100848976392e-04 
2016   1   9  17   0   0  7.8602433242281288e-04 
2016   1   9  17  30   0  8.0783960460941264e-04 
2016   1   9  18   0   0  7.6518018309105465e-04 
2016   1   9  18  30   0  7.4147624075019802e-04 
2016   1   9  19   0   0  6.9140769098122623e-04 
2016   1   9  19  30   0  6.5437765721129703e-04 
2016   1   9  20   0   0  6.4426446183609679e-04 
2016   1   9  20  30   0  6.4789940811287700e-04 
2016   1   9  21   0   0  6.4188587184445115e-04 
2016   1   9  21  30   0  6.5703678809094239e-04 
2016   1   9  22   0   0  9.0736212413240519e-04 
2016   1   9  22  30   0  8.7067929710741643e-04 
2016   1   9  23   0   0  8.1068785610856765e-04 
2016   1   9  23  30   0  8.0134778367392620e-04 
2016   1  10   0   0   0  8.1088266389777927e-04 
2016   1  10   0  30   0  9.1322224729969883e-04 
2016   1  10   1   0   0  8.3249489079478530e-04 
2016   1  10   1  30   0  7.0635871413114975e-04 
2016   1  10   2   0   0  6.5184999727283812e-04 
2016   1  10   2  30   0  6.4258061462221523e-04 
2016   1  10   3   0   0  6.2742278564184822e-04 
2016   1  10   3  30   0  6.5339810482917542e-04 
2016   1  10   4   0   0  6.3081206923006213e-04 
2016   1  10   4  30   0  6.7937609128759877e-04 
2016   1  10   5   0   0  8.1639883956541770e-04 
2016   1  10   5  30   0  1.0541444935493144e-03 
2016   1  10   6   0   0  9.2535170335999669e-04 
2016   1  10   6  30   0  8.5745804247709093e-04 
2016   1  10   7   0   0  1.1992428126237097e-03 
2016   1  10   7  30   0  1.2072472354914042e-03 
2016   1  10   8   0   0  9.8631787419555753e-04 
2016   1  10   8  30   0  8.1006539341838435e-04 
2016   1  10   9   0   0  7.4065851632943444e-04 
2016   1  10   9  30   0  6.8289276723653303e-04 
2016   1  10  10   0   0  6.8626661678674781e-04 
2016   1  10  10  30   0  6.7191462881716155e-04 
2016   1  10  11   0   0  6.6453004562109835e-04 
2016   1  10  11  30   0  7.6930915745156278e-04 
2016   1  10  12   0   0  8.2934249015277379e-04 
2016   1  10  12  30   0  7.6979182173201959e-04 
2016   1  10  13   0   0  7.9296034689767508e-04 
2016   1  10  13  30   0  9.7286709476606661e-04 
2016   1  10  14   0   0  1.1597797531621714e-03 
2016   1  10  14  30   0  1.0611590700785837e-03 
2016   1  10  15   0   0  8.0310077218688752e-04 
2016   1  10  15  30   0  9.9432090873887249e-04 
2016   1  10  16   0   0  7.9448563918449000e-04 
2016   1  10  16  30   0  7.5104321406607038e-04 
2016   1  10  17   0   0  7.3371661518648881e-04 
2016   1  10  17  30   0  1.0940632977740298e-03 
2016   1  10  18   0   0  7.3503117174506113e-04 
2016   1  10  18  30   0  7.2814640240082332e-04 
2016   1  10  19   0   0  7.3755049389035744e-04 
2016   1  10  19  30   0  7.5204929818548474e-04 
2016   1  10  20   0   0  7.4455674872834674e-04 
2016   1  10  20  30   0  9.8369045508081435e-04 
2016   1  10  21   0   0  1.0006752634839217e-03 
2016   1  10  21  30   0  8.8219176818711488e-04 
2016   1  10  22   0   0  7.7888986884278098e-04 
2016   1  10  22  30   0  7.5532472194621313e-04 
2016   1  10  23   0   0  7.6206897141510457e-04 
2016   1  10  23  30   0  6.9340723740164386e-04 
2016   1  11   0   0   0  6.1063587817114810e-04 
2016   1  11   0  30   0  5.9050635245840738e-04 
2016   1  11   1   0   0  5.7474446688051480e-04 
2016   1  11   1  30   0  5.6575333058725777e-04 
2016   1  11   2   0   0  5.4849291864203498e-04 
2016   1  11   2  30   0  5.4939120387991608e-04 
2016   1  11   3   0   0  5.3821846216150322e-04 
2016   1  11   3  30   0  5.5652638515793983e-04 
2016   1  11   4   0   0  6.1357512062761477e-04 
2016   1  11   4  30   0  6.7010322920890274e-04 
2016   1  11   5   0   0  6.6655424692722192e-04 
2016   1  11   5  30   0  6.4671496484452464e-04 
2016   1  11   6   0   0  6.2880283437338356e-04 
2016   1  11   6  30   0  6.0933143172430828e-04 
2016   1  11   7   0   0  5.9065960180976055e-04 
2016   1  11   7  30   0  5.6803857173927635e-04 
2016   1  11   8   0   0  5.2371779527399329e-04 
2016   1  11   8  30   0  5.0034023894321845e-04 
2016   1  11   9   0   0  4.7904148157173050e-04 
2016   1  11   9  30   0  5.1494438862305771e-04 
2016   1  11  10   0   0  5.3653547212743663e-04 
2016   1  11  10  30   0  5.2128084403100388e-04 
2016   1  11  11   0   0  5.5130342014448035e-04 
2016   1  11  11  30   0  5.4812203289102872e-04 
2016   1  11  12   0   0  5.5523754416509957e-04 
2016   1  11  12  30   0  5.4927893191543777e-04 
2016   1  11  13   0   0  5.4772605717402485e-04 
2016   1  11  13  30   0  5.2856507157946603e-04 
2016   1  11  14   0   0  5.0250647781109983e-04 
2016   1  11  14  30   0  5.0040969337355643e-04 
2016   1  11  15   0   0  5.2919925061784652e-04 
2016   1  11  15  30   0  5.4507935513467998e-04 
2016   1  11  16   0   0  5.4154972701826384e-04 
2016   1  11  16  30   0  5.2990218334396822e-04 
2016   1  11  17   0   0  5.1667480058510218e-04 
2016   1  11  17  30   0  5.0296387650876438e-04 
2016   1  11  18   0   0  4.9889527811863572e-04 
2016   1  11  18  30   0  5.2764321682783276e-04 
2016   1  11  19   0   0  4.8084092742989082e-04 
2016   1  11  19  30   0  4.6875562221351629e-04 
2016   1  11  20   0   0  4.6528300544176844e-04 
2016   1  11  20  30   0  4.6369826806600480e-04 
2016   1  11  21   0   0  4.6536907020110994e-04 
2016   1  11  21  30   0  4.7482081305572673e-04 
2016   1  11  22   0   0  5.2443235671204057e-04 
2016   1  11  22  30   0  4.7213165083637170e-04 
2016   1  11  23   0   0  4.7941275930711314e-04 
2016   1  11  23  30   0  4.7852127400233491e-04 
2016   1  12   0   0   0  4.3782770303945582e-04 
2016   1  12   0  30   0  3.8584306964184299e-04 
2016   1  12   1   0   0  3.5080647059234206e-04 
2016   1  12   1  30   0  3.0909462405780206e-04 
2016   1  12   2   0   0  2.8028976074629655e-04 
2016   1  12   2  30   0  2.5644574240168727e-04 
2016   1  12   3   0   0  2.4001075746798799e-04 
2016   1  12   3  30   0  2.2539400288543372e-04 
2016   1  12   4   0   0  2.1528377679058770e-04 
2016   1  12   4  30   0  1.9783128880303247e-04 
2016   1  12   5   0   0  1.8771743978610435e-04 
2016   1  12   5  30   0  1.7625264884822873e-04 
2016   1  12   6   0   0  1.8537292626617368e-04 
2016   1  12   6  30   0  1.8434298796686789e-04 
2016   1  12   7   0   0  2.0133766833275248e-04 
2016   1  12   7  30   0  2.1250198997997026e-04 
2016   1  12   8   0   0  2.0965936422077418e-04 
2016   1  12   8  30   0  2.2413181479550895e-04 
2016   1  12   9   0   0  2.0518025682030863e-04 
2016   1  12   9  30   0  2.0693401745916371e-04 
2016   1  12  10   0   0  2.2060371897662256e-04 
2016   1  12  10  30   0  1.9916691842855602e-04 
2016   1  12  11   0   0  1.7505174275327372e-04 
2016   1  12  11  30   0  1.6324380718213090e-04 
2016   1  12  12   0   0  1.7997936231931036e-04 
2016   1  12  12  30   0  1.6765869780950563e-04 
2016   1  12  13   0   0  1.7241066848840345e-04 
2016   1  12  13  30   0  2.2371311597716180e-04 
2016   1  12  14   0   0  1.7895114228970942e-04 
2016   1  12  14  30   0  1.7546872097473981e-04 
2016   1  12  15   0   0  1.8832867237874261e-04 
2016   1  12  15  30   0  1.7236407257095187e-04 
2016   1  12  16   0   0  1.6087006800942553e-04 
2016   1  12  16  30   0  1.6153784765656122e-04 
2016   1  12  17   0   0  1.5758730679347977e-04 
2016   1  12  17  30   0  1.6515821919192087e-04 
2016   1  12  18   0   0  1.7853329933396840e-04 
2016   1  12  18  30   0  1.5375853116836248e-04 
2016   1  12  19   0   0  1.8091192316773533e-04 
2016   1  12  19  30   0  1.5427938830899561e-04 
2016   1  12  20   0   0  1.4024882139590820e-04 
2016   1  12  20  30   0  1.4996602780353722e-04 
2016   1  12  21   0   0  1.6721462789400415e-04 
2016   1  12  21  30   0  1.6147692941677314e-04 
2016   1  12  22   0   0  1.4950044222537205e-04 
2016   1  12  22  30   0  1.4866622129138942e-04 
2016   1  12  23   0   0  1.6745403672775418e-04 
2016   1  12  23  30   0  1.8303318815134488e-04 
2016   1  13   0   0   0  2.0728382908545643e-04 
2016   1  13   0  30   0  2.1010055743737456e-04 
2016   1  13   1   0   0  2.0803798980720365e-04 
2016   1  13   1  30   0  1.9555152317832369e-04 
2016   1  13   2   0   0  1.8529506191684045e-04 
2016   1  13   2  30   0  1.8582656588153487e-04 
2016   1  13   3   0   0  1.9059494713976279e-04 
2016   1  13   3  30   0  1.7414151871525841e-04 
2016   1  13   4   0   0  1.7468943640767980e-04 
2016   1  13   4  30   0  1.7237459173614943e-04 
2016   1  13   5   0   0  1.7334604968386052e-04 
2016   1  13   5  30   0  1.7286593128058912e-04 
2016   1  13   6   0   0  1.7071114094035312e-04 
2016   1  13   6  30   0  1.6974502212130417e-04 
2016   1  13   7   0   0  1.8102167340798450e-04 
2016   1  13   7  30   0  1.7267724272718339e-04 
2016   1  13   8   0   0  1.8346043582727410e-04 
2016   1  13   8  30   0  1.9986071872162871e-04 
2016   1  13   9   0   0  2.1928073340503207e-04 
2016   1  13   9  30   0  2.2771988447095723e-04 
2016   1  13  10   0   0  2.2904049730934034e-04 
2016   1  13  10  30   0  2.2834300048377569e-04 
2016   1  13  11   0   0  2.2362026555325295e-04 
2016   1  13  11  30   0  2.2349508299684254e-04 
2016   1  13  12   0   0  2.2096857697396542e-04 
2016   1  13  12  30   0  2.0446960505202699e-04 
2016   1  13  13   0   0  1.9227116017187090e-04 
2016   1  13  13  30   0  1.9293178401215161e-04 
2016   1  13  14   0   0  1.8740635398415968e-04 
2016   1  13  14  30   0  1.8818379198716205e-04 
2016   1  13  15   0   0  1.8950656242634525e-04 
2016   1  13  15  30   0  1.8707068085895028e-04 
2016   1  13  16   0   0  1.9460432005541630e-04 
2016   1  13  16  30   0  1.9194605029484825e-04 
2016   1  13  17   0   0  1.9037546824754163e-04 
2016   1  13  17  30   0  1.9168633613930462e-04 
2016   1  13  18   0   0  1.9605765125540713e-04 
2016   1  13  18  30   0  2.0046126167121416e-04 
2016   1  13  19   0   0  2.0376056167806150e-04 
2016   1  13  19  30   0  2.1409387248791384e-04 
2016   1  13  20   0   0  2.0781183614261827e-04 
2016   1  13  20  30   0  2.1595568871052363e-04 
2016   1  13  21   0   0  2.1863841950365263e-04 
2016   1  13  21  30   0  2.1248589805136436e-04 
2016   1  13  22   0   0  2.1565200186592334e-04 
2016   1  13  22  30   0  2.1009981804947565e-04 
2016   1  13  23   0   0  2.1274806920723957e-04 
2016   1  13  23  30   0  2.1490688732698105e-04 
2016   1  14   0   0   0  2.1852417574812579e-04 
2016   1  14   0  30   0  2.1701308366564495e-04 
2016   1  14   1   0   0  2.1540031695528114e-04 
2016   1  14   1  30   0  2.1238737359342827e-04 
2016   1  14   2   0   0  2.0987091982512519e-04 
2016   1  14   2  30   0  2.0152687467829198e-04 
2016   1  14   3   0   0  2.0429209594790597e-04 
2016   1  14   3  30   0  1.9836994621257964e-04 
2016   1  14   4   0   0  2.0417101523842734e-04 
2016   1  14   4  30   0  2.0618384396998402e-04 
2016   1  14   5   0   0  2.0383966084287891e-04 
2016   1  14   5  30   0  2.0291280435615273e-04 
2016   1  14   6   0   0  1.9953600250702822e-04 
2016   1  14   6  30   0  1.9621118665071659e-04 
2016   1  14   7   0   0  1.9360779423599549e-04 
2016   1  14   7  30   0  1.9260068121145377e-04 
2016   1  14   8   0   0  1.9721649053521114e-04 
2016   1  14   8  30   0  1.8880252277498458e-04 
2016   1  14   9   0   0  1.9281638681133552e-04 
2016   1  14   9  30   0  1.8867585531198269e-04 
2016   1  14  10   0   0  1.8852424030290884e-04 
2016   1  14  10  30   0  1.9450676701176424e-04 
2016   1  14  11   0   0  1.9804531046016766e-04 
2016   1  14  11  30   0  2.0425303227728880e-04 
2016   1  14  12   0   0  2.0608973739619661e-04 
2016   1  14  12  30   0  2.0775179178213679e-04 
2016   1  14  13   0   0  2.0526490176969982e-04 
2016   1  14  13  30   0  2.1086461403780688e-04 
2016   1  14  14   0   0  2.1201230058061441e-04 
2016   1  14  14  30   0  2.1275229705588773e-04 
2016   1  14  15   0   0  2.2819433233716536e-04 
2016   1  14  15  30   0  2.6811932336075195e-04 
2016   1  14  16   0   0  2.2045225429407790e-04 
2016   1  14  16  30   0  2.3246916515990850e-04 
2016   1  14  17   0   0  2.4124978186186420e-04 
2016   1  14  17  30   0  2.4417220711082927e-04 
2016   1  14  18   0   0  2.3598152444296032e-04 
2016   1  14  18  30   0  2.4317450583280107e-04 
2016   1  14  19   0   0  2.5148256260261649e-04 
2016   1  14  19  30   0  2.7401624852325219e-04 
2016   1  14  20   0   0  2.6448157085614990e-04 
2016   1  14  20  30   0  2.4106294114232198e-04 
2016   1  14  21   0   0  2.4207301309511501e-04 
2016   1  14  21  30   0  2.2666060493969841e-04 
2016   1  14  22   0   0  2.3457192271064974e-04 
2016   1  14  22  30   0  2.4795461263121311e-04 
2016   1  14  23   0   0  2.5469784109742767e-04 
2016   1  14  23  30   0  2.5012128150071143e-04 
2016   1  15   0   0   0  2.4947007936790744e-04 
2016   1  15   0  30   0  2.5017597041692650e-04 
2016   1  15   1   0   0  2.3938572461777816e-04 
2016   1  15   1  30   0  2.2846011132951930e-04 
2016   1  15   2   0   0  2.1282109434311462e-04 
2016   1  15   2  30   0  2.0083397278317357e-04 
2016   1  15   3   0   0  1.7190742690738578e-04 
2016   1  15   3  30   0  1.4408925405848366e-04 
2016   1  15   4   0   0  1.2758127039808577e-04 
2016   1  15   4  30   0  1.0427650055781467e-04 
2016   1  15   5   0   0  8.9641893984447225e-05 
2016   1  15   5  30   0  8.0902204694765118e-05 
2016   1  15   6   0   0  8.0404002417484952e-05 
2016   1  15   6  30   0  7.8109730653079740e-05 
2016   1  15   7   0   0  7.9873369742649379e-05 
2016   1  15   7  30   0  8.2137916757034723e-05 
2016   1  15   8   0   0  9.3353943995743227e-05 
2016   1  15   8  30   0  1.1310700081309522e-04 
2016   1  15   9   0   0  1.4187112695777219e-04 
2016   1  15   9  30   0  1.4902090405793651e-04 
2016   1  15  10   0   0  1.5267060830296143e-04 
2016   1  15  10  30   0  1.5868170576060033e-04 
2016   1  15  11   0   0  1.7047401886137489e-04 
2016   1  15  11  30   0  1.8279027920751001e-04 
2016   1  15  12   0   0  2.0017869593788029e-04 
2016   1  15  12  30   0  1.8699436808254505e-04 
2016   1  15  13   0   0  1.8531267059104477e-04 
2016   1  15  13  30   0  2.0967198890615169e-04 
2016   1  15  14   0   0  1.9899297332948902e-04 
2016   1  15  14  30   0  1.7121008229415067e-04 
2016   1  15  15   0   0  1.7186760815249099e-04 
2016   1  15  15  30   0  1.7904546636130062e-04 
2016   1  15  16   0   0  1.8826144368989627e-04 
2016   1  15  16  30   0  1.9073145652358359e-04 
2016   1  15  17   0   0  2.0073429283961393e-04 
2016   1  15  17  30   0  2.1301511692041543e-04 
2016   1  15  18   0   0  2.0327440033119051e-04 
2016   1  15  18  30   0  1.9698591868955010e-04 
2016   1  15  19   0   0  2.0911858112202726e-04 
2016   1  15  19  30   0  2.1606725534988188e-04 
2016   1  15  20   0   0  1.9372103294002928e-04 
2016   1  15  20  30   0  2.0291661604197769e-04 
2016   1  15  21   0   0  1.8455353566217052e-04 
2016   1  15  21  30   0  2.2477874766657253e-04 
2016   1  15  22   0   0  2.5549712260781012e-04 
2016   1  15  22  30   0  2.6209622388093481e-04 
2016   1  15  23   0   0  2.8036736029087695e-04 
2016   1  15  23  30   0  2.8262669949637832e-04 
2016   1  16   0   0   0  2.7554195975164098e-04 
2016   1  16   0  30   0  2.6240972548074364e-04 
2016   1  16   1   0   0  2.4292514800498786e-04 
2016   1  16   1  30   0  2.3809344916161376e-04 
2016   1  16   2   0   0  2.3263177727813993e-04 
2016   1  16   2  30   0  2.3441547035873522e-04 
2016   1  16   3   0   0  2.3209724898204064e-04 
2016   1  16   3  30   0  2.3781079748790999e-04 
2016   1  16   4   0   0  2.6455279087173825e-04 
2016   1  16   4  30   0  2.7812388699431038e-04 
2016   1  16   5   0   0  2.8375236291956985e-04 
2016   1  16   5  30   0  2.8585512983376007e-04 
2016   1  16   6   0   0  2.7379894101553916e-04 
2016   1  16   6  30   0  2.6235168878411592e-04 
2016   1  16   7   0   0  2.7221774165157978e-04 
2016   1  16   7  30   0  2.7540333267760196e-04 
2016   1  16   8   0   0  2.4682869199606965e-04 
2016   1  16   8  30   0  2.2421199685263802e-04 
2016   1  16   9   0   0  2.4837154890675766e-04 
2016   1  16   9  30   0  2.2432560283957466e-04 
2016   1  16  10   0   0  2.2111771654700877e-04 
2016   1  16  10  30   0  2.3154094354195458e-04 
2016   1  16  11   0   0  2.6736413123740129e-04 
2016   1  16  11  30   0  2.7474971325709452e-04 
2016   1  16  12   0   0  2.6256800449311592e-04 
2016   1  16  12  30   0  2.6263229472444228e-04 
2016   1  16  13   0   0  2.5975089204510320e-04 
2016   1  16  13  30   0  2.6492922349560902e-04 
2016   1  16  14   0   0  2.6791490524537129e-04 
2016   1  16  14  30   0  2.8703578982610073e-04 
2016   1  16  15   0   0  2.7160270391014628e-04 
2016   1  16  15  30   0  2.8757559665756156e-04 
2016   1  16  16   0   0  2.8971510407872037e-04 
2016   1  16  16  30   0  3.2212858912739414e-04 
2016   1  16  17   0   0  3.3646767483883300e-04 
2016   1  16  17  30   0  3.2359679131485847e-04 
2016   1  16  18   0   0  3.1154081306761244e-04 
2016   1  16  18  30   0  3.1842802269406938e-04 
2016   1  16  19   0   0  3.1090787352054487e-04 
2016   1  16  19  30   0  2.9824594861576714e-04 
2016   1  16  20   0   0  2.6840816590391873e-04 
2016   1  16  20  30   0  2.4335124849826748e-04 
2016   1  16  21   0   0  2.2671363646470106e-04 
2016   1  16  21  30   0  2.0924431575918166e-04 
2016   1  16  22   0   0  1.9342373607114590e-04 
2016   1  16  22  30   0  1.7723986389191996e-04 
2016   1  16  23   0   0  1.7118483740245424e-04 
2016   1  16  23  30   0  1.5796435309503226e-04 
2016   1  17   0   0   0  1.5844311516217233e-04 
2016   1  17   0  30   0  1.4917508636430059e-04 
2016   1  17   1   0   0  1.4245748397146698e-04 
2016   1  17   1  30   0  1.3631952488737776e-04 
2016   1  17   2   0   0  1.2878452912574187e-04 
2016   1  17   2  30   0  1.6122532625022662e-04 
2016   1  17   3   0   0  1.7493673640967035e-04 
2016   1  17   3  30   0  2.1675741849363930e-04 
2016   1  17   4   0   0  2.9462714898444283e-04 
2016   1  17   4  30   0  3.3747336752412151e-04 
2016   1  17   5   0   0  3.5568045032176933e-04 
2016   1  17   5  30   0  3.7782022968343477e-04 
2016   1  17   6   0   0  3.7923257632674887e-04 
2016   1  17   6  30   0  3.5383157354806585e-04 
2016   1  17   7   0   0  3.9256839770384852e-04 
2016   1  17   7  30   0  4.3940123422674820e-04 
2016   1  17   8   0   0  4.7489649677683087e-04 
2016   1  17   8  30   0  4.6058670308856499e-04 
2016   1  17   9   0   0  4.3841892152810815e-04 
2016   1  17   9  30   0  4.6286944906198419e-04 
2016   1  17  10   0   0  4.7734449657255515e-04 
2016   1  17  10  30   0  4.7858395507050763e-04 
2016   1  17  11   0   0  5.1476954762195298e-04 
2016   1  17  11  30   0  5.3018957364469590e-04 
2016   1  17  12   0   0  4.9995018877514014e-04 
2016   1  17  12  30   0  4.9428447887002350e-04 
2016   1  17  13   0   0  4.6886320734605154e-04 
2016   1  17  13  30   0  4.4277017555328306e-04 
2016   1  17  14   0   0  4.3431578133104262e-04 
2016   1  17  14  30   0  4.1621834204058118e-04 
2016   1  17  15   0   0  3.7277809062225730e-04 
2016   1  17  15  30   0  3.6080901599523402e-04 
2016   1  17  16   0   0  3.7875690962062497e-04 
2016   1  17  16  30   0  3.9911163236917597e-04 
2016   1  17  17   0   0  4.4261987137945215e-04 
2016   1  17  17  30   0  4.3181182709901991e-04 
2016   1  17  18   0   0  4.3805630542792317e-04 
2016   1  17  18  30   0  4.3613675354120876e-04 
2016   1  17  19   0   0  4.3618260640676456e-04 
2016   1  17  19  30   0  4.3759318540526824e-04 
2016   1  17  20   0   0  4.2206400009399582e-04 
2016   1  17  20  30   0  4.4275142371002330e-04 
2016   1  17  21   0   0  4.3677006604849313e-04 
2016   1  17  21  30   0  4.2331219924096646e-04 
2016   1  17  22   0   0  3.7706860801692011e-04 
2016   1  17  22  30   0  3.7526615545601728e-04 
2016   1  17  23   0   0  3.6522934174578825e-04 
2016   1  17  23  30   0  3.7832690873606313e-04 
2016   1  18   0   0   0  4.1440877488643308e-04 
2016   1  18   0  30   0  3.8809124852027253e-04 
2016   1  18   1   0   0  3.6664599937283175e-04 
2016   1  18   1  30   0  3.2956649755399550e-04 
2016   1  18   2   0   0  2.7666503668284187e-04 
2016   1  18   2  30   0  3.2384318181336052e-04 
2016   1  18   3   0   0  3.0169061904837953e-04 
2016   1  18   3  30   0  3.2625811659005137e-04 
2016   1  18   4   0   0  3.7802752794875076e-04 
2016   1  18   4  30   0  3.6258793450908707e-04 
2016   1  18   5   0   0  3.3369439191548915e-04 
2016   1  18   5  30   0  2.9345951602959415e-04 
2016   1  18   6   0   0  3.5782455480221970e-04 
2016   1  18   6  30   0  3.3606259402701441e-04 
2016   1  18   7   0   0  3.0853748535872452e-04 
2016   1  18   7  30   0  3.1052424858976532e-04 
2016   1  18   8   0   0  2.9933536988266087e-04 
2016   1  18   8  30   0  3.2634906413399263e-04 
2016   1  18   9   0   0  3.4130820162473104e-04 
2016   1  18   9  30   0  3.4117967771213022e-04 
2016   1  18  10   0   0  3.1248999187007375e-04 
2016   1  18  10  30   0  2.7303570253287170e-04 
2016   1  18  11   0   0  2.9616267616658712e-04 
2016   1  18  11  30   0  2.9932543944312726e-04 
2016   1  18  12   0   0  3.2334017344407933e-04 
2016   1  18  12  30   0  3.1020856730241075e-04 
2016   1  18  13   0   0  3.4795588256063059e-04 
2016   1  18  13  30   0  3.1959512008005125e-04 
2016   1  18  14   0   0  3.0876425398341687e-04 
2016   1  18  14  30   0  2.8553432623866666e-04 
2016   1  18  15   0   0  2.6754517587803978e-04 
2016   1  18  15  30   0  2.3995086786540457e-04 
2016   1  18  16   0   0  2.2363897263205987e-04 
2016   1  18  16  30   0  2.0753074464066300e-04 
2016   1  18  17   0   0  2.1168541185163822e-04 
2016   1  18  17  30   0  2.3341071743620241e-04 
2016   1  18  18   0   0  2.3340860844516765e-04 
2016   1  18  18  30   0  2.4179911508782136e-04 
2016   1  18  19   0   0  2.0940664539473804e-04 
2016   1  18  19  30   0  2.2475206728351759e-04 
2016   1  18  20   0   0  1.7617891582840211e-04 
2016   1  18  20  30   0  1.9581591307690871e-04 
2016   1  18  21   0   0  2.7751452335646458e-04 
2016   1  18  21  30   0  2.4461527490672992e-04 
2016   1  18  22   0   0  1.0165668839378936e-03 
2016   1  18  22  30   0  6.0955429228000640e-04 
2016   1  18  23   0   0  5.1221791919836860e-04 
2016   1  18  23  30   0  2.8056269849578811e-04 
2016   1  19   0   0   0  2.7139077123986043e-04 
2016   1  19   0  30   0  3.0279950342371219e-04 
2016   1  19   1   0   0  2.8728351596384727e-04 
2016   1  19   1  30   0  2.6816741884031831e-04 
2016   1  19   2   0   0  2.8438477521361861e-04 
2016   1  19   2  30   0  2.7735633978025805e-04 
2016   1  19   3   0   0  2.7005341014499763e-04 
2016   1  19   3  30   0  2.7434152622759893e-04 
2016   1  19   4   0   0  3.0958134704768179e-04 
2016   1  19   4  30   0  3.1921210773236755e-04 
2016   1  19   5   0   0  3.4382804773400389e-04 
2016   1  19   5  30   0  3.5480808561133478e-04 
2016   1  19   6   0   0  3.5278971082537019e-04 
2016   1  19   6  30   0  3.3522369334928190e-04 
2016   1  19   7   0   0  3.2414315345827104e-04 
2016   1  19   7  30   0  3.3062362421579521e-04 
2016   1  19   8   0   0  3.2138549981345618e-04 
2016   1  19   8  30   0  3.1825782366200211e-04 
2016   1  19   9   0   0  3.1256809857378286e-04 
2016   1  19   9  30   0  3.0325855993041290e-04 
2016   1  19  10   0   0  3.1759591854064442e-04 
2016   1  19  10  30   0  3.2995212211905684e-04 
2016   1  19  11   0   0  3.8249244914686457e-04 
2016   1  19  11  30   0  3.9515752826039478e-04 
2016   1  19  12   0   0  3.2578089515895143e-04 
2016   1  19  12  30   0  3.1740145841144404e-04 
2016   1  19  13   0   0  3.2580532639502323e-04 
2016   1  19  13  30   0  3.4468639725499780e-04 
2016   1  19  14   0   0  3.4505356446384020e-04 
2016   1  19  14  30   0  3.0881457472748205e-04 
2016   1  19  15   0   0  3.0524184059702730e-04 
2016   1  19  15  30   0  3.0339254328413181e-04 
2016   1  19  16   0   0  2.8224179909324673e-04 
2016   1  19  16  30   0  2.9713830164426286e-04 
2016   1  19  17   0   0  3.8181004931176578e-04 
2016   1  19  17  30   0  3.7475321618911503e-04 
2016   1  19  18   0   0  4.0196127259450811e-04 
2016   1  19  18  30   0  3.6883010439182960e-04 
2016   1  19  19   0   0  4.7133939843666250e-04 
2016   1  19  19  30   0  4.7433079112839085e-04 
2016   1  19  20   0   0  3.9667334029175365e-04 
2016   1  19  20  30   0  3.8594139352230073e-04 
2016   1  19  21   0   0  3.3314084569093362e-04 
2016   1  19  21  30   0  3.0819759522887353e-04 
2016   1  19  22   0   0  3.4983801194919401e-04 
2016   1  19  22  30   0  3.3928037875069603e-04 
2016   1  19  23   0   0  3.4518141698351267e-04 
2016   1  19  23  30   0  3.2990711425092214e-04 
2016   1  20   0   0   0  3.2915562211133047e-04 
2016   1  20   0  30   0  3.2120181545939322e-04 
2016   1  20   1   0   0  3.3995235211267856e-04 
2016   1  20   1  30   0  3.4625856258367729e-04 
2016   1  20   2   0   0  3.4418866520757950e-04 
2016   1  20   2  30   0  3.1585038227010409e-04 
2016   1  20   3   0   0  3.1567623947501434e-04 
2016   1  20   3  30   0  3.5572809535609632e-04 
2016   1  20   4   0   0  3.4456739930372566e-04 
2016   1  20   4  30   0  3.3274000408052237e-04 
2016   1  20   5   0   0  3.3728233790126789e-04 
2016   1  20   5  30   0  3.4936420288150550e-04 
2016   1  20   6   0   0  4.4979896862703384e-04 
2016   1  20   6  30   0  4.9309792006057716e-04 
2016   1  20   7   0   0  4.4147504956248377e-04 
2016   1  20   7  30   0  5.3215907685371907e-04 
2016   1  20   8   0   0  4.7664004550778788e-04 
2016   1  20   8  30   0  3.7470227439625857e-04 
2016   1  20   9   0   0  3.3295873393298275e-04 
2016   1  20   9  30   0  3.1717911558524050e-04 
2016   1  20  10   0   0  3.2222917341797886e-04 
2016   1  20  10  30   0  3.1403244391789615e-04 
2016   1  20  11   0   0  3.1457629166119525e-04 
2016   1  20  11  30   0  3.3530918745808584e-04 
2016   1  20  12   0   0  3.6442045970989148e-04 
2016   1  20  12  30   0  4.2427043232955505e-04 
2016   1  20  13   0   0  5.1089542425024565e-04 
2016   1  20  13  30   0  4.3616336688730606e-04 
2016   1  20  14   0   0  4.2827203464043987e-04 
2016   1  20  14  30   0  3.6618472398056243e-04 
2016   1  20  15   0   0  3.0356901062601743e-04 
2016   1  20  15  30   0  2.7724533774141385e-04 
2016   1  20  16   0   0  2.5465767961704817e-04 
2016   1  20  16  30   0  2.5645913956011737e-04 
2016   1  20  17   0   0  2.5304715599446729e-04 
2016   1  20  17  30   0  2.6379341786481741e-04 
2016   1  20  18   0   0  4.3682461677834860e-04 
2016   1  20  18  30   0  4.8864004087225538e-04 
2016   1  20  19   0   0  5.8757247393554062e-04 
2016   1  20  19  30   0  7.5639496532384958e-04 
2016   1  20  20   0   0  7.1128643567509539e-04 
2016   1  20  20  30   0  5.0755031373304026e-04 
2016   1  20  21   0   0  4.3339682640800318e-04 
2016   1  20  21  30   0  3.8279268750404655e-04 
2016   1  20  22   0   0  3.6831755640596596e-04 
2016   1  20  22  30   0  3.4989332030849034e-04 
2016   1  20  23   0   0  3.3517091368690302e-04 
2016   1  20  23  30   0  3.3135157128505558e-04 
2016   1  21   0   0   0  1.6425950363935593e-04 
2016   1  21   0  30   0  1.7347386129230581e-04 
2016   1  21   1   0   0  1.5964458498444892e-04 
2016   1  21   1  30   0  1.4947926338418460e-04 
2016   1  21   2   0   0  1.3148824057248847e-04 
2016   1  21   2  30   0  1.2816997578903518e-04 
2016   1  21   3   0   0  1.1783493278742660e-04 
2016   1  21   3  30   0  1.1108259324394857e-04 
2016   1  21   4   0   0  1.3999459494492181e-04 
2016   1  21   4  30   0  1.6766659691731266e-04 
2016   1  21   5   0   0  1.7649287769143355e-04 
2016   1  21   5  30   0  2.1525107624147585e-04 
2016   1  21   6   0   0  2.6582821379884854e-04 
2016   1  21   6  30   0  2.6902108755280890e-04 
2016   1  21   7   0   0  2.5478112714474166e-04 
2016   1  21   7  30   0  2.5267837939183581e-04 
2016   1  21   8   0   0  2.4732315299284602e-04 
2016   1  21   8  30   0  2.4518550433083364e-04 
2016   1  21   9   0   0  2.2278178601382417e-04 
2016   1  21   9  30   0  2.0068426181221849e-04 
2016   1  21  10   0   0  1.9332476447378151e-04 
2016   1  21  10  30   0  2.1737506757402608e-04 
2016   1  21  11   0   0  2.4299400150604001e-04 
2016   1  21  11  30   0  2.7080113693306036e-04 
2016   1  21  12   0   0  2.9920764768716601e-04 
2016   1  21  12  30   0  3.0977080600650200e-04 
2016   1  21  13   0   0  3.0134930404143706e-04 
2016   1  21  13  30   0  2.7318441632283405e-04 
2016   1  21  14   0   0  2.6882566009272385e-04 
2016   1  21  14  30   0  4.1869209396921980e-04 
2016   1  21  15   0   0  2.5149228067009992e-04 
2016   1  21  15  30   0  2.6697826220894457e-04 
2016   1  21  16   0   0  4.3922401940345404e-04 
2016   1  21  16  30   0  2.4560424119597450e-04 
2016   1  21  17   0   0  2.3237183382014372e-04 
2016   1  21  17  30   0  2.2973292117298993e-04 
2016   1  21  18   0   0  2.3400569397400331e-04 
2016   1  21  18  30   0  2.2577302420006314e-04 
2016   1  21  19   0   0  2.7736064252939887e-04 
2016   1  21  19  30   0  2.3039422241122957e-04 
2016   1  21  20   0   0  2.4158429658344678e-04 
2016   1  21  20  30   0  2.2878596417555717e-04 
2016   1  21  21   0   0  3.3250376920335297e-04 
2016   1  21  21  30   0  3.5062974682659669e-04 
2016   1  21  22   0   0  3.4822931317619345e-04 
2016   1  21  22  30   0  2.0930745947294956e-04 
2016   1  21  23   0   0  2.1666129598060205e-04 
2016   1  21  23  30   0  2.2495019765045622e-04 
2016   1  22   0   0   0  2.5202082258902651e-04 
2016   1  22   0  30   0  2.3019420104192329e-04 
2016   1  22   1   0   0  2.3032846631072495e-04 
2016   1  22   1  30   0  2.2642280631341466e-04 
2016   1  22   2   0   0  2.1767399157615190e-04 
2016   1  22   2  30   0  2.6685208214510792e-04 
2016   1  22   3   0   0  2.5059536621704350e-04 
2016   1  22   3  30   0  3.3263590032134289e-04 
2016   1  22   4   0   0  3.8462995387817582e-04 
2016   1  22   4  30   0  3.4510190849715446e-04 
2016   1  22   5   0   0  3.9363802991024076e-04 
2016   1  22   5  30   0  3.2072536211416542e-04 
2016   1  22   6   0   0  2.8597611724991460e-04 
2016   1  22   6  30   0  2.5944869420372138e-04 
2016   1  22   7   0   0  2.2711543749928740e-04 
2016   1  22   7  30   0  2.4412333775767885e-04 
2016   1  22   8   0   0  2.1370996067452821e-04 
2016   1  22   8  30   0  2.1520755567609967e-04 
2016   1  22   9   0   0  2.3585113011350995e-04 
2016   1  22   9  30   0  2.1762351658295050e-04 
2016   1  22  10   0   0  1.8890921714174319e-04 
2016   1  22  10  30   0  3.2542414664964826e-04 
2016   1  22  11   0   0  4.8271366209103647e-04 
2016   1  22  11  30   0  5.2163138239991603e-04 
2016   1  22  12   0   0  4.9665724136777251e-04 
2016   1  22  12  30   0  4.6054048226812193e-04 
2016   1  22  13   0   0  4.4646385847173686e-04 
2016   1  22  13  30   0  4.2241377454631246e-04 
2016   1  22  14   0   0  3.8937386250782795e-04 
2016   1  22  14  30   0  3.5764966255302674e-04 
2016   1  22  15   0   0  3.4759534601056300e-04 
2016   1  22  15  30   0  3.5022893080871798e-04 
2016   1  22  16   0   0  3.6039268225725326e-04 
2016   1  22  16  30   0  3.6992820500024605e-04 
2016   1  22  17   0   0  4.1064152553407101e-04 
2016   1  22  17  30   0  3.9406658510259462e-04 
2016   1  22  18   0   0  4.0376663626481960e-04 
2016   1  22  18  30   0  4.0609470763465694e-04 
2016   1  22  19   0   0  3.9232150505645494e-04 
2016   1  22  19  30   0  3.8893258445858508e-04 
2016   1  22  20   0   0  3.6441709548241897e-04 
2016   1  22  20  30   0  3.6976516283395989e-04 
2016   1  22  21   0   0  3.3414653637092262e-04 
2016   1  22  21  30   0  3.4896891041773920e-04 
2016   1  22  22   0   0  3.0660270798750977e-04 
2016   1  22  22  30   0  2.6937241657112366e-04 
2016   1  22  23   0   0  2.7646526642709977e-04 
2016   1  22  23  30   0  1.9414610298378415e-04 
2016   1  23   0   0   0  2.5101984996945561e-04 
2016   1  23   0  30   0  2.4688936766681325e-04 
2016   1  23   1   0   0  2.4986151038506303e-04 
2016   1  23   1  30   0  2.4628112823825031e-04 
2016   1  23   2   0   0  2.5442849079872182e-04 
2016   1  23   2  30   0  2.5293520688213580e-04 
2016   1  23   3   0   0  2.4335473521027991e-04 
2016   1  23   3  30   0  2.3630074533875927e-04 
2016   1  23   4   0   0  2.2010516934283802e-04 
2016   1  23   4  30   0  2.1064316363140240e-04 
2016   1  23   5   0   0  2.0825604661559643e-04 
2016   1  23   5  30   0  2.1333143359233094e-04 
2016   1  23   6   0   0  2.1782343649860136e-04 
2016   1  23   6  30   0  2.0513230651667458e-04 
2016   1  23   7   0   0  1.8573757122865886e-04 
2016   1  23   7  30   0  1.9122974885950556e-04 
2016   1  23   8   0   0  1.6547298234797472e-04 
2016   1  23   8  30   0  1.9120293482655004e-04 
2016   1  23   9   0   0  1.2117345847916223e-04 
2016   1  23   9  30   0  1.2341780169996075e-04 
2016   1  23  10   0   0  1.2667188035345828e-04 
2016   1  23  10  30   0  1.4313120830291621e-04 
2016   1  23  11   0   0  1.9755305762272609e-04 
2016   1  23  11  30   0  1.6585643115608111e-04 
2016   1  23  12   0   0  1.7876106781235314e-04 
2016   1  23  12  30   0  1.6865095011999785e-04 
2016   1  23  13   0   0  1.7451998216940515e-04 
2016   1  23  13  30   0  1.8965784448938500e-04 
2016   1  23  14   0   0  1.7556131142131912e-04 
2016   1  23  14  30   0  1.8844573828056716e-04 
2016   1  23  15   0   0  1.8520943520224233e-04 
2016   1  23  15  30   0  1.8257310991042457e-04 
2016   1  23  16   0   0  1.7923459428840314e-04 
2016   1  23  16  30   0  2.0066217862960668e-04 
2016   1  23  17   0   0  1.9871134395693161e-04 
2016   1  23  17  30   0  2.2571018712950054e-04 
2016   1  23  18   0   0  2.1503727951401006e-04 
2016   1  23  18  30   0  2.5342209651972651e-04 
2016   1  23  19   0   0  2.4133823419091369e-04 
2016   1  23  19  30   0  2.6762499890815763e-04 
2016   1  23  20   0   0  2.2965387141205709e-04 
2016   1  23  20  30   0  2.0947165998213446e-04 
2016   1  23  21   0   0  2.0811602339454802e-04 
2016   1  23  21  30   0  2.0384810551156874e-04 
2016   1  23  22   0   0  2.5759867589028384e-04 
2016   1  23  22  30   0  2.2170008157731895e-04 
2016   1  23  23   0   0  2.2651869081717252e-04 
2016   1  23  23  30   0  2.5782038857635623e-04 
2016   1  24   0   0   0  1.3799630651626532e-04 
2016   1  24   0  30   0  1.3421507990493784e-04 
2016   1  24   1   0   0  1.2401990191338787e-04 
2016   1  24   1  30   0  1.1277252281894148e-04 
2016   1  24   2   0   0  1.1159606552262816e-04 
2016   1  24   2  30   0  1.1005239652434931e-04 
2016   1  24   3   0   0  1.1223544489003346e-04 
2016   1  24   3  30   0  1.0193874910857260e-04 
2016   1  24   4   0   0  8.0214356940015090e-05 
2016   1  24   4  30   0  7.4799657490764524e-05 
2016   1  24   5   0   0  7.9751662416757693e-05 
2016   1  24   5  30   0  7.6758577543527935e-05 
2016   1  24   6   0   0  7.4656181597707071e-05 
2016   1  24   6  30   0  6.4837257490243458e-05 
2016   1  24   7   0   0  5.7223412533173682e-05 
2016   1  24   7  30   0  3.9684673250567222e-05 
2016   1  24   8   0   0  2.7074170129761457e-05 
2016   1  24   8  30   0  1.3869496147976731e-05 
2016   1  24   9   0   0  3.0502462963580917e-05 
2016   1  24   9  30   0  6.5395140570292528e-05 
2016   1  24  10   0   0  9.2147224113476364e-05 
2016   1  24  10  30   0  1.1111996808738641e-04 
2016   1  24  11   0   0  1.3149017778938229e-04 
2016   1  24  11  30   0  1.4224176244782388e-04 
2016   1  24  12   0   0  1.5181968398539700e-04 
2016   1  24  12  30   0  1.7197240251690032e-04 
2016   1  24  13   0   0  1.7552633993947543e-04 
2016   1  24  13  30   0  1.9002895097767203e-04 
2016   1  24  14   0   0  1.9463628216289823e-04 
2016   1  24  14  30   0  2.0779876297726438e-04 
2016   1  24  15   0   0  2.0737247930297995e-04 
2016   1  24  15  30   0  2.1126478341834847e-04 
2016   1  24  16   0   0  2.2960190094969857e-04 
2016   1  24  16  30   0  2.4797422058650743e-04 
2016   1  24  17   0   0  2.6982242700930792e-04 
2016   1  24  17  30   0  2.8199871972036359e-04 
2016   1  24  18   0   0  3.1367062182937927e-04 
2016   1  24  18  30   0  3.2488180347384281e-04 
2016   1  24  19   0   0  3.4498964644754819e-04 
2016   1  24  19  30   0  3.5099786830225337e-04 
2016   1  24  20   0   0  3.2930267452556373e-04 
2016   1  24  20  30   0  3.1138203135693530e-04 
2016   1  24  21   0   0  3.1866689724620176e-04 
2016   1  24  21  30   0  2.9504537795200175e-04 
2016   1  24  22   0   0  2.9273727014841042e-04 
2016   1  24  22  30   0  2.8953047177199731e-04 
2016   1  24  23   0   0  2.8976635609614427e-04 
2016   1  24  23  30   0  3.0730677474802802e-04 
2016   1  25   0   0   0  3.6443600582949286e-04 
2016   1  25   0  30   0  4.1684537309066106e-04 
2016   1  25   1   0   0  4.4352273344962017e-04 
2016   1  25   1  30   0  4.6048184953819565e-04 
2016   1  25   2   0   0  4.7108774707834089e-04 
2016   1  25   2  30   0  4.7584372902583204e-04 
2016   1  25   3   0   0  4.8441184970802206e-04 
2016   1  25   3  30   0  4.8916463968605819e-04 
2016   1  25   4   0   0  4.5935351045630311e-04 
2016   1  25   4  30   0  4.5154219598122981e-04 
2016   1  25   5   0   0  4.2122163310332524e-04 
2016   1  25   5  30   0  4.0188438668818920e-04 
2016   1  25   6   0   0  3.8314334210911834e-04 
2016   1  25   6  30   0  3.6608066740040612e-04 
2016   1  25   7   0   0  3.3441880869806696e-04 
2016   1  25   7  30   0  3.0422592245472180e-04 
2016   1  25   8   0   0  2.8904911308987009e-04 
2016   1  25   8  30   0  2.6910261508706230e-04 
2016   1  25   9   0   0  2.5511057292672030e-04 
2016   1  25   9  30   0  2.3726963392657776e-04 
2016   1  25  10   0   0  2.2423895519763112e-04 
2016   1  25  10  30   0  2.0711900899333141e-04 
2016   1  25  11   0   0  1.7580790209232480e-04 
2016   1  25  11  30   0  1.5507835317349661e-04 
2016   1  25  12   0   0  1.3845624264704744e-04 
2016   1  25  12  30   0  1.2890316003223964e-04 
2016   1  25  13   0   0  1.1156935056032656e-04 
2016   1  25  13  30   0  1.2452993238232124e-04 
2016   1  25  14   0   0  1.3801277804499333e-04 
2016   1  25  14  30   0  1.6184060642090601e-04 
2016   1  25  15   0   0  1.9037508564069270e-04 
2016   1  25  15  30   0  1.7411306754515680e-04 
2016   1  25  16   0   0  1.7794156008954122e-04 
2016   1  25  16  30   0  1.4361574674597922e-04 
2016   1  25  17   0   0  1.3490580688781817e-04 
2016   1  25  17  30   0  1.4493205586409491e-04 
2016   1  25  18   0   0  1.3317598841393018e-04 
2016   1  25  18  30   0  1.0958461969925879e-04 
2016   1  25  19   0   0  1.0059615043984883e-04 
2016   1  25  19  30   0  1.2288649888767605e-04 
2016   1  25  20   0   0  1.1127696062980721e-04 
2016   1  25  20  30   0  1.2529992849536663e-04 
2016   1  25  21   0   0  9.9177224402458396e-05 
2016   1  25  21  30   0  1.2013754001950221e-04 
2016   1  25  22   0   0  1.2828074173375955e-04 
2016   1  25  22  30   0  1.2312141163538942e-04 
2016   1  25  23   0   0  1.3690522984869424e-04 
2016   1  25  23  30   0  1.3493038512672767e-04 
2016   1  26   0   0   0  1.2502491864290540e-04 
2016   1  26   0  30   0  1.3661523820717827e-04 
2016   1  26   1   0   0  1.5026297657740317e-04 
2016   1  26   1  30   0  1.5768185663699979e-04 
2016   1  26   2   0   0  1.5057511398736497e-04 
2016   1  26   2  30   0  1.4198831503991807e-04 
2016   1  26   3   0   0  1.3736387998583823e-04 
2016   1  26   3  30   0  9.7330110393100699e-05 
2016   1  26   4   0   0  1.1095972360092915e-04 
2016   1  26   4  30   0  9.8236980720762968e-05 
2016   1  26   5   0   0  8.9221482336316197e-05 
2016   1  26   5  30   0  8.1512350350106390e-05 
2016   1  26   6   0   0  7.0838298759277857e-05 
2016   1  26   6  30   0  5.0628230807817415e-05 
2016   1  26   7   0   0  3.5864359669630173e-05 
2016   1  26   7  30   0  2.9917594765999423e-05 
2016   1  26   8   0   0  2.9173132908771892e-05 
2016   1  26   8  30   0  2.2257775955133624e-05 
2016   1  26   9   0   0  1.6709633806530759e-05 
2016   1  26   9  30   0  1.6813687517680634e-05 
2016   1  26  10   0   0  1.8059687763418687e-05 
2016   1  26  10  30   0  1.4491611447652386e-05 
2016   1  26  11   0   0  2.0773445721122946e-05 
2016   1  26  11  30   0  3.2132914173967344e-05 
2016   1  26  12   0   0  3.5332106227048669e-05 
2016   1  26  12  30   0  4.6679903239998297e-05 
2016   1  26  13   0   0  5.8021614054623642e-05 
2016   1  26  13  30   0  6.5475886245773687e-05 
2016   1  26  14   0   0  8.6063298279208129e-05 
2016   1  26  14  30   0  9.3187259354594198e-05 
2016   1  26  15   0   0  9.7222055067489521e-05 
2016   1  26  15  30   0  9.8861682298704773e-05 
2016   1  26  16   0   0  1.1256361532300407e-04 
2016   1  26  16  30   0  1.1069963871984977e-04 
2016   1  26  17   0   0  1.1762004017946013e-04 
2016   1  26  17  30   0  1.3933263606147848e-04 
2016   1  26  18   0   0  1.6112843646906878e-04 
2016   1  26  18  30   0  1.5274760097769519e-04 
2016   1  26  19   0   0  1.3501535643453488e-04 
2016   1  26  19  30   0  1.1661837326164146e-04 
2016   1  26  20   0   0  1.1641345052405507e-04 
2016   1  26  20  30   0  1.2708744575808849e-04 
2016   1  26  21   0   0  1.3236534885925679e-04 
2016   1  26  21  30   0  1.2341063564813364e-04 
2016   1  26  22   0   0  1.2041893999270398e-04 
2016   1  26  22  30   0  1.1596029707957426e-04 
2016   1  26  23   0   0  1.0747725678792236e-04 
2016   1  26  23  30   0  1.0291958442049311e-04 
2016   1  27   0   0   0  1.0330246628787182e-04 
2016   1  27   0  30   0  1.0331581507428526e-04 
2016   1  27   1   0   0  9.8622069885716143e-05 
2016   1  27   1  30   0  9.2329978452855091e-05 
2016   1  27   2   0   0  8.9313991467086359e-05 
2016   1  27   2  30   0  9.2771737520198975e-05 
2016   1  27   3   0   0  9.2239599612932137e-05 
2016   1  27   3  30   0  1.0617187010053417e-04 
2016   1  27   4   0   0  1.3130258283028663e-04 
2016   1  27   4  30   0  1.4901094308343235e-04 
2016   1  27   5   0   0  1.6765876061750510e-04 
2016   1  27   5  30   0  1.8135381670287369e-04 
2016   1  27   6   0   0  1.7354043019905961e-04 
2016   1  27   6  30   0  1.7390176722418987e-04 
2016   1  27   7   0   0  1.6022956261007505e-04 
2016   1  27   7  30   0  1.5464499176581125e-04 
2016   1  27   8   0   0  1.6721368711072543e-04 
2016   1  27   8  30   0  1.4213136978034936e-04 
2016   1  27   9   0   0  1.1457066462611976e-04 
2016   1  27   9  30   0  8.9162727534776914e-05 
2016   1  27  10   0   0  1.0135421680285657e-04 
2016   1  27  10  30   0  8.1683094268918704e-05 
2016   1  27  11   0   0  6.6816573717595260e-05 
2016   1  27  11  30   0  6.1489185560197003e-05 
2016   1  27  12   0   0  7.9465135099101230e-05 
2016   1  27  12  30   0  8.2712580337281395e-05 
2016   1  27  13   0   0  6.4317052694722027e-05 
2016   1  27  13  30   0  5.7883254773006424e-05 
2016   1  27  14   0   0  6.0239484188497446e-05 
2016   1  27  14  30   0  6.2384467707776525e-05 
2016   1  27  15   0   0  6.2071923864247849e-05 
2016   1  27  15  30   0  6.3811634117055539e-05 
2016   1  27  16   0   0  6.4703188625350576e-05 
2016   1  27  16  30   0  6.4753600123366957e-05 
2016   1  27  17   0   0  6.8463265292868861e-05 
2016   1  27  17  30   0  7.5027123925015593e-05 
2016   1  27  18   0   0  8.3136511151182089e-05 
2016   1  27  18  30   0  1.0904746710788029e-04 
2016   1  27  19   0   0  1.0588229164822798e-04 
2016   1  27  19  30   0  9.8158760990684019e-05 
2016   1  27  20   0   0  1.0193457374709891e-04 
2016   1  27  20  30   0  1.2845568219597108e-04 
2016   1  27  21   0   0  1.1865389474800586e-04 
2016   1  27  21  30   0  9.5302226203242406e-05 
2016   1  27  22   0   0  8.6664679345796084e-05 
2016   1  27  22  30   0  8.4059032279718818e-05 
2016   1  27  23   0   0  8.6224630238129540e-05 
2016   1  27  23  30   0  1.0069977862761611e-04 
2016   1  28   0   0   0  1.1834898346788552e-04 
2016   1  28   0  30   0  1.1858975325419536e-04 
2016   1  28   1   0   0  1.4888302605825174e-04 
2016   1  28   1  30   0  1.9415518298402781e-04 
2016   1  28   2   0   0  1.7091794108992230e-04 
2016   1  28   2  30   0  1.5182558103261958e-04 
2016   1  28   3   0   0  1.2695807147173805e-04 
2016   1  28   3  30   0  1.0955163663575282e-04 
2016   1  28   4   0   0  1.1988726675135526e-04 
2016   1  28   4  30   0  1.2795124001899584e-04 
2016   1  28   5   0   0  1.3112865464159703e-04 
2016   1  28   5  30   0  1.1911017535080312e-04 
2016   1  28   6   0   0  1.0316928164732473e-04 
2016   1  28   6  30   0  8.9267897145953255e-05 
2016   1  28   7   0   0  1.2433189865922712e-04 
2016   1  28   7  30   0  1.2398081545308539e-04 
2016   1  28   8   0   0  1.2125560086068216e-04 
2016   1  28   8  30   0  1.1663547004687405e-04 
2016   1  28   9   0   0  1.1230827032969672e-04 
2016   1  28   9  30   0  1.0779068654228908e-04 
2016   1  28  10   0   0  1.0446855508968795e-04 
2016   1  28  10  30   0  7.0060797948402710e-05 
2016   1  28  11   0   0  2.1774378820017556e-05 
2016   1  28  11  30   0  1.9529145186739769e-05 
2016   1  28  12   0   0  1.9881473291482054e-05 
2016   1  28  12  30   0  2.2561946066384578e-05 
2016   1  28  13   0   0  2.4663237357829030e-05 
2016   1  28  13  30   0  2.3417513666430950e-05 
2016   1  28  14   0   0  4.6962898537939652e-05 
2016   1  28  14  30   0  2.5796340243253966e-05 
2016   1  28  15   0   0  2.7248821082669450e-05 
2016   1  28  15  30   0  2.6857485647317510e-05 
2016   1  28  16   0   0  3.8791193406319397e-05 
2016   1  28  16  30   0  4.7396572999886402e-05 
2016   1  28  17   0   0  3.8306006746992426e-05 
2016   1  28  17  30   0  4.4489048618621011e-05 
2016   1  28  18   0   0  4.8580247192763646e-05 
2016   1  28  18  30   0  3.3238543889844582e-05 
2016   1  28  19   0   0  2.4058613070488323e-05 
2016   1  28  19  30   0  2.3589637061262166e-05 
2016   1  28  20   0   0  3.1479364791791908e-05 
2016   1  28  20  30   0  2.5481120681395042e-05 
2016   1  28  21   0   0  2.6698188820979534e-05 
2016   1  28  21  30   0  3.3063467146627918e-05 
2016   1  28  22   0   0  4.7916786306071679e-05 
2016   1  28  22  30   0  4.8321071028976172e-05 
2016   1  28  23   0   0  4.8360842684445591e-05 
2016   1  28  23  30   0  4.5536764316073138e-05 
2016   1  29   0   0   0  5.0818173350584443e-05 
2016   1  29   0  30   0  8.5336618562712496e-05 
2016   1  29   1   0   0  9.1294111702285358e-05 
2016   1  29   1  30   0  9.7779446330541482e-05 
2016   1  29   2   0   0  8.2783786158403455e-05 
2016   1  29   2  30   0  6.6369287374228310e-05 
2016   1  29   3   0   0  8.7103290380699164e-05 
2016   1  29   3  30   0  6.8096939689654953e-05 
2016   1  29   4   0   0  6.6026774943259622e-05 
2016   1  29   4  30   0  6.4834199326062542e-05 
2016   1  29   5   0   0  8.3645693358275487e-05 
2016   1  29   5  30   0  9.0092576610241004e-05 
2016   1  29   6   0   0  9.8871137660606488e-05 
2016   1  29   6  30   0  9.0834058722063634e-05 
2016   1  29   7   0   0  1.0020847493560911e-04 
2016   1  29   7  30   0  8.7372900968383981e-05 
2016   1  29   8   0   0  8.2656758254987217e-05 
2016   1  29   8  30   0  8.0486544670244252e-05 
2016   1  29   9   0   0  8.9884284309818522e-05 
2016   1  29   9  30   0  8.8182744635708729e-05 
2016   1  29  10   0   0  1.1973236404687233e-04 
2016   1  29  10  30   0  1.2316396559913261e-04 
2016   1  29  11   0   0  1.1806954990799091e-04 
2016   1  29  11  30   0  1.6003513103372212e-04 
2016   1  29  12   0   0  1.8475932557098889e-04 
2016   1  29  12  30   0  2.4114468286272759e-04 
2016   1  29  13   0   0  2.4059318362638148e-04 
2016   1  29  13  30   0  1.8663553548164518e-04 
2016   1  29  14   0   0  1.7279935078291957e-04 
2016   1  29  14  30   0  1.4374074471312177e-04 
2016   1  29  15   0   0  1.1154178951202806e-04 
2016   1  29  15  30   0  1.0867528777404504e-04 
2016   1  29  16   0   0  1.3527029273411499e-04 
2016   1  29  16  30   0  1.3880189640799465e-04 
2016   1  29  17   0   0  1.2628859077844120e-04 
2016   1  29  17  30   0  1.0293846776514770e-04 
2016   1  29  18   0   0  1.1024312714582388e-04 
2016   1  29  18  30   0  1.5480107873590293e-04 
2016   1  29  19   0   0  1.5798334454518787e-04 
2016   1  29  19  30   0  1.2864983934530433e-04 
2016   1  29  20   0   0  1.3295658542396846e-04 
2016   1  29  20  30   0  1.4154764906104136e-04 
2016   1  29  21   0   0  1.1524644965329290e-04 
2016   1  29  21  30   0  9.0469160553857959e-05 
2016   1  29  22   0   0  9.2613706473704721e-05 
2016   1  29  22  30   0  7.1405171892819353e-05 
2016   1  29  23   0   0  5.3935057373174941e-05 
2016   1  29  23  30   0  4.3262220147655761e-05 
2016   1  30   0   0   0  4.2377840644365714e-05 
2016   1  30   0  30   0  4.3354488346439247e-05 
2016   1  30   1   0   0  8.3658325410499712e-05 
2016   1  30   1  30   0  1.0199115337194426e-04 
2016   1  30   2   0   0  9.8331273054246508e-05 
2016   1  30   2  30   0  9.7056000544354208e-05 
2016   1  30   3   0   0  9.8473860841215020e-05 
2016   1  30   3  30   0  9.8504067329969688e-05 
2016   1  30   4   0   0  9.6077039279895155e-05 
2016   1  30   4  30   0  9.5566631226609176e-05 
2016   1  30   5   0   0  9.4799939333940110e-05 
2016   1  30   5  30   0  9.5274064404829163e-05 
2016   1  30   6   0   0  9.0586425774415497e-05 
2016   1  30   6  30   0  8.6917395818928721e-05 
2016   1  30   7   0   0  8.4611636330262374e-05 
2016   1  30   7  30   0  8.0673534708329702e-05 
2016   1  30   8   0   0  8.0683892090991044e-05 
2016   1  30   8  30   0  8.1077031921154979e-05 
2016   1  30   9   0   0  8.0797287021424361e-05 
2016   1  30   9  30   0  8.0776926986937325e-05 
2016   1  30  10   0   0  8.9659704620884714e-05 
2016   1  30  10  30   0  8.9062410278267179e-05 
2016   1  30  11   0   0  9.3328681833796276e-05 
2016   1  30  11  30   0  1.0973754333464190e-04 
2016   1  30  12   0   0  1.2033725376219483e-04 
2016   1  30  12  30   0  1.3231471623122504e-04 
2016   1  30  13   0   0  1.4089912006291756e-04 
2016   1  30  13  30   0  1.5639192382609925e-04 
2016   1  30  14   0   0  1.4197143450275191e-04 
2016   1  30  14  30   0  1.5341050733794009e-04 
2016   1  30  15   0   0  1.4818556449833054e-04 
2016   1  30  15  30   0  1.4331582568139842e-04 
2016   1  30  16   0   0  1.4827798117228740e-04 
2016   1  30  16  30   0  1.6535921950159863e-04 
2016   1  30  17   0   0  1.8721320776268326e-04 
2016   1  30  17  30   0  1.9287977243247998e-04 
2016   1  30  18   0   0  2.1281161731142068e-04 
2016   1  30  18  30   0  2.2525303605549468e-04 
2016   1  30  19   0   0  2.2124417451973942e-04 
2016   1  30  19  30   0  2.0088243475211077e-04 
2016   1  30  20   0   0  1.7333391758580466e-04 
2016   1  30  20  30   0  1.5914156577450820e-04 
2016   1  30  21   0   0  1.5138488590411833e-04 
2016   1  30  21  30   0  2.2982690747751751e-04 
2016   1  30  22   0   0  1.2291386464019348e-04 
2016   1  30  22  30   0  1.1960630075586095e-04 
2016   1  30  23   0   0  1.2524086721638406e-04 
2016   1  30  23  30   0  1.2211939966433468e-04 
2016   1  31   0   0   0  1.1716737051623192e-04 
2016   1  31   0  30   0  1.1620773907275733e-04 
2016   1  31   1   0   0  1.0718379842363335e-04 
2016   1  31   1  30   0  9.6953579294102100e-05 
2016   1  31   2   0   0  9.4412822824311456e-05 
2016   1  31   2  30   0  8.9769953049280866e-05 
2016   1  31   3   0   0  8.7828982987396857e-05 
2016   1  31   3  30   0  8.5544377483954664e-05 
2016   1  31   4   0   0  8.5454966668509588e-05 
2016   1  31   4  30   0  8.5327985261027961e-05 
2016   1  31   5   0   0  8.3302417661670734e-05 
2016   1  31   5  30   0  8.3340672572930100e-05 
2016   1  31   6   0   0  7.9088741167548585e-05 
2016   1  31   6  30   0  7.7034517969758686e-05 
2016   1  31   7   0   0  7.3516154969859149e-05 
2016   1  31   7  30   0  8.2119677357579454e-05 
2016   1  31   8   0   0  7.5863364861581095e-05 
2016   1  31   8  30   0  7.2961140638865742e-05 
2016   1  31   9   0   0  6.7964469157574039e-05 
2016   1  31   9  30   0  6.6989870258397387e-05 
2016   1  31  10   0   0  7.0254280650622285e-05 
2016   1  31  10  30   0  7.2479910026094433e-05 
2016   1  31  11   0   0  7.4168886004130101e-05 
2016   1  31  11  30   0  7.9851963156798476e-05 
2016   1  31  12   0   0  8.5376074771396327e-05 
2016   1  31  12  30   0  9.1093855993315987e-05 
2016   1  31  13   0   0  9.4775976831743748e-05 
2016   1  31  13  30   0  1.0820065157227349e-04 
2016   1  31  14   0   0  1.1288788589901260e-04 
2016   1  31  14  30   0  9.1367888439910610e-05 
2016   1  31  15   0   0  7.8092382807317960e-05 
2016   1  31  15  30   0  8.0409184831708514e-05 
2016   1  31  16   0   0  8.1171112556096414e-05 
2016   1  31  16  30   0  7.8424681320297902e-05 
2016   1  31  17   0   0  8.6257166717036292e-05 
2016   1  31  17  30   0  8.4383961658087155e-05 
2016   1  31  18   0   0  9.0776690492822912e-05 
2016   1  31  18  30   0  1.0334374109826026e-04 
2016   1  31  19   0   0  1.2257267277565351e-04 
2016   1  31  19  30   0  1.4937797597928314e-04 
2016   1  31  20   0   0  1.3426851971712548e-04 
2016   1  31  20  30   0  1.1926963624643120e-04 
2016   1  31  21   0   0  1.2732651094342931e-04 
2016   1  31  21  30   0  1.2983710449072591e-04 
2016   1  31  22   0   0  1.3984141765321201e-04 
2016   1  31  22  30   0  1.5523578614047042e-04 
2016   1  31  23   0   0  1.4265441579906226e-04 
2016   1  31  23  30   0  1.3445856218943444e-04 
2016   2   1   0   0   0  1.3445856218943444e-04 
