   0   0   0   0   0   0  0.004756 
2016   1   1   0   0   0  4.7563233977655460e-03 
2016   1   1   0  30   0  4.4982937783671784e-03 
2016   1   1   1   0   0  4.4869373438314606e-03 
2016   1   1   1  30   0  4.0747172667446579e-03 
2016   1   1   2   0   0  3.9331451313167568e-03 
2016   1   1   2  30   0  3.5759021440292136e-03 
2016   1   1   3   0   0  3.8371328589832110e-03 
2016   1   1   3  30   0  4.5500290935466588e-03 
2016   1   1   4   0   0  4.7529205975950315e-03 
2016   1   1   4  30   0  6.3169484295263357e-03 
2016   1   1   5   0   0  6.9074505496003113e-03 
2016   1   1   5  30   0  5.3335345954514043e-03 
2016   1   1   6   0   0  4.8117402737060562e-03 
2016   1   1   6  30   0  5.0228940788055992e-03 
2016   1   1   7   0   0  4.2072424653937313e-03 
2016   1   1   7  30   0  3.5901515553418803e-03 
2016   1   1   8   0   0  3.8157348316920966e-03 
2016   1   1   8  30   0  3.6473426419566558e-03 
2016   1   1   9   0   0  2.4567858426919804e-03 
2016   1   1   9  30   0  2.1390311646289394e-03 
2016   1   1  10   0   0  1.6867507394372329e-03 
2016   1   1  10  30   0  1.3007109727674259e-03 
2016   1   1  11   0   0  1.0638988721678891e-03 
2016   1   1  11  30   0  1.0000192502965148e-03 
2016   1   1  12   0   0  1.0329878759134526e-03 
2016   1   1  12  30   0  1.0516945450253369e-03 
2016   1   1  13   0   0  1.2407759171143827e-03 
2016   1   1  13  30   0  1.3142737118200280e-03 
2016   1   1  14   0   0  1.4292899982177338e-03 
2016   1   1  14  30   0  1.4709605596681977e-03 
2016   1   1  15   0   0  1.8004902987583233e-03 
2016   1   1  15  30   0  2.2500249871975657e-03 
2016   1   1  16   0   0  2.2471505780625660e-03 
2016   1   1  16  30   0  2.0122936523496084e-03 
2016   1   1  17   0   0  2.2562205738893828e-03 
2016   1   1  17  30   0  2.6487547600445938e-03 
2016   1   1  18   0   0  3.2538862074904017e-03 
2016   1   1  18  30   0  4.5629218004959874e-03 
2016   1   1  19   0   0  3.7980813462177893e-03 
2016   1   1  19  30   0  3.7340383985778173e-03 
2016   1   1  20   0   0  4.0014923926978479e-03 
2016   1   1  20  30   0  4.1417388061750354e-03 
2016   1   1  21   0   0  3.6162375801903702e-03 
2016   1   1  21  30   0  3.2448451231373398e-03 
2016   1   1  22   0   0  3.0982377256325148e-03 
2016   1   1  22  30   0  3.1461774326315881e-03 
2016   1   1  23   0   0  3.1532878387201774e-03 
2016   1   1  23  30   0  3.4609273926524881e-03 
2016   1   2   0   0   0  3.2841302760136045e-03 
2016   1   2   0  30   0  3.3560063820716642e-03 
2016   1   2   1   0   0  3.3319624619941130e-03 
2016   1   2   1  30   0  3.6276144168151643e-03 
2016   1   2   2   0   0  3.8265370763852337e-03 
2016   1   2   2  30   0  3.8199533127790085e-03 
2016   1   2   3   0   0  3.8233419460532883e-03 
2016   1   2   3  30   0  3.9880518068879985e-03 
2016   1   2   4   0   0  3.9884874255921949e-03 
2016   1   2   4  30   0  3.9562243801018896e-03 
2016   1   2   5   0   0  4.2706720952565740e-03 
2016   1   2   5  30   0  9.1917589443650579e-03 
2016   1   2   6   0   0  5.9473816598647504e-03 
2016   1   2   6  30   0  5.1361016124077258e-03 
2016   1   2   7   0   0  4.3684693177773650e-03 
2016   1   2   7  30   0  3.6386432211289420e-03 
2016   1   2   8   0   0  4.5454031185782973e-03 
2016   1   2   8  30   0  3.8390964899564419e-03 
2016   1   2   9   0   0  6.5069870156491605e-03 
2016   1   2   9  30   0  4.9147376730679492e-03 
2016   1   2  10   0   0  5.5813359734971611e-03 
2016   1   2  10  30   0  3.6515736650976202e-03 
2016   1   2  11   0   0  7.4953357866196285e-03 
2016   1   2  11  30   0  4.8007774997119671e-03 
2016   1   2  12   0   0  3.3145729436222533e-03 
2016   1   2  12  30   0  3.3024288346382761e-03 
2016   1   2  13   0   0  3.3963222382975698e-03 
2016   1   2  13  30   0  3.1796060704445419e-03 
2016   1   2  14   0   0  3.3652767765486374e-03 
2016   1   2  14  30   0  3.4866781335738737e-03 
2016   1   2  15   0   0  3.6721074251727182e-03 
2016   1   2  15  30   0  4.0878121503193626e-03 
2016   1   2  16   0   0  4.6189395980829216e-03 
2016   1   2  16  30   0  4.9835630040936602e-03 
2016   1   2  17   0   0  4.8170243893807902e-03 
2016   1   2  17  30   0  4.8092575473107097e-03 
2016   1   2  18   0   0  4.7035260683474757e-03 
2016   1   2  18  30   0  4.5746084044324328e-03 
2016   1   2  19   0   0  4.5063819254102825e-03 
2016   1   2  19  30   0  4.4344669793779014e-03 
2016   1   2  20   0   0  4.7169251592107725e-03 
2016   1   2  20  30   0  5.0443315733389544e-03 
2016   1   2  21   0   0  5.3380790317010462e-03 
2016   1   2  21  30   0  6.3221981405422699e-03 
2016   1   2  22   0   0  6.3240055764690415e-03 
2016   1   2  22  30   0  5.8726180411955535e-03 
2016   1   2  23   0   0  5.5776730261495738e-03 
2016   1   2  23  30   0  6.2698206382451405e-03 
2016   1   3   0   0   0  7.3546795639783356e-03 
2016   1   3   0  30   0  7.9266556775219946e-03 
2016   1   3   1   0   0  7.5335612632991718e-03 
2016   1   3   1  30   0  7.5801463229267048e-03 
2016   1   3   2   0   0  7.7197883794623045e-03 
2016   1   3   2  30   0  7.6153234872814472e-03 
2016   1   3   3   0   0  6.9980905840723506e-03 
2016   1   3   3  30   0  5.7777546758287389e-03 
2016   1   3   4   0   0  5.2082673327097009e-03 
2016   1   3   4  30   0  4.6334875508227836e-03 
2016   1   3   5   0   0  3.9670123174222307e-03 
2016   1   3   5  30   0  3.4874674180643537e-03 
2016   1   3   6   0   0  3.1531298251005072e-03 
2016   1   3   6  30   0  3.1268146410702502e-03 
2016   1   3   7   0   0  3.3201869721608741e-03 
2016   1   3   7  30   0  3.4728996258381003e-03 
2016   1   3   8   0   0  3.4807302460324093e-03 
2016   1   3   8  30   0  3.5259716269922265e-03 
2016   1   3   9   0   0  3.2965191593955223e-03 
2016   1   3   9  30   0  3.1203426788416655e-03 
2016   1   3  10   0   0  2.8390568446399465e-03 
2016   1   3  10  30   0  2.6534094832135406e-03 
2016   1   3  11   0   0  3.0833813864305421e-03 
2016   1   3  11  30   0  3.1081232768707845e-03 
2016   1   3  12   0   0  3.1519177987766396e-03 
2016   1   3  12  30   0  3.0995584135302397e-03 
2016   1   3  13   0   0  3.1556143685107000e-03 
2016   1   3  13  30   0  3.0332676652961416e-03 
2016   1   3  14   0   0  2.9720662810346936e-03 
2016   1   3  14  30   0  2.9279134513498146e-03 
2016   1   3  15   0   0  2.8549863678232284e-03 
2016   1   3  15  30   0  2.8221485347701904e-03 
2016   1   3  16   0   0  2.7119134957046087e-03 
2016   1   3  16  30   0  2.6514750856615108e-03 
2016   1   3  17   0   0  2.8169764566052819e-03 
2016   1   3  17  30   0  2.6104740232419134e-03 
2016   1   3  18   0   0  2.4565734068687046e-03 
2016   1   3  18  30   0  2.0962058638769889e-03 
2016   1   3  19   0   0  2.0926847043116563e-03 
2016   1   3  19  30   0  1.6701804432604681e-03 
2016   1   3  20   0   0  1.5940484392701190e-03 
2016   1   3  20  30   0  1.3991983875362433e-03 
2016   1   3  21   0   0  1.5297642349487476e-03 
2016   1   3  21  30   0  1.4693031200682482e-03 
2016   1   3  22   0   0  1.5849913032257427e-03 
2016   1   3  22  30   0  1.7276871597927152e-03 
2016   1   3  23   0   0  1.8479964750444057e-03 
2016   1   3  23  30   0  2.1397281332851143e-03 
2016   1   4   0   0   0  2.2303336003872930e-03 
2016   1   4   0  30   0  2.1565039135675759e-03 
2016   1   4   1   0   0  2.0214172964128588e-03 
2016   1   4   1  30   0  1.9818237826034579e-03 
2016   1   4   2   0   0  1.9250477338300007e-03 
2016   1   4   2  30   0  2.0700610587020573e-03 
2016   1   4   3   0   0  2.1947934042986891e-03 
2016   1   4   3  30   0  2.5162020354860650e-03 
2016   1   4   4   0   0  2.8908749718036622e-03 
2016   1   4   4  30   0  3.1466785394260377e-03 
2016   1   4   5   0   0  3.2872062333028232e-03 
2016   1   4   5  30   0  3.2600525336936260e-03 
2016   1   4   6   0   0  3.3165691765390387e-03 
2016   1   4   6  30   0  3.3051085035944857e-03 
2016   1   4   7   0   0  3.3352632084153087e-03 
2016   1   4   7  30   0  3.4277759909910879e-03 
2016   1   4   8   0   0  3.2437989890764110e-03 
2016   1   4   8  30   0  3.2674073364878935e-03 
2016   1   4   9   0   0  3.2925440241798366e-03 
2016   1   4   9  30   0  3.1790257246433946e-03 
2016   1   4  10   0   0  3.2861126298336886e-03 
2016   1   4  10  30   0  3.3664556548298873e-03 
2016   1   4  11   0   0  3.4225752318032825e-03 
2016   1   4  11  30   0  3.5802499481839478e-03 
2016   1   4  12   0   0  3.6106314060570768e-03 
2016   1   4  12  30   0  3.7679562951400260e-03 
2016   1   4  13   0   0  3.9919443868215321e-03 
2016   1   4  13  30   0  3.7843492250486423e-03 
2016   1   4  14   0   0  3.6311445839829182e-03 
2016   1   4  14  30   0  3.4780147452199758e-03 
2016   1   4  15   0   0  3.5767160926949127e-03 
2016   1   4  15  30   0  3.5838456543761683e-03 
2016   1   4  16   0   0  3.4802639968570682e-03 
2016   1   4  16  30   0  3.1975956328694011e-03 
2016   1   4  17   0   0  2.9916941483971609e-03 
2016   1   4  17  30   0  3.1531117394642660e-03 
2016   1   4  18   0   0  3.2039247930814264e-03 
2016   1   4  18  30   0  3.0163107659420011e-03 
2016   1   4  19   0   0  3.1410504241726036e-03 
2016   1   4  19  30   0  3.2416939322202146e-03 
2016   1   4  20   0   0  3.3335733152629675e-03 
2016   1   4  20  30   0  3.2793653296393078e-03 
2016   1   4  21   0   0  3.2271311773772546e-03 
2016   1   4  21  30   0  3.1081448735432440e-03 
2016   1   4  22   0   0  3.1324953502994235e-03 
2016   1   4  22  30   0  3.0211817696228749e-03 
2016   1   4  23   0   0  3.0773304386047602e-03 
2016   1   4  23  30   0  3.2391701424634581e-03 
2016   1   5   0   0   0  3.4290798273423884e-03 
2016   1   5   0  30   0  3.6685490950500157e-03 
2016   1   5   1   0   0  3.5392804451389362e-03 
2016   1   5   1  30   0  3.4957821426699104e-03 
2016   1   5   2   0   0  3.4618799462256033e-03 
2016   1   5   2  30   0  3.4695633738164922e-03 
2016   1   5   3   0   0  3.3536085909487588e-03 
2016   1   5   3  30   0  3.4637699564796435e-03 
2016   1   5   4   0   0  3.2812704184981157e-03 
2016   1   5   4  30   0  3.1283384851274452e-03 
2016   1   5   5   0   0  2.9344894127956529e-03 
2016   1   5   5  30   0  2.7095239081284085e-03 
2016   1   5   6   0   0  2.5823182731026179e-03 
2016   1   5   6  30   0  2.2604188110693191e-03 
2016   1   5   7   0   0  2.1704870123023723e-03 
2016   1   5   7  30   0  2.1171884826412975e-03 
2016   1   5   8   0   0  2.3291656842980000e-03 
2016   1   5   8  30   0  2.2325459721439841e-03 
2016   1   5   9   0   0  2.1837712725330297e-03 
2016   1   5   9  30   0  2.3234223260128971e-03 
2016   1   5  10   0   0  2.4813657173101212e-03 
2016   1   5  10  30   0  2.4344871609921770e-03 
2016   1   5  11   0   0  2.3624893597268184e-03 
2016   1   5  11  30   0  2.3906173176906752e-03 
2016   1   5  12   0   0  2.3274623396085515e-03 
2016   1   5  12  30   0  2.4575465865619697e-03 
2016   1   5  13   0   0  2.3787875063246444e-03 
2016   1   5  13  30   0  2.3100516398056690e-03 
2016   1   5  14   0   0  2.3787132526777075e-03 
2016   1   5  14  30   0  2.4524877379759145e-03 
2016   1   5  15   0   0  2.3392050855617409e-03 
2016   1   5  15  30   0  2.2525325185969525e-03 
2016   1   5  16   0   0  2.2779822578946141e-03 
2016   1   5  16  30   0  2.2904911474821879e-03 
2016   1   5  17   0   0  2.2311520534316672e-03 
2016   1   5  17  30   0  2.4488722630301770e-03 
2016   1   5  18   0   0  2.6124887521555475e-03 
2016   1   5  18  30   0  2.7229186401905641e-03 
2016   1   5  19   0   0  2.7913880233474816e-03 
2016   1   5  19  30   0  2.8619544671769489e-03 
2016   1   5  20   0   0  2.9680748827546552e-03 
2016   1   5  20  30   0  3.0784486712847519e-03 
2016   1   5  21   0   0  3.2327447259546983e-03 
2016   1   5  21  30   0  3.3189688379377811e-03 
2016   1   5  22   0   0  3.3591518811140150e-03 
2016   1   5  22  30   0  3.3909109499790382e-03 
2016   1   5  23   0   0  3.4813481713613734e-03 
2016   1   5  23  30   0  3.5796104568653125e-03 
2016   1   6   0   0   0  3.6220179897925291e-03 
2016   1   6   0  30   0  3.6225235063673754e-03 
2016   1   6   1   0   0  3.7221337531940899e-03 
2016   1   6   1  30   0  3.7334891136496249e-03 
2016   1   6   2   0   0  3.6619631411721272e-03 
2016   1   6   2  30   0  3.6956171293870826e-03 
2016   1   6   3   0   0  3.6717187462298136e-03 
2016   1   6   3  30   0  3.4940716834023005e-03 
2016   1   6   4   0   0  3.4639958309193222e-03 
2016   1   6   4  30   0  3.4669269760224546e-03 
2016   1   6   5   0   0  3.3793496333414256e-03 
2016   1   6   5  30   0  3.3294773090597790e-03 
2016   1   6   6   0   0  3.2726517648269003e-03 
2016   1   6   6  30   0  3.5822600048604275e-03 
2016   1   6   7   0   0  3.8472250279790706e-03 
2016   1   6   7  30   0  3.7463630988019418e-03 
2016   1   6   8   0   0  4.0416194287137596e-03 
2016   1   6   8  30   0  4.2731137092712939e-03 
2016   1   6   9   0   0  4.2527282979970297e-03 
2016   1   6   9  30   0  4.2362388682397568e-03 
2016   1   6  10   0   0  4.2046678624214785e-03 
2016   1   6  10  30   0  4.1780212760403135e-03 
2016   1   6  11   0   0  4.1165967554133882e-03 
2016   1   6  11  30   0  4.3011476320406238e-03 
2016   1   6  12   0   0  4.4969739721138794e-03 
2016   1   6  12  30   0  4.6910838841538651e-03 
2016   1   6  13   0   0  4.7823328141373142e-03 
2016   1   6  13  30   0  5.2027562438194874e-03 
2016   1   6  14   0   0  5.3276748952542302e-03 
2016   1   6  14  30   0  5.3301119932055770e-03 
2016   1   6  15   0   0  5.7634755443632547e-03 
2016   1   6  15  30   0  5.6844191997254484e-03 
2016   1   6  16   0   0  5.3216609614663395e-03 
2016   1   6  16  30   0  5.2858337345384095e-03 
2016   1   6  17   0   0  5.4391011601454126e-03 
2016   1   6  17  30   0  5.2993187063727293e-03 
2016   1   6  18   0   0  5.8275286629502062e-03 
2016   1   6  18  30   0  6.2390933867183798e-03 
2016   1   6  19   0   0  6.0615998577462247e-03 
2016   1   6  19  30   0  6.3001050159216089e-03 
2016   1   6  20   0   0  6.1889315526770525e-03 
2016   1   6  20  30   0  6.0600817129281385e-03 
2016   1   6  21   0   0  5.9201992274722998e-03 
2016   1   6  21  30   0  5.4871319119937541e-03 
2016   1   6  22   0   0  5.3742353405910968e-03 
2016   1   6  22  30   0  5.4602027511336812e-03 
2016   1   6  23   0   0  5.7821938400906218e-03 
2016   1   6  23  30   0  6.1053195804522424e-03 
2016   1   7   0   0   0  5.7556435960962335e-03 
2016   1   7   0  30   0  5.6057942973593003e-03 
2016   1   7   1   0   0  5.0418759680926888e-03 
2016   1   7   1  30   0  5.2212503462210243e-03 
2016   1   7   2   0   0  5.1842786459692855e-03 
2016   1   7   2  30   0  5.2825784083816423e-03 
2016   1   7   3   0   0  4.9528630200735150e-03 
2016   1   7   3  30   0  4.8213812160856264e-03 
2016   1   7   4   0   0  5.1174715731455130e-03 
2016   1   7   4  30   0  5.1849271700482548e-03 
2016   1   7   5   0   0  5.1481560735521636e-03 
2016   1   7   5  30   0  4.5125163812624854e-03 
2016   1   7   6   0   0  5.0827918268162055e-03 
2016   1   7   6  30   0  4.9378533208483876e-03 
2016   1   7   7   0   0  5.0570106037392867e-03 
2016   1   7   7  30   0  4.6406515493459559e-03 
2016   1   7   8   0   0  4.7757358279258907e-03 
2016   1   7   8  30   0  4.5793784105505973e-03 
2016   1   7   9   0   0  5.7995434166674478e-03 
2016   1   7   9  30   0  5.1373930085533486e-03 
2016   1   7  10   0   0  5.1325747164633288e-03 
2016   1   7  10  30   0  5.6173801548306821e-03 
2016   1   7  11   0   0  5.2437770698596283e-03 
2016   1   7  11  30   0  5.7835035347543256e-03 
2016   1   7  12   0   0  5.9199789172502161e-03 
2016   1   7  12  30   0  5.9864955775551856e-03 
2016   1   7  13   0   0  5.9173614306118963e-03 
2016   1   7  13  30   0  6.0498195571795609e-03 
2016   1   7  14   0   0  6.2531597726689803e-03 
2016   1   7  14  30   0  6.2684468353195804e-03 
2016   1   7  15   0   0  5.8580420759746094e-03 
2016   1   7  15  30   0  5.6097207898653566e-03 
2016   1   7  16   0   0  5.7473508163117595e-03 
2016   1   7  16  30   0  5.4462007065013531e-03 
2016   1   7  17   0   0  5.2735839977279056e-03 
2016   1   7  17  30   0  5.4204421576455504e-03 
2016   1   7  18   0   0  5.4048024480697204e-03 
2016   1   7  18  30   0  4.8231838844583139e-03 
2016   1   7  19   0   0  5.2869164750682218e-03 
2016   1   7  19  30   0  5.7532059301298906e-03 
2016   1   7  20   0   0  6.0606821210218804e-03 
2016   1   7  20  30   0  6.9446944792398348e-03 
2016   1   7  21   0   0  6.2964899297790226e-03 
2016   1   7  21  30   0  6.7248497033880689e-03 
2016   1   7  22   0   0  6.7881462245228856e-03 
2016   1   7  22  30   0  6.8181162454247751e-03 
2016   1   7  23   0   0  6.6976241080617541e-03 
2016   1   7  23  30   0  6.7985009129954664e-03 
2016   1   8   0   0   0  6.6797554823122890e-03 
2016   1   8   0  30   0  6.6810689234556159e-03 
2016   1   8   1   0   0  6.6185969126178095e-03 
2016   1   8   1  30   0  6.7872278506215938e-03 
2016   1   8   2   0   0  7.0979066584717226e-03 
2016   1   8   2  30   0  7.2209724570286085e-03 
2016   1   8   3   0   0  6.9316238209990574e-03 
2016   1   8   3  30   0  6.6865375243446573e-03 
2016   1   8   4   0   0  6.5626072249818767e-03 
2016   1   8   4  30   0  6.5907831199320064e-03 
2016   1   8   5   0   0  6.8212757541072358e-03 
2016   1   8   5  30   0  6.0703927365932863e-03 
2016   1   8   6   0   0  5.4831324460113502e-03 
2016   1   8   6  30   0  5.5099053264389009e-03 
2016   1   8   7   0   0  5.2635769461082766e-03 
2016   1   8   7  30   0  5.8472325063006168e-03 
2016   1   8   8   0   0  6.0604009293954014e-03 
2016   1   8   8  30   0  6.7611873630159759e-03 
2016   1   8   9   0   0  8.3097822646332562e-03 
2016   1   8   9  30   0  8.7888421165915314e-03 
2016   1   8  10   0   0  7.1182445575652406e-03 
2016   1   8  10  30   0  9.1133988553771302e-03 
2016   1   8  11   0   0  9.8472290310797489e-03 
2016   1   8  11  30   0  9.3537331690912162e-03 
2016   1   8  12   0   0  9.8956540908476803e-03 
2016   1   8  12  30   0  1.1126147641931034e-02 
2016   1   8  13   0   0  1.1055038858158606e-02 
2016   1   8  13  30   0  1.1383278054018791e-02 
2016   1   8  14   0   0  1.1539359263771922e-02 
2016   1   8  14  30   0  1.1291257870201786e-02 
2016   1   8  15   0   0  1.0971079021838510e-02 
2016   1   8  15  30   0  1.1036787214545497e-02 
2016   1   8  16   0   0  1.0929079952550822e-02 
2016   1   8  16  30   0  1.0807440561217189e-02 
2016   1   8  17   0   0  1.1147692627679909e-02 
2016   1   8  17  30   0  1.1644683948497618e-02 
2016   1   8  18   0   0  1.2036428862723955e-02 
2016   1   8  18  30   0  1.1675439376634695e-02 
2016   1   8  19   0   0  1.1759726034044425e-02 
2016   1   8  19  30   0  1.1782065929463511e-02 
2016   1   8  20   0   0  1.1954820872970600e-02 
2016   1   8  20  30   0  1.2227277732367616e-02 
2016   1   8  21   0   0  1.1935693888445568e-02 
2016   1   8  21  30   0  1.2027338829966037e-02 
2016   1   8  22   0   0  1.1363454757711246e-02 
2016   1   8  22  30   0  1.0880906801837556e-02 
2016   1   8  23   0   0  1.0305572146690419e-02 
2016   1   8  23  30   0  9.8419717007109091e-03 
2016   1   9   0   0   0  9.6339149939817202e-03 
2016   1   9   0  30   0  9.2320893160318124e-03 
2016   1   9   1   0   0  8.8887010116831568e-03 
2016   1   9   1  30   0  8.5947081503486740e-03 
2016   1   9   2   0   0  8.3881132367282039e-03 
2016   1   9   2  30   0  8.1585748621881230e-03 
2016   1   9   3   0   0  8.1169795099508748e-03 
2016   1   9   3  30   0  8.0658848368261801e-03 
2016   1   9   4   0   0  8.1123945620483785e-03 
2016   1   9   4  30   0  8.7738926604490151e-03 
2016   1   9   5   0   0  9.4483244810514479e-03 
2016   1   9   5  30   0  9.9374396303992130e-03 
2016   1   9   6   0   0  1.0139939919575840e-02 
2016   1   9   6  30   0  9.5478894139679870e-03 
2016   1   9   7   0   0  9.3504181886901391e-03 
2016   1   9   7  30   0  9.2079783393301598e-03 
2016   1   9   8   0   0  9.2039759542473249e-03 
2016   1   9   8  30   0  8.2610478617427818e-03 
2016   1   9   9   0   0  9.7506535157280260e-03 
2016   1   9   9  30   0  1.2184484650686908e-02 
2016   1   9  10   0   0  1.0682403001404672e-02 
2016   1   9  10  30   0  1.0141656715620447e-02 
2016   1   9  11   0   0  9.4540460981487329e-03 
2016   1   9  11  30   0  8.9195377208947085e-03 
2016   1   9  12   0   0  9.3478714514543034e-03 
2016   1   9  12  30   0  8.9535814625656060e-03 
2016   1   9  13   0   0  8.6502486211909799e-03 
2016   1   9  13  30   0  9.4065577394953324e-03 
2016   1   9  14   0   0  9.0283252297978581e-03 
2016   1   9  14  30   0  9.0027756535857612e-03 
2016   1   9  15   0   0  8.3072483315811164e-03 
2016   1   9  15  30   0  8.5672276092442889e-03 
2016   1   9  16   0   0  8.9453654637516207e-03 
2016   1   9  16  30   0  9.3054080064442629e-03 
2016   1   9  17   0   0  1.0342425426615960e-02 
2016   1   9  17  30   0  1.0629468481702799e-02 
2016   1   9  18   0   0  1.0068160303829664e-02 
2016   1   9  18  30   0  9.7562663256604999e-03 
2016   1   9  19   0   0  9.0974696181740297e-03 
2016   1   9  19  30   0  8.6102323317275922e-03 
2016   1   9  20   0   0  8.4771639715275904e-03 
2016   1   9  20  30   0  8.5249922120115389e-03 
2016   1   9  21   0   0  8.4458667347954101e-03 
2016   1   9  21  30   0  8.6452208959334510e-03 
2016   1   9  22   0   0  1.1938975317531648e-02 
2016   1   9  22  30   0  1.1456306540887057e-02 
2016   1   9  23   0   0  1.0666945475112731e-02 
2016   1   9  23  30   0  1.0544049785183239e-02 
2016   1  10   0   0   0  1.0669508735497097e-02 
2016   1  10   0  30   0  1.2016082201311827e-02 
2016   1  10   1   0   0  1.0953880142036649e-02 
2016   1  10   1  30   0  9.2941936069888126e-03 
2016   1  10   2   0   0  8.5769736483268175e-03 
2016   1  10   2  30   0  8.4550080871344108e-03 
2016   1  10   3   0   0  8.2555629689716886e-03 
2016   1  10   3  30   0  8.5973434845944101e-03 
2016   1  10   4   0   0  8.3001588056587135e-03 
2016   1  10   4  30   0  8.9391590958894582e-03 
2016   1  10   5   0   0  1.0742089994281813e-02 
2016   1  10   5  30   0  1.3870322283543611e-02 
2016   1  10   6   0   0  1.2175680307368379e-02 
2016   1  10   6  30   0  1.1282342664172249e-02 
2016   1  10   7   0   0  1.5779510692417231e-02 
2016   1  10   7  30   0  1.5884832045939525e-02 
2016   1  10   8   0   0  1.2977866765731018e-02 
2016   1  10   8  30   0  1.0658755176557689e-02 
2016   1  10   9   0   0  9.7455067938083482e-03 
2016   1  10   9  30   0  8.9854311478491187e-03 
2016   1  10  10   0   0  9.0298239050887880e-03 
2016   1  10  10  30   0  8.8409819581205477e-03 
2016   1  10  11   0   0  8.7438163897512952e-03 
2016   1  10  11  30   0  1.0122488913836351e-02 
2016   1  10  12   0   0  1.0912401186220708e-02 
2016   1  10  12  30   0  1.0128839759631837e-02 
2016   1  10  13   0   0  1.0433688774969410e-02 
2016   1  10  13  30   0  1.2800882825869298e-02 
2016   1  10  14   0   0  1.5260259910028570e-02 
2016   1  10  14  30   0  1.3962619343139261e-02 
2016   1  10  15   0   0  1.0567115423511677e-02 
2016   1  10  15  30   0  1.3083169851827269e-02 
2016   1  10  16   0   0  1.0453758410322237e-02 
2016   1  10  16  30   0  9.8821475535009248e-03 
2016   1  10  17   0   0  9.6541659892959049e-03 
2016   1  10  17  30   0  1.4395569707553024e-02 
2016   1  10  18   0   0  9.6714627861192257e-03 
2016   1  10  18  30   0  9.5808737158003063e-03 
2016   1  10  19   0   0  9.7046117617152292e-03 
2016   1  10  19  30   0  9.8953855024405887e-03 
2016   1  10  20   0   0  9.7967993253729839e-03 
2016   1  10  20  30   0  1.2943295461589663e-02 
2016   1  10  21   0   0  1.3166779782683179e-02 
2016   1  10  21  30   0  1.1607786423514670e-02 
2016   1  10  22   0   0  1.0248550905826067e-02 
2016   1  10  22  30   0  9.9384831835028047e-03 
2016   1  10  23   0   0  1.0027223308093481e-02 
2016   1  10  23  30   0  9.1418225102392094e-03 
2016   1  11   0   0   0  8.0346826075151055e-03 
2016   1  11   0  30   0  7.7698204270843074e-03 
2016   1  11   1   0   0  7.5624271957962464e-03 
2016   1  11   1  30   0  7.4441227708849714e-03 
2016   1  11   2   0   0  7.2170120873951962e-03 
2016   1  11   2  30   0  7.2288316299988957e-03 
2016   1  11   3   0   0  7.0818218705460956e-03 
2016   1  11   3  30   0  7.3227155941834165e-03 
2016   1  11   4   0   0  8.0733568503633529e-03 
2016   1  11   4  30   0  8.8171477527487184e-03 
2016   1  11   5   0   0  8.7704506174634458e-03 
2016   1  11   5  30   0  8.5094074321647988e-03 
2016   1  11   6   0   0  8.2737215049129408e-03 
2016   1  11   6  30   0  8.0175188384777399e-03 
2016   1  11   7   0   0  7.7718368659179032e-03 
2016   1  11   7  30   0  7.4741917334115318e-03 
2016   1  11   8   0   0  6.8910236220262261e-03 
2016   1  11   8  30   0  6.5834241966212957e-03 
2016   1  11   9   0   0  6.3031773891017171e-03 
2016   1  11   9  30   0  6.7755840608297061e-03 
2016   1  11  10   0   0  7.0596772648346936e-03 
2016   1  11  10  30   0  6.8589584740921580e-03 
2016   1  11  11   0   0  7.2539923703221106e-03 
2016   1  11  11  30   0  7.2121320117240614e-03 
2016   1  11  12   0   0  7.3057571600670997e-03 
2016   1  11  12  30   0  7.2273543673083921e-03 
2016   1  11  13   0   0  7.2069218049213794e-03 
2016   1  11  13  30   0  6.9548035734140271e-03 
2016   1  11  14   0   0  6.6119273396197343e-03 
2016   1  11  14  30   0  6.5843380707046890e-03 
2016   1  11  15   0   0  6.9631480344453491e-03 
2016   1  11  15  30   0  7.1720967780878955e-03 
2016   1  11  16   0   0  7.1256543028718929e-03 
2016   1  11  16  30   0  6.9723971492627376e-03 
2016   1  11  17   0   0  6.7983526392776600e-03 
2016   1  11  17  30   0  6.6179457435363740e-03 
2016   1  11  18   0   0  6.5644115541925747e-03 
2016   1  11  18  30   0  6.9426739056293769e-03 
2016   1  11  19   0   0  6.3268543082880364e-03 
2016   1  11  19  30   0  6.1678371343883718e-03 
2016   1  11  20   0   0  6.1221448084443223e-03 
2016   1  11  20  30   0  6.1012930008684848e-03 
2016   1  11  21   0   0  6.1232772394882885e-03 
2016   1  11  21  30   0  6.2476422770490359e-03 
2016   1  11  22   0   0  6.9004257462110608e-03 
2016   1  11  22  30   0  6.2122585636364700e-03 
2016   1  11  23   0   0  6.3080626224620148e-03 
2016   1  11  23  30   0  6.2963325526623022e-03 
2016   1  12   0   0   0  5.7608908294665244e-03 
2016   1  12   0  30   0  5.0768824952874070e-03 
2016   1  12   1   0   0  4.6158746130571327e-03 
2016   1  12   1  30   0  4.0670345270763433e-03 
2016   1  12   2   0   0  3.6880231677144282e-03 
2016   1  12   2  30   0  3.3742860842327269e-03 
2016   1  12   3   0   0  3.1580362824735263e-03 
2016   1  12   3  30   0  2.9657105642820220e-03 
2016   1  12   4   0   0  2.8326812735603646e-03 
2016   1  12   4  30   0  2.6176816249160765e-03 
2016   1  12   5   0   0  2.4699663129750574e-03 
2016   1  12   5  30   0  2.3336994220222273e-03 
2016   1  12   6   0   0  2.4391174508707064e-03 
2016   1  12   6  30   0  2.4636550346390628e-03 
2016   1  12   7   0   0  2.6491798464835853e-03 
2016   1  12   7  30   0  2.7960788155259242e-03 
2016   1  12   8   0   0  2.7586758450101868e-03 
2016   1  12   8  30   0  2.9491028262566971e-03 
2016   1  12   9   0   0  2.6997402213198504e-03 
2016   1  12   9  30   0  2.7228160191995229e-03 
2016   1  12  10   0   0  2.9151466002857286e-03 
2016   1  12  10  30   0  2.6405955376672991e-03 
2016   1  12  11   0   0  2.3033124046483383e-03 
2016   1  12  11  30   0  2.1479448313438277e-03 
2016   1  12  12   0   0  2.3681495042014522e-03 
2016   1  12  12  30   0  2.2060354974934946e-03 
2016   1  12  13   0   0  2.2685614274789928e-03 
2016   1  12  13  30   0  2.9435936312784449e-03 
2016   1  12  14   0   0  2.3546202932856501e-03 
2016   1  12  14  30   0  2.3087989601939447e-03 
2016   1  12  15   0   0  2.4780088470887185e-03 
2016   1  12  15  30   0  2.2679483233019986e-03 
2016   1  12  16   0   0  2.1167114211766520e-03 
2016   1  12  16  30   0  2.1254979954810683e-03 
2016   1  12  17   0   0  2.0735171946510496e-03 
2016   1  12  17  30   0  2.1731344630515903e-03 
2016   1  12  18   0   0  2.3491223596574786e-03 
2016   1  12  18  30   0  2.0231385680047694e-03 
2016   1  12  19   0   0  2.3804200416807282e-03 
2016   1  12  19  30   0  2.0299919514341529e-03 
2016   1  12  20   0   0  1.8453792288935290e-03 
2016   1  12  20  30   0  1.9732372079412793e-03 
2016   1  12  21   0   0  2.2001924722895279e-03 
2016   1  12  21  30   0  2.1246964396943835e-03 
2016   1  12  22   0   0  1.9671110819127900e-03 
2016   1  12  22  30   0  1.9593571175141929e-03 
2016   1  12  23   0   0  2.2150004858168541e-03 
2016   1  12  23  30   0  2.4363818722308796e-03 
2016   1  13   0   0   0  2.7364201859466190e-03 
2016   1  13   0  30   0  2.7781891892545403e-03 
2016   1  13   1   0   0  2.7812565482246481e-03 
2016   1  13   1  30   0  2.6434812190378326e-03 
2016   1  13   2   0   0  2.5175959499570710e-03 
2016   1  13   2  30   0  2.5508107876669166e-03 
2016   1  13   3   0   0  2.6171637094371814e-03 
2016   1  13   3  30   0  2.3945207111070251e-03 
2016   1  13   4   0   0  2.3590740905831166e-03 
2016   1  13   4  30   0  2.2945037169537362e-03 
2016   1  13   5   0   0  2.2816196075532810e-03 
2016   1  13   5  30   0  2.2745517273761720e-03 
2016   1  13   6   0   0  2.2469383473557505e-03 
2016   1  13   6  30   0  2.2438205171355476e-03 
2016   1  13   7   0   0  2.3818641237892692e-03 
2016   1  13   7  30   0  2.2720689832524126e-03 
2016   1  13   8   0   0  2.4139531029904486e-03 
2016   1  13   8  30   0  2.6306116317423986e-03 
2016   1  13   9   0   0  2.8995799458516646e-03 
2016   1  13   9  30   0  3.0484589621279411e-03 
2016   1  13  10   0   0  3.0920080635752998e-03 
2016   1  13  10  30   0  3.0486381907046146e-03 
2016   1  13  11   0   0  2.9423719151743816e-03 
2016   1  13  11  30   0  2.9407247762742437e-03 
2016   1  13  12   0   0  2.9074812759732290e-03 
2016   1  13  12  30   0  2.6903895401582498e-03 
2016   1  13  13   0   0  2.5298836864719853e-03 
2016   1  13  13  30   0  2.5385761054230477e-03 
2016   1  13  14   0   0  2.4658730787389433e-03 
2016   1  13  14  30   0  2.4761025261468687e-03 
2016   1  13  15   0   0  2.4935074003466480e-03 
2016   1  13  15  30   0  2.4614563270914506e-03 
2016   1  13  16   0   0  2.5605831586238983e-03 
2016   1  13  16  30   0  2.5297667254675217e-03 
2016   1  13  17   0   0  2.5098941100532850e-03 
2016   1  13  17  30   0  2.5600846228955544e-03 
2016   1  13  18   0   0  2.6351834846156871e-03 
2016   1  13  18  30   0  2.7061932051463265e-03 
2016   1  13  19   0   0  2.7525911743068094e-03 
2016   1  13  19  30   0  2.8795409884050274e-03 
2016   1  13  20   0   0  2.8506424710921571e-03 
2016   1  13  20  30   0  2.8679374330746834e-03 
2016   1  13  21   0   0  2.9327755801965478e-03 
2016   1  13  21  30   0  2.9018217555666012e-03 
2016   1  13  22   0   0  2.9470721129610292e-03 
2016   1  13  22  30   0  2.8999284754931080e-03 
2016   1  13  23   0   0  2.9273900131715110e-03 
2016   1  13  23  30   0  2.9278867483239933e-03 
2016   1  14   0   0   0  2.9273164869139429e-03 
2016   1  14   0  30   0  2.9070741281399196e-03 
2016   1  14   1   0   0  2.9216726613127309e-03 
2016   1  14   1  30   0  2.9164074643793789e-03 
2016   1  14   2   0   0  2.8957698492600922e-03 
2016   1  14   2  30   0  2.8156042567697094e-03 
2016   1  14   3   0   0  2.8522456676845511e-03 
2016   1  14   3  30   0  2.7753752530616251e-03 
2016   1  14   4   0   0  2.8103374430616286e-03 
2016   1  14   4  30   0  2.8061768488599399e-03 
2016   1  14   5   0   0  2.7480911471908179e-03 
2016   1  14   5  30   0  2.7254909920235429e-03 
2016   1  14   6   0   0  2.6927935561002459e-03 
2016   1  14   6  30   0  2.6659128621021274e-03 
2016   1  14   7   0   0  2.6066347254930394e-03 
2016   1  14   7  30   0  2.5714376663745495e-03 
2016   1  14   8   0   0  2.6427670423478881e-03 
2016   1  14   8  30   0  2.5591666929852199e-03 
2016   1  14   9   0   0  2.6260318258268375e-03 
2016   1  14   9  30   0  2.6042216054103892e-03 
2016   1  14  10   0   0  2.6256857980906526e-03 
2016   1  14  10  30   0  2.6810029912028147e-03 
2016   1  14  11   0   0  2.6871819601108232e-03 
2016   1  14  11  30   0  2.7206531105865976e-03 
2016   1  14  12   0   0  2.7117070710025869e-03 
2016   1  14  12  30   0  2.7335762076596947e-03 
2016   1  14  13   0   0  2.7008539706539453e-03 
2016   1  14  13  30   0  2.7745343952343010e-03 
2016   1  14  14   0   0  2.7896355339554527e-03 
2016   1  14  14  30   0  2.7993723296827330e-03 
2016   1  14  15   0   0  3.0025570044363860e-03 
2016   1  14  15  30   0  3.5278858336941048e-03 
2016   1  14  16   0   0  2.9045092792368637e-03 
2016   1  14  16  30   0  3.0944314829937894e-03 
2016   1  14  17   0   0  3.1816654383364871e-03 
2016   1  14  17  30   0  3.2534604545080507e-03 
2016   1  14  18   0   0  3.1707292501573438e-03 
2016   1  14  18  30   0  3.2850321625505045e-03 
2016   1  14  19   0   0  3.3926821261735783e-03 
2016   1  14  19  30   0  3.6669956309568720e-03 
2016   1  14  20   0   0  3.6156058900362257e-03 
2016   1  14  20  30   0  3.1886632426233064e-03 
2016   1  14  21   0   0  3.2254898480361762e-03 
2016   1  14  21  30   0  3.0712819097520111e-03 
2016   1  14  22   0   0  3.1838740781900215e-03 
2016   1  14  22  30   0  3.4071399880620150e-03 
2016   1  14  23   0   0  3.4878170639839460e-03 
2016   1  14  23  30   0  3.3926250457878794e-03 
2016   1  15   0   0   0  3.4138909253220318e-03 
2016   1  15   0  30   0  3.4305926694127740e-03 
2016   1  15   1   0   0  3.3271122254034491e-03 
2016   1  15   1  30   0  3.2188814558579693e-03 
2016   1  15   2   0   0  3.0112641576669906e-03 
2016   1  15   2  30   0  2.8700817832536408e-03 
2016   1  15   3   0   0  2.4610941575860523e-03 
2016   1  15   3  30   0  2.0657957571108766e-03 
2016   1  15   4   0   0  1.7950231501665248e-03 
2016   1  15   4  30   0  1.4477820278766356e-03 
2016   1  15   5   0   0  1.2292340621795985e-03 
2016   1  15   5  30   0  1.1067333063579357e-03 
2016   1  15   6   0   0  1.1010476195478936e-03 
2016   1  15   6  30   0  1.0770042144512891e-03 
2016   1  15   7   0   0  1.0889348294839723e-03 
2016   1  15   7  30   0  1.1103469652860389e-03 
2016   1  15   8   0   0  1.2653872449439950e-03 
2016   1  15   8  30   0  1.5472913927920002e-03 
2016   1  15   9   0   0  1.9528028486961075e-03 
2016   1  15   9  30   0  2.0740557280158173e-03 
2016   1  15  10   0   0  2.1450032778779272e-03 
2016   1  15  10  30   0  2.2054441384378089e-03 
2016   1  15  11   0   0  2.3241175032225618e-03 
2016   1  15  11  30   0  2.4445373347711133e-03 
2016   1  15  12   0   0  2.6339302097089508e-03 
2016   1  15  12  30   0  2.4604522116124352e-03 
2016   1  15  13   0   0  2.4383246130400627e-03 
2016   1  15  13  30   0  2.7588419592914698e-03 
2016   1  15  14   0   0  2.6183285964406452e-03 
2016   1  15  14  30   0  2.2527642407125089e-03 
2016   1  15  15   0   0  2.2614158967433026e-03 
2016   1  15  15  30   0  2.3558613994907975e-03 
2016   1  15  16   0   0  2.4861200883446190e-03 
2016   1  15  16  30   0  2.5456317186998145e-03 
2016   1  15  17   0   0  2.6675653533503509e-03 
2016   1  15  17  30   0  2.8602231207843633e-03 
2016   1  15  18   0   0  2.7441701023447921e-03 
2016   1  15  18  30   0  2.6691858901023049e-03 
2016   1  15  19   0   0  2.8335851100545696e-03 
2016   1  15  19  30   0  2.9070602805231333e-03 
2016   1  15  20   0   0  2.6610031997256773e-03 
2016   1  15  20  30   0  2.7127889845184184e-03 
2016   1  15  21   0   0  2.4830613610786483e-03 
2016   1  15  21  30   0  3.0812713867933179e-03 
2016   1  15  22   0   0  3.5059639465908768e-03 
2016   1  15  22  30   0  3.6339164489557680e-03 
2016   1  15  23   0   0  3.8698048349327390e-03 
2016   1  15  23  30   0  3.8583849760597715e-03 
2016   1  16   0   0   0  3.6911180140876223e-03 
2016   1  16   0  30   0  3.5210966183259807e-03 
2016   1  16   1   0   0  3.2994926723937238e-03 
2016   1  16   1  30   0  3.2738872349482818e-03 
2016   1  16   2   0   0  3.2131460950019326e-03 
2016   1  16   2  30   0  3.2728163400870536e-03 
2016   1  16   3   0   0  3.2427139222080421e-03 
2016   1  16   3  30   0  3.3283526590330297e-03 
2016   1  16   4   0   0  3.6364644793366080e-03 
2016   1  16   4  30   0  3.7737298099635060e-03 
2016   1  16   5   0   0  3.8087565492559701e-03 
2016   1  16   5  30   0  3.8241488940971252e-03 
2016   1  16   6   0   0  3.6763872576775986e-03 
2016   1  16   6  30   0  3.5452930916772415e-03 
2016   1  16   7   0   0  3.6417089184157835e-03 
2016   1  16   7  30   0  3.6537755579118007e-03 
2016   1  16   8   0   0  3.2855732711623243e-03 
2016   1  16   8  30   0  3.0156287404524275e-03 
2016   1  16   9   0   0  3.3563722825237516e-03 
2016   1  16   9  30   0  3.0697995598983874e-03 
2016   1  16  10   0   0  3.0530578743114783e-03 
2016   1  16  10  30   0  3.1620477096886940e-03 
2016   1  16  11   0   0  3.5899849780114314e-03 
2016   1  16  11  30   0  3.6234713255139397e-03 
2016   1  16  12   0   0  3.4548421643831049e-03 
2016   1  16  12  30   0  3.4556880884795034e-03 
2016   1  16  13   0   0  3.4177748953303053e-03 
2016   1  16  13  30   0  3.4859108354685403e-03 
2016   1  16  14   0   0  3.5251961216496226e-03 
2016   1  16  14  30   0  3.7767867082381676e-03 
2016   1  16  15   0   0  3.5737197882913978e-03 
2016   1  16  15  30   0  3.7838894297047569e-03 
2016   1  16  16   0   0  3.8120408431410575e-03 
2016   1  16  16  30   0  4.2807785930550710e-03 
2016   1  16  17   0   0  4.4506306195612822e-03 
2016   1  16  17  30   0  4.3290540644128220e-03 
2016   1  16  18   0   0  4.1944236023912810e-03 
2016   1  16  18  30   0  4.3074470435450702e-03 
2016   1  16  19   0   0  4.2042984925022954e-03 
2016   1  16  19  30   0  4.0100295612204000e-03 
2016   1  16  20   0   0  3.6818678450468954e-03 
2016   1  16  20  30   0  3.2468478785626083e-03 
2016   1  16  21   0   0  3.0503011969687326e-03 
2016   1  16  21  30   0  2.8653791956067326e-03 
2016   1  16  22   0   0  2.6532748432255954e-03 
2016   1  16  22  30   0  2.4556960705496354e-03 
2016   1  16  23   0   0  2.3611701710683350e-03 
2016   1  16  23  30   0  2.1587202336184794e-03 
2016   1  17   0   0   0  2.1146895583873523e-03 
2016   1  17   0  30   0  1.9943193364211310e-03 
2016   1  17   1   0   0  1.9283584970756946e-03 
2016   1  17   1  30   0  1.8680304883505001e-03 
2016   1  17   2   0   0  1.7708426143106485e-03 
2016   1  17   2  30   0  2.2415756169652640e-03 
2016   1  17   3   0   0  2.4347492889306935e-03 
2016   1  17   3  30   0  3.0210093169845196e-03 
2016   1  17   4   0   0  4.0387546125351991e-03 
2016   1  17   4  30   0  4.5790144847234942e-03 
2016   1  17   5   0   0  4.7790453519888391e-03 
2016   1  17   5  30   0  5.0629176506992932e-03 
2016   1  17   6   0   0  5.0972120474025396e-03 
2016   1  17   6  30   0  4.7895982882986913e-03 
2016   1  17   7   0   0  5.2623109611775951e-03 
2016   1  17   7  30   0  5.8431015189727136e-03 
2016   1  17   8   0   0  6.3340646452394898e-03 
2016   1  17   8  30   0  6.2136486082774367e-03 
2016   1  17   9   0   0  5.9486963572334900e-03 
2016   1  17   9  30   0  6.3515533318968661e-03 
2016   1  17  10   0   0  6.6022751946411508e-03 
2016   1  17  10  30   0  6.5559445900069549e-03 
2016   1  17  11   0   0  6.9375949814279372e-03 
2016   1  17  11  30   0  7.0200539376987208e-03 
2016   1  17  12   0   0  6.5782919575676337e-03 
2016   1  17  12  30   0  6.5037431430266246e-03 
2016   1  17  13   0   0  6.1692527282375198e-03 
2016   1  17  13  30   0  5.8259233625431979e-03 
2016   1  17  14   0   0  5.7146813333031924e-03 
2016   1  17  14  30   0  5.4765571321129108e-03 
2016   1  17  15   0   0  4.9049748766086488e-03 
2016   1  17  15  30   0  4.7474870525688684e-03 
2016   1  17  16   0   0  4.9836435476398027e-03 
2016   1  17  16  30   0  5.2950133647651880e-03 
2016   1  17  17   0   0  5.8335403147209497e-03 
2016   1  17  17  30   0  5.7479111760268863e-03 
2016   1  17  18   0   0  5.8740369484133158e-03 
2016   1  17  18  30   0  5.8798348977581235e-03 
2016   1  17  19   0   0  5.8804530691845582e-03 
2016   1  17  19  30   0  5.8501762754715010e-03 
2016   1  17  20   0   0  5.7718153859007987e-03 
2016   1  17  20  30   0  5.8314313297335970e-03 
2016   1  17  21   0   0  5.7888676745989813e-03 
2016   1  17  21  30   0  5.7050161622771763e-03 
2016   1  17  22   0   0  5.0852138640178034e-03 
2016   1  17  22  30   0  5.1265868231696356e-03 
2016   1  17  23   0   0  4.9877684089557964e-03 
2016   1  17  23  30   0  5.1159825386891547e-03 
2016   1  18   0   0   0  5.7417218550250507e-03 
2016   1  18   0  30   0  5.3789500834410609e-03 
2016   1  18   1   0   0  5.1513312170401379e-03 
2016   1  18   1  30   0  4.6963519423440740e-03 
2016   1  18   2   0   0  3.9679460262867254e-03 
2016   1  18   2  30   0  4.6967829124490270e-03 
2016   1  18   3   0   0  4.3707442093209653e-03 
2016   1  18   3  30   0  4.7369599504907623e-03 
2016   1  18   4   0   0  5.3830904656283485e-03 
2016   1  18   4  30   0  5.0747086705260607e-03 
2016   1  18   5   0   0  4.6074475928959508e-03 
2016   1  18   5  30   0  4.0379706368021207e-03 
2016   1  18   6   0   0  4.9304106758831512e-03 
2016   1  18   6  30   0  4.6529954174733745e-03 
2016   1  18   7   0   0  4.2250939453437105e-03 
2016   1  18   7  30   0  4.2119260575078366e-03 
2016   1  18   8   0   0  4.0739757724758208e-03 
2016   1  18   8  30   0  4.4782032814269989e-03 
2016   1  18   9   0   0  4.7060765477384492e-03 
2016   1  18   9  30   0  4.7700758855243651e-03 
2016   1  18  10   0   0  4.4183809384245138e-03 
2016   1  18  10  30   0  3.8120167892896563e-03 
2016   1  18  11   0   0  4.0542460803092012e-03 
2016   1  18  11  30   0  4.0150964378689105e-03 
2016   1  18  12   0   0  4.2544759663694651e-03 
2016   1  18  12  30   0  4.0816916750317208e-03 
2016   1  18  13   0   0  4.5783668757977715e-03 
2016   1  18  13  30   0  4.2051989484217268e-03 
2016   1  18  14   0   0  4.0626875524133795e-03 
2016   1  18  14  30   0  3.7570306084035083e-03 
2016   1  18  15   0   0  3.5203312615531552e-03 
2016   1  18  15  30   0  3.1572482613869022e-03 
2016   1  18  16   0   0  2.9591660288727740e-03 
2016   1  18  16  30   0  2.7754028036196983e-03 
2016   1  18  17   0   0  2.8196525055163269e-03 
2016   1  18  17  30   0  3.1446374865099678e-03 
2016   1  18  18   0   0  3.1627182716147373e-03 
2016   1  18  18  30   0  3.2864303783597870e-03 
2016   1  18  19   0   0  2.8451989863415490e-03 
2016   1  18  19  30   0  3.0330913263632605e-03 
2016   1  18  20   0   0  2.4217033103560424e-03 
2016   1  18  20  30   0  2.6310502260921556e-03 
2016   1  18  21   0   0  3.7552709520495891e-03 
2016   1  18  21  30   0  3.3763322968492749e-03 
2016   1  18  22   0   0  1.4060399501215680e-02 
2016   1  18  22  30   0  8.5133281044693643e-03 
2016   1  18  23   0   0  7.0895213729878000e-03 
2016   1  18  23  30   0  3.8341332216711732e-03 
2016   1  19   0   0   0  3.5898250164002705e-03 
2016   1  19   0  30   0  4.0159085334709830e-03 
2016   1  19   1   0   0  3.8548609991794335e-03 
2016   1  19   1  30   0  3.6423418518209618e-03 
2016   1  19   2   0   0  3.8731327914690991e-03 
2016   1  19   2  30   0  3.8177059845871720e-03 
2016   1  19   3   0   0  3.7274452746031421e-03 
2016   1  19   3  30   0  3.7918662920193354e-03 
2016   1  19   4   0   0  4.2034127229827797e-03 
2016   1  19   4  30   0  4.2876038647732392e-03 
2016   1  19   5   0   0  4.5737019984569850e-03 
2016   1  19   5  30   0  4.7056775280017865e-03 
2016   1  19   6   0   0  4.7038628110049364e-03 
2016   1  19   6  30   0  4.5072093223432873e-03 
2016   1  19   7   0   0  4.3175911216552934e-03 
2016   1  19   7  30   0  4.3675511785441906e-03 
2016   1  19   8   0   0  4.2595825024977626e-03 
2016   1  19   8  30   0  4.2647614561072316e-03 
2016   1  19   9   0   0  4.2096713612630706e-03 
2016   1  19   9  30   0  4.1329957060362906e-03 
2016   1  19  10   0   0  4.3640799524650564e-03 
2016   1  19  10  30   0  4.4830451374871846e-03 
2016   1  19  11   0   0  5.1169558414296259e-03 
2016   1  19  11  30   0  5.1994411613209834e-03 
2016   1  19  12   0   0  4.2865907257756764e-03 
2016   1  19  12  30   0  4.1763349790979480e-03 
2016   1  19  13   0   0  4.2869121894082004e-03 
2016   1  19  13  30   0  4.5353473323026033e-03 
2016   1  19  14   0   0  4.5401784797873719e-03 
2016   1  19  14  30   0  4.0633496674668691e-03 
2016   1  19  15   0   0  4.0163400078556226e-03 
2016   1  19  15  30   0  3.9920071484754191e-03 
2016   1  19  16   0   0  3.7137078828058771e-03 
2016   1  19  16  30   0  3.9565685971273351e-03 
2016   1  19  17   0   0  5.0554127681134162e-03 
2016   1  19  17  30   0  5.0167766558114456e-03 
2016   1  19  18   0   0  5.4117976788220536e-03 
2016   1  19  18  30   0  4.9875605732498923e-03 
2016   1  19  19   0   0  6.3737579234166650e-03 
2016   1  19  19  30   0  6.3882934832106527e-03 
2016   1  19  20   0   0  5.4525545057285719e-03 
2016   1  19  20  30   0  5.2013664895188775e-03 
2016   1  19  21   0   0  4.5325285128018184e-03 
2016   1  19  21  30   0  4.2627606532347649e-03 
2016   1  19  22   0   0  4.8504403736456692e-03 
2016   1  19  22  30   0  4.7385527758477108e-03 
2016   1  19  23   0   0  4.8008542000488553e-03 
2016   1  19  23  30   0  4.5630306258772077e-03 
2016   1  20   0   0   0  4.3309950277806639e-03 
2016   1  20   0  30   0  4.2263396770972793e-03 
2016   1  20   1   0   0  4.4789506207204037e-03 
2016   1  20   1  30   0  4.6137050310949661e-03 
2016   1  20   2   0   0  4.5891822027677278e-03 
2016   1  20   2  30   0  4.2567436963625886e-03 
2016   1  20   3   0   0  4.2644544339752030e-03 
2016   1  20   3  30   0  4.8087610051516915e-03 
2016   1  20   4   0   0  4.5942319907163430e-03 
2016   1  20   4  30   0  4.4188579559166314e-03 
2016   1  20   5   0   0  4.4525721175084857e-03 
2016   1  20   5  30   0  4.6014382993942110e-03 
2016   1  20   6   0   0  5.9359811102214968e-03 
2016   1  20   6  30   0  6.5549740121047147e-03 
2016   1  20   7   0   0  5.8146203432661676e-03 
2016   1  20   7  30   0  7.0020931164963040e-03 
2016   1  20   8   0   0  6.2715795461551049e-03 
2016   1  20   8  30   0  4.9860582088657162e-03 
2016   1  20   9   0   0  4.4662472693894392e-03 
2016   1  20   9  30   0  4.2847567117222634e-03 
2016   1  20  10   0   0  4.3706907211662083e-03 
2016   1  20  10  30   0  4.2379547087435391e-03 
2016   1  20  11   0   0  4.1845865202686430e-03 
2016   1  20  11  30   0  4.4119629928695498e-03 
2016   1  20  12   0   0  4.7950060488143624e-03 
2016   1  20  12  30   0  5.5825056885467775e-03 
2016   1  20  13   0   0  6.7223082138190195e-03 
2016   1  20  13  30   0  5.7389916695698160e-03 
2016   1  20  14   0   0  5.6351583505321037e-03 
2016   1  20  14  30   0  4.8182200523758222e-03 
2016   1  20  15   0   0  3.9943290871844389e-03 
2016   1  20  15  30   0  3.6479649702817608e-03 
2016   1  20  16   0   0  3.3507589423295808e-03 
2016   1  20  16  30   0  3.3744623626331227e-03 
2016   1  20  17   0   0  3.3295678420324644e-03 
2016   1  20  17  30   0  3.4709660245370710e-03 
2016   1  20  18   0   0  5.7800147770869807e-03 
2016   1  20  18  30   0  6.5130295351183663e-03 
2016   1  20  19   0   0  7.8421417942681447e-03 
2016   1  20  19  30   0  9.9525653332085493e-03 
2016   1  20  20   0   0  9.6380275836733774e-03 
2016   1  20  20  30   0  6.6782936017505297e-03 
2016   1  20  21   0   0  5.7025898211579369e-03 
2016   1  20  21  30   0  5.0367458882111405e-03 
2016   1  20  22   0   0  4.8462836369206055e-03 
2016   1  20  22  30   0  4.6745934576952596e-03 
2016   1  20  23   0   0  4.5694739425617328e-03 
2016   1  20  23  30   0  4.3670717797041920e-03 
2016   1  21   0   0   0  4.0988023366027694e-03 
2016   1  21   0  30   0  4.1775764308803337e-03 
2016   1  21   1   0   0  4.0314289137487105e-03 
2016   1  21   1  30   0  3.9675982318297170e-03 
2016   1  21   2   0   0  3.6805665660598597e-03 
2016   1  21   2  30   0  3.6386082551890758e-03 
2016   1  21   3   0   0  3.3076472361382920e-03 
2016   1  21   3  30   0  3.1468156726331040e-03 
2016   1  21   4   0   0  3.6575988228588325e-03 
2016   1  21   4  30   0  3.7135458896414768e-03 
2016   1  21   5   0   0  3.6315406932393721e-03 
2016   1  21   5  30   0  4.3507039159469598e-03 
2016   1  21   6   0   0  5.2953827449969820e-03 
2016   1  21   6  30   0  5.2543181162657991e-03 
2016   1  21   7   0   0  4.8599165883594043e-03 
2016   1  21   7  30   0  4.6576659795730113e-03 
2016   1  21   8   0   0  4.5885557141529879e-03 
2016   1  21   8  30   0  4.5029477379400122e-03 
2016   1  21   9   0   0  4.1332427831878328e-03 
2016   1  21   9  30   0  3.8873464757814718e-03 
2016   1  21  10   0   0  3.9454033566077851e-03 
2016   1  21  10  30   0  4.1682659170474813e-03 
2016   1  21  11   0   0  4.3122271784567885e-03 
2016   1  21  11  30   0  4.5303410611971613e-03 
2016   1  21  12   0   0  4.6989815105954631e-03 
2016   1  21  12  30   0  4.6722595174434689e-03 
2016   1  21  13   0   0  4.4727169431011075e-03 
2016   1  21  13  30   0  3.9924649809694422e-03 
2016   1  21  14   0   0  3.8144825837917533e-03 
2016   1  21  14  30   0  6.1414315213673583e-03 
2016   1  21  15   0   0  3.7578226472932373e-03 
2016   1  21  15  30   0  4.0237869210089606e-03 
2016   1  21  16   0   0  6.8388325325566979e-03 
2016   1  21  16  30   0  3.8907602565698939e-03 
2016   1  21  17   0   0  3.7418974850264696e-03 
2016   1  21  17  30   0  3.8145773544705679e-03 
2016   1  21  18   0   0  3.8551185168699069e-03 
2016   1  21  18  30   0  3.6966520540329616e-03 
2016   1  21  19   0   0  4.4953102516920402e-03 
2016   1  21  19  30   0  3.6833608698837654e-03 
2016   1  21  20   0   0  3.7747546341163557e-03 
2016   1  21  20  30   0  3.7800241912524933e-03 
2016   1  21  21   0   0  5.5719106695157599e-03 
2016   1  21  21  30   0  6.2473006116097411e-03 
2016   1  21  22   0   0  6.2942487695651760e-03 
2016   1  21  22  30   0  3.7160667460798863e-03 
2016   1  21  23   0   0  3.5030120611253359e-03 
2016   1  21  23  30   0  3.4396054686614097e-03 
2016   1  22   0   0   0  3.3160634551187701e-03 
2016   1  22   0  30   0  3.0288710663410956e-03 
2016   1  22   1   0   0  3.0306377146148014e-03 
2016   1  22   1  30   0  2.9792474514922984e-03 
2016   1  22   2   0   0  2.8641314681072619e-03 
2016   1  22   2  30   0  3.5112116071724731e-03 
2016   1  22   3   0   0  3.2973074502242565e-03 
2016   1  22   3  30   0  4.3767881621229326e-03 
2016   1  22   4   0   0  5.0609204457654723e-03 
2016   1  22   4  30   0  4.5408145854888742e-03 
2016   1  22   5   0   0  5.1794477619768525e-03 
2016   1  22   5  30   0  4.2200705541337556e-03 
2016   1  22   6   0   0  3.7628436480251931e-03 
2016   1  22   6  30   0  3.4137986079437023e-03 
2016   1  22   7   0   0  2.9883610197274659e-03 
2016   1  22   7  30   0  3.2121491810220902e-03 
2016   1  22   8   0   0  2.8119731667701079e-03 
2016   1  22   8  30   0  2.8809579073105704e-03 
2016   1  22   9   0   0  3.2209099366815970e-03 
2016   1  22   9  30   0  2.9699558728481824e-03 
2016   1  22  10   0   0  2.5562816933930067e-03 
2016   1  22  10  30   0  4.3260105902246365e-03 
2016   1  22  11   0   0  6.3514955538294272e-03 
2016   1  22  11  30   0  6.8635708210515282e-03 
2016   1  22  12   0   0  6.5349637022075321e-03 
2016   1  22  12  30   0  6.0597431877384466e-03 
2016   1  22  13   0   0  5.8745244535754852e-03 
2016   1  22  13  30   0  5.5580759808725334e-03 
2016   1  22  14   0   0  5.1233402961556309e-03 
2016   1  22  14  30   0  4.7702522514575085e-03 
2016   1  22  15   0   0  4.7372449200758148e-03 
2016   1  22  15  30   0  4.8558603924952230e-03 
2016   1  22  16   0   0  5.0831125847285372e-03 
2016   1  22  16  30   0  5.3554571842236130e-03 
2016   1  22  17   0   0  5.9085111587636099e-03 
2016   1  22  17  30   0  5.7527968628116001e-03 
2016   1  22  18   0   0  5.8815241990505399e-03 
2016   1  22  18  30   0  6.0184469453079944e-03 
2016   1  22  19   0   0  5.8100185865450574e-03 
2016   1  22  19  30   0  5.7513136333986695e-03 
2016   1  22  20   0   0  5.5214711436730145e-03 
2016   1  22  20  30   0  5.5457842194819645e-03 
2016   1  22  21   0   0  5.1785592618507981e-03 
2016   1  22  21  30   0  5.4271992288917473e-03 
2016   1  22  22   0   0  4.7813287795323159e-03 
2016   1  22  22  30   0  4.1283128976417416e-03 
2016   1  22  23   0   0  4.3197697879234342e-03 
2016   1  22  23  30   0  3.1150598152231714e-03 
2016   1  23   0   0   0  3.3898696822343773e-03 
2016   1  23   0  30   0  3.3397276654286534e-03 
2016   1  23   1   0   0  3.4157417687636781e-03 
2016   1  23   1  30   0  3.4028480585595903e-03 
2016   1  23   2   0   0  3.4722414302111480e-03 
2016   1  23   2  30   0  3.4851561402981161e-03 
2016   1  23   3   0   0  3.4023730892734005e-03 
2016   1  23   3  30   0  3.2830947598299310e-03 
2016   1  23   4   0   0  3.0464383300046784e-03 
2016   1  23   4  30   0  2.9409167697228952e-03 
2016   1  23   5   0   0  2.9425086063666053e-03 
2016   1  23   5  30   0  3.0078453802232065e-03 
2016   1  23   6   0   0  3.0034255291086021e-03 
2016   1  23   6  30   0  2.8235692569397743e-03 
2016   1  23   7   0   0  2.5296230334172129e-03 
2016   1  23   7  30   0  2.6222797238190684e-03 
2016   1  23   8   0   0  2.2452236410851383e-03 
2016   1  23   8  30   0  2.7159507787862217e-03 
2016   1  23   9   0   0  1.8004971542223216e-03 
2016   1  23   9  30   0  1.7802784233676271e-03 
2016   1  23  10   0   0  1.7803496887344806e-03 
2016   1  23  10  30   0  2.0557444639557085e-03 
2016   1  23  11   0   0  2.7678186707212056e-03 
2016   1  23  11  30   0  2.2766840241054374e-03 
2016   1  23  12   0   0  2.3994774203000419e-03 
2016   1  23  12  30   0  2.2220151530961511e-03 
2016   1  23  13   0   0  2.2963155548605947e-03 
2016   1  23  13  30   0  2.4954979538076966e-03 
2016   1  23  14   0   0  2.3100172555436723e-03 
2016   1  23  14  30   0  2.4795491879021992e-03 
2016   1  23  15   0   0  2.4474322458175393e-03 
2016   1  23  15  30   0  2.4230007950952173e-03 
2016   1  23  16   0   0  2.3929852374953691e-03 
2016   1  23  16  30   0  2.6808574299212644e-03 
2016   1  23  17   0   0  2.6441961937050118e-03 
2016   1  23  17  30   0  2.9698708832829016e-03 
2016   1  23  18   0   0  2.8294378883422376e-03 
2016   1  23  18  30   0  3.4188478451227860e-03 
2016   1  23  19   0   0  3.2835133903525672e-03 
2016   1  23  19  30   0  3.5213815645810218e-03 
2016   1  23  20   0   0  3.0836370783760602e-03 
2016   1  23  20  30   0  2.8278320618580419e-03 
2016   1  23  21   0   0  2.8171373725150313e-03 
2016   1  23  21  30   0  2.8302409651033500e-03 
2016   1  23  22   0   0  3.4484427830024601e-03 
2016   1  23  22  30   0  3.0173539513755560e-03 
2016   1  23  23   0   0  3.0934611241676003e-03 
2016   1  23  23  30   0  3.5451411285851667e-03 
2016   1  24   0   0   0  4.1009303570955511e-03 
2016   1  24   0  30   0  4.1265205197521240e-03 
2016   1  24   1   0   0  4.0829597337740864e-03 
2016   1  24   1  30   0  3.9954835365435424e-03 
2016   1  24   2   0   0  4.0580387462773888e-03 
2016   1  24   2  30   0  4.0497662014479970e-03 
2016   1  24   3   0   0  3.9799803152494153e-03 
2016   1  24   3  30   0  3.7001360837957374e-03 
2016   1  24   4   0   0  3.7439606506424771e-03 
2016   1  24   4  30   0  3.6310513345031306e-03 
2016   1  24   5   0   0  3.5366590872176334e-03 
2016   1  24   5  30   0  3.6508241400013261e-03 
2016   1  24   6   0   0  3.7515669144576398e-03 
2016   1  24   6  30   0  3.7586815936373015e-03 
2016   1  24   7   0   0  3.6918330666563682e-03 
2016   1  24   7  30   0  3.6745067824599260e-03 
2016   1  24   8   0   0  3.8267378275281213e-03 
2016   1  24   8  30   0  3.4673740369941769e-03 
2016   1  24   9   0   0  3.4272430296158366e-03 
2016   1  24   9  30   0  3.7529492436322860e-03 
2016   1  24  10   0   0  4.1045534126270111e-03 
2016   1  24  10  30   0  4.1971659334234723e-03 
2016   1  24  11   0   0  4.2416186383671716e-03 
2016   1  24  11  30   0  4.0932881279949320e-03 
2016   1  24  12   0   0  3.8484077055867434e-03 
2016   1  24  12  30   0  3.7385304894978341e-03 
2016   1  24  13   0   0  3.6397374793048303e-03 
2016   1  24  13  30   0  3.7666789093691181e-03 
2016   1  24  14   0   0  3.7126615577090754e-03 
2016   1  24  14  30   0  3.8023561386507673e-03 
2016   1  24  15   0   0  3.9537174318966624e-03 
2016   1  24  15  30   0  4.1162159458031861e-03 
2016   1  24  16   0   0  4.4111796532122676e-03 
2016   1  24  16  30   0  4.7848378309022178e-03 
2016   1  24  17   0   0  5.1199701519792761e-03 
2016   1  24  17  30   0  5.3207305607615779e-03 
2016   1  24  18   0   0  5.6238569579449447e-03 
2016   1  24  18  30   0  5.5678115419681715e-03 
2016   1  24  19   0   0  5.7738852961932742e-03 
2016   1  24  19  30   0  5.7235689898451434e-03 
2016   1  24  20   0   0  5.1233399381651300e-03 
2016   1  24  20  30   0  4.7286565126337951e-03 
2016   1  24  21   0   0  4.7209910703141017e-03 
2016   1  24  21  30   0  4.2483135774226315e-03 
2016   1  24  22   0   0  4.1361677166854181e-03 
2016   1  24  22  30   0  4.0507935889751287e-03 
2016   1  24  23   0   0  4.0540938243601859e-03 
2016   1  24  23  30   0  4.2154564437315214e-03 
2016   1  25   0   0   0  4.7952106030196440e-03 
2016   1  25   0  30   0  5.4848075406665926e-03 
2016   1  25   1   0   0  5.8358254401265804e-03 
2016   1  25   1  30   0  6.0589717044499426e-03 
2016   1  25   2   0   0  6.1985229878729073e-03 
2016   1  25   2  30   0  6.2611016977083154e-03 
2016   1  25   3   0   0  6.3738401277371320e-03 
2016   1  25   3  30   0  6.4363768379744500e-03 
2016   1  25   4   0   0  6.0441251375829355e-03 
2016   1  25   4  30   0  5.9413446839635502e-03 
2016   1  25   5   0   0  5.5423899092542804e-03 
2016   1  25   5  30   0  5.2879524564235425e-03 
2016   1  25   6   0   0  5.0413597645936614e-03 
2016   1  25   6  30   0  4.8168508868474498e-03 
2016   1  25   7   0   0  4.4002474828693031e-03 
2016   1  25   7  30   0  4.0029726638779184e-03 
2016   1  25   8   0   0  3.8032778038140807e-03 
2016   1  25   8  30   0  3.5408238827245040e-03 
2016   1  25   9   0   0  3.3567180648252670e-03 
2016   1  25   9  30   0  3.1219688674549704e-03 
2016   1  25  10   0   0  2.9505125683898831e-03 
2016   1  25  10  30   0  2.7252501183333078e-03 
2016   1  25  11   0   0  2.3132618696358525e-03 
2016   1  25  11  30   0  2.0405046470196924e-03 
2016   1  25  12   0   0  1.8217926664085187e-03 
2016   1  25  12  30   0  1.6960942109505218e-03 
2016   1  25  13   0   0  1.4680177705306127e-03 
2016   1  25  13  30   0  1.6385517418726478e-03 
2016   1  25  14   0   0  1.8159576058551757e-03 
2016   1  25  14  30   0  2.1294816634329738e-03 
2016   1  25  15   0   0  2.5049353373775354e-03 
2016   1  25  15  30   0  2.2909614150678523e-03 
2016   1  25  16   0   0  2.3413363169676477e-03 
2016   1  25  16  30   0  1.8896808782365687e-03 
2016   1  25  17   0   0  1.7750764064186598e-03 
2016   1  25  17  30   0  1.9070007350538805e-03 
2016   1  25  18   0   0  1.7523156370253972e-03 
2016   1  25  18  30   0  1.4419028907797209e-03 
2016   1  25  19   0   0  1.3236335584190634e-03 
2016   1  25  19  30   0  1.6169276169431062e-03 
2016   1  25  20   0   0  1.4641705346027266e-03 
2016   1  25  20  30   0  1.6486832696758766e-03 
2016   1  25  21   0   0  1.3049634789797158e-03 
2016   1  25  21  30   0  1.5807571055197660e-03 
2016   1  25  22   0   0  1.6879044964968361e-03 
2016   1  25  22  30   0  1.6200185741498604e-03 
2016   1  25  23   0   0  1.8013846032722931e-03 
2016   1  25  23  30   0  1.7753998042990486e-03 
2016   1  26   0   0   0  1.6450647189855975e-03 
2016   1  26   0  30   0  1.7975689237786615e-03 
2016   1  26   1   0   0  1.9771444286500414e-03 
2016   1  26   1  30   0  2.0747612715394711e-03 
2016   1  26   2   0   0  1.9812514998337493e-03 
2016   1  26   2  30   0  1.8682673031568170e-03 
2016   1  26   3   0   0  1.8074194734978711e-03 
2016   1  26   3  30   0  1.2806593472776409e-03 
2016   1  26   4   0   0  1.4599963631701206e-03 
2016   1  26   4  30   0  1.2925918515889864e-03 
2016   1  26   5   0   0  1.1739668728462660e-03 
2016   1  26   5  30   0  1.0725309256592946e-03 
2016   1  26   6   0   0  9.3208287841155095e-04 
2016   1  26   6  30   0  6.6616093168180804e-04 
2016   1  26   7   0   0  4.7189946933723917e-04 
2016   1  26   7  30   0  3.9365256271051878e-04 
2016   1  26   8   0   0  3.8385701195752490e-04 
2016   1  26   8  30   0  2.9286547309386352e-04 
2016   1  26   9   0   0  2.1986360271750998e-04 
2016   1  26   9  30   0  2.2123273049579780e-04 
2016   1  26  10   0   0  2.3762747057129850e-04 
2016   1  26  10  30   0  1.9067909799542614e-04 
2016   1  26  11   0   0  2.7333481212003872e-04 
2016   1  26  11  30   0  4.2280150228904390e-04 
2016   1  26  12   0   0  4.6489613456642990e-04 
2016   1  26  12  30   0  6.1420925315787238e-04 
2016   1  26  13   0   0  7.6344229019241635e-04 
2016   1  26  13  30   0  8.6152481902333799e-04 
2016   1  26  14   0   0  1.1324118194632649e-03 
2016   1  26  14  30   0  1.2261481494025555e-03 
2016   1  26  15   0   0  1.2792375666774939e-03 
2016   1  26  15  30   0  1.3008116091934839e-03 
2016   1  26  16   0   0  1.4811002016184747e-03 
2016   1  26  16  30   0  1.4565741936822339e-03 
2016   1  26  17   0   0  1.5476321076244753e-03 
2016   1  26  17  30   0  1.8333241587036640e-03 
2016   1  26  18   0   0  2.1201110061719580e-03 
2016   1  26  18  30   0  2.0098368549696737e-03 
2016   1  26  19   0   0  1.7765178478228272e-03 
2016   1  26  19  30   0  1.5344522797584401e-03 
2016   1  26  20   0   0  1.5317559279480930e-03 
2016   1  26  20  30   0  1.6722032336590590e-03 
2016   1  26  21   0   0  1.7416493270954842e-03 
2016   1  26  21  30   0  1.6238241532649162e-03 
2016   1  26  22   0   0  1.5844597367461050e-03 
2016   1  26  22  30   0  1.5257933826259772e-03 
2016   1  26  23   0   0  1.4141744314200310e-03 
2016   1  26  23  30   0  1.3542050581643831e-03 
2016   1  27   0   0   0  1.3592429774719975e-03 
2016   1  27   0  30   0  1.3594186193984902e-03 
2016   1  27   1   0   0  1.2976588142857386e-03 
2016   1  27   1  30   0  1.2148681375375669e-03 
2016   1  27   2   0   0  1.1751840982511363e-03 
2016   1  27   2  30   0  1.2206807568447232e-03 
2016   1  27   3   0   0  1.2136789422754228e-03 
2016   1  27   3  30   0  1.3969982907965021e-03 
2016   1  27   4   0   0  1.7276655635564029e-03 
2016   1  27   4  30   0  1.9606703037293731e-03 
2016   1  27   5   0   0  2.2060363239145404e-03 
2016   1  27   5  30   0  2.3862344303009694e-03 
2016   1  27   6   0   0  2.2834267131455212e-03 
2016   1  27   6  30   0  2.2881811476867090e-03 
2016   1  27   7   0   0  2.1082837185536184e-03 
2016   1  27   7  30   0  2.0348025232343587e-03 
2016   1  27   8   0   0  2.2001800935621766e-03 
2016   1  27   8  30   0  1.8701496023730182e-03 
2016   1  27   9   0   0  1.5075087450805232e-03 
2016   1  27   9  30   0  1.1731937833523280e-03 
2016   1  27  10   0   0  1.3336081158270602e-03 
2016   1  27  10  30   0  1.0747775561699830e-03 
2016   1  27  11   0   0  8.7916544365256922e-04 
2016   1  27  11  30   0  8.0906823105522381e-04 
2016   1  27  12   0   0  1.0455938828829111e-03 
2016   1  27  12  30   0  1.0883234254905449e-03 
2016   1  27  13   0   0  8.4627700914107927e-04 
2016   1  27  13  30   0  7.6162177332903187e-04 
2016   1  27  14   0   0  7.9262479195391382e-04 
2016   1  27  14  30   0  8.2084825931284897e-04 
2016   1  27  15   0   0  8.1673584031905075e-04 
2016   1  27  15  30   0  8.3962676469809911e-04 
2016   1  27  16   0   0  8.5135774507040215e-04 
2016   1  27  16  30   0  8.5202105425482839e-04 
2016   1  27  17   0   0  9.0083243806406393e-04 
2016   1  27  17  30   0  9.8719899901336303e-04 
2016   1  27  18   0   0  1.0939014625155538e-03 
2016   1  27  18  30   0  1.4348350935247407e-03 
2016   1  27  19   0   0  1.3931880480029999e-03 
2016   1  27  19  30   0  1.2915626446142634e-03 
2016   1  27  20   0   0  1.3412443914091962e-03 
2016   1  27  20  30   0  1.6902063446838300e-03 
2016   1  27  21   0   0  1.5612354572106036e-03 
2016   1  27  21  30   0  1.2539766605689790e-03 
2016   1  27  22   0   0  1.1403247282341592e-03 
2016   1  27  22  30   0  1.1060398984173532e-03 
2016   1  27  23   0   0  1.1345346083964413e-03 
2016   1  27  23  30   0  1.3249970872054749e-03 
2016   1  28   0   0   0  1.5572234666827046e-03 
2016   1  28   0  30   0  1.5603914901867809e-03 
2016   1  28   1   0   0  1.9589871849769965e-03 
2016   1  28   1  30   0  2.5546734603161558e-03 
2016   1  28   2   0   0  2.2489202774989775e-03 
2016   1  28   2  30   0  1.9977050135871000e-03 
2016   1  28   3   0   0  1.6705009404176059e-03 
2016   1  28   3  30   0  1.4414689031020107e-03 
2016   1  28   4   0   0  1.5774640362020429e-03 
2016   1  28   4  30   0  1.6835689476183660e-03 
2016   1  28   5   0   0  1.7253770347578556e-03 
2016   1  28   5  30   0  1.5672391493526726e-03 
2016   1  28   6   0   0  1.3574905479911148e-03 
2016   1  28   6  30   0  1.1745775940257008e-03 
2016   1  28   7   0   0  1.6359460349898308e-03 
2016   1  28   7  30   0  1.6313265191195444e-03 
2016   1  28   8   0   0  1.5954684323773970e-03 
2016   1  28   8  30   0  1.5346772374588689e-03 
2016   1  28   9   0   0  1.4777403990749568e-03 
2016   1  28   9  30   0  1.4182985071353826e-03 
2016   1  28  10   0   0  1.3745862511801046e-03 
2016   1  28  10  30   0  9.2185260458424630e-04 
2016   1  28  11   0   0  2.8650498447391518e-04 
2016   1  28  11  30   0  2.5696243666762855e-04 
2016   1  28  12   0   0  2.6159833278265862e-04 
2016   1  28  12  30   0  2.9686771139979712e-04 
2016   1  28  13   0   0  3.2451628102406622e-04 
2016   1  28  13  30   0  3.0812517982145994e-04 
2016   1  28  14   0   0  6.1793287549920587e-04 
2016   1  28  14  30   0  3.3942552951649957e-04 
2016   1  28  15   0   0  3.5853711950880853e-04 
2016   1  28  15  30   0  3.5338796904365140e-04 
2016   1  28  16   0   0  5.1041043955683417e-04 
2016   1  28  16  30   0  6.2363911841955796e-04 
2016   1  28  17   0   0  5.0402640456568984e-04 
2016   1  28  17  30   0  5.8538221866606601e-04 
2016   1  28  18   0   0  6.3921377885215326e-04 
2016   1  28  18  30   0  4.3734926170848129e-04 
2016   1  28  19   0   0  3.1656069829589893e-04 
2016   1  28  19  30   0  3.1038996133239693e-04 
2016   1  28  20   0   0  4.1420216831305134e-04 
2016   1  28  20  30   0  3.3527790370256632e-04 
2016   1  28  21   0   0  3.5129195817078338e-04 
2016   1  28  21  30   0  4.3504562035036738e-04 
2016   1  28  22   0   0  6.3048403034304844e-04 
2016   1  28  22  30   0  6.3580356617073909e-04 
2016   1  28  23   0   0  6.3632687742691551e-04 
2016   1  28  23  30   0  5.9916795152727814e-04 
2016   1  29   0   0   0  6.6866017566558479e-04 
2016   1  29   0  30   0  1.1228502442462171e-03 
2016   1  29   1   0   0  1.2012383118721757e-03 
2016   1  29   1  30   0  1.2865716622439669e-03 
2016   1  29   2   0   0  1.0892603441895192e-03 
2016   1  29   2  30   0  8.7328009702931995e-04 
2016   1  29   3   0   0  1.1460959260618309e-03 
2016   1  29   3  30   0  8.9601236433756528e-04 
2016   1  29   4   0   0  8.6877335451657407e-04 
2016   1  29   4  30   0  8.5308157007977017e-04 
2016   1  29   5   0   0  1.1006012283983615e-03 
2016   1  29   5  30   0  1.1854286396084342e-03 
2016   1  29   6   0   0  1.3009360218500855e-03 
2016   1  29   6  30   0  1.1951849831850479e-03 
2016   1  29   7   0   0  1.3185325649422250e-03 
2016   1  29   7  30   0  1.1496434337945260e-03 
2016   1  29   8   0   0  1.0875889244077266e-03 
2016   1  29   8  30   0  1.0590334825032138e-03 
2016   1  29   9   0   0  1.1826879514449805e-03 
2016   1  29   9  30   0  1.1602992715224829e-03 
2016   1  29  10   0   0  1.5754258427220045e-03 
2016   1  29  10  30   0  1.6205784947254291e-03 
2016   1  29  11   0   0  1.5535467093156701e-03 
2016   1  29  11  30   0  2.1057254083384491e-03 
2016   1  29  12   0   0  2.4310437575130114e-03 
2016   1  29  12  30   0  3.1729563534569419e-03 
2016   1  29  13   0   0  3.1656997845576507e-03 
2016   1  29  13  30   0  2.4557307300216475e-03 
2016   1  29  14   0   0  2.2736756681963105e-03 
2016   1  29  14  30   0  1.8913255883305493e-03 
2016   1  29  15   0   0  1.4676551251582640e-03 
2016   1  29  15  30   0  1.4299379970269086e-03 
2016   1  29  16   0   0  1.7798722728173027e-03 
2016   1  29  16  30   0  1.8263407422104562e-03 
2016   1  29  17   0   0  1.6616919839268580e-03 
2016   1  29  17  30   0  1.3544535232256276e-03 
2016   1  29  18   0   0  1.4505674624450513e-03 
2016   1  29  18  30   0  2.0368562991566175e-03 
2016   1  29  19   0   0  2.0787282176998405e-03 
2016   1  29  19  30   0  1.6927610440171622e-03 
2016   1  29  20   0   0  1.7494287555785328e-03 
2016   1  29  20  30   0  1.8624690665926494e-03 
2016   1  29  21   0   0  1.5164006533328013e-03 
2016   1  29  21  30   0  1.1903836914981313e-03 
2016   1  29  22   0   0  1.2186014009697990e-03 
2016   1  29  22  30   0  9.3954173543183350e-04 
2016   1  29  23   0   0  7.0967180754177546e-04 
2016   1  29  23  30   0  5.6923973878494427e-04 
2016   1  30   0   0   0  5.5760316637323316e-04 
2016   1  30   0  30   0  5.7045379403209535e-04 
2016   1  30   1   0   0  1.1007674396118386e-03 
2016   1  30   1  30   0  1.3419888601571615e-03 
2016   1  30   2   0   0  1.2938325401874540e-03 
2016   1  30   2  30   0  1.2770526387415027e-03 
2016   1  30   3   0   0  1.2957086952791450e-03 
2016   1  30   3  30   0  1.2961061490785485e-03 
2016   1  30   4   0   0  1.2641715694723047e-03 
2016   1  30   4  30   0  1.2574556740343312e-03 
2016   1  30   5   0   0  1.2473676228150015e-03 
2016   1  30   5  30   0  1.2536061105898576e-03 
2016   1  30   6   0   0  1.1919266549265198e-03 
2016   1  30   6  30   0  1.1436499449859043e-03 
2016   1  30   7   0   0  1.1133110043455576e-03 
2016   1  30   7  30   0  1.0614938777411802e-03 
2016   1  30   8   0   0  1.0616301590919875e-03 
2016   1  30   8  30   0  1.0668030515941444e-03 
2016   1  30   9   0   0  1.0631221976503205e-03 
2016   1  30   9  30   0  1.0628543024597016e-03 
2016   1  30  10   0   0  1.1797329555379569e-03 
2016   1  30  10  30   0  1.1718738194508838e-03 
2016   1  30  11   0   0  1.2280089714973195e-03 
2016   1  30  11  30   0  1.4439150438768670e-03 
2016   1  30  12   0   0  1.5833849179236162e-03 
2016   1  30  12  30   0  1.7409831083055926e-03 
2016   1  30  13   0   0  1.8539357903015468e-03 
2016   1  30  13  30   0  2.0577884713960429e-03 
2016   1  30  14   0   0  1.8680451908256834e-03 
2016   1  30  14  30   0  2.0185593070781594e-03 
2016   1  30  15   0   0  1.9498100591885596e-03 
2016   1  30  15  30   0  1.8857345484394527e-03 
2016   1  30  16   0   0  1.9510260680564134e-03 
2016   1  30  16  30   0  2.1757792039684026e-03 
2016   1  30  17   0   0  2.4633316810879378e-03 
2016   1  30  17  30   0  2.5378917425326313e-03 
2016   1  30  18   0   0  2.8001528593607984e-03 
2016   1  30  18  30   0  2.9638557375722984e-03 
2016   1  30  19   0   0  2.9111075594702557e-03 
2016   1  30  19  30   0  2.6431899309488265e-03 
2016   1  30  20   0   0  2.2807094419184824e-03 
2016   1  30  20  30   0  2.0939679707172132e-03 
2016   1  30  21   0   0  1.9919063934752414e-03 
2016   1  30  21  30   0  3.0240382562831255e-03 
2016   1  30  22   0   0  1.6172876926341248e-03 
2016   1  30  22  30   0  1.5737671152086968e-03 
2016   1  30  23   0   0  1.6479061475840010e-03 
2016   1  30  23  30   0  1.6068342061096670e-03 
2016   1  31   0   0   0  1.5416759278451568e-03 
2016   1  31   0  30   0  1.5290491983257542e-03 
2016   1  31   1   0   0  1.4103131371530704e-03 
2016   1  31   1  30   0  1.2757049907118696e-03 
2016   1  31   2   0   0  1.2422739845304139e-03 
2016   1  31   2  30   0  1.1823503858976736e-03 
2016   1  31   3   0   0  1.1660004379342426e-03 
2016   1  31   3  30   0  1.1591379062866486e-03 
2016   1  31   4   0   0  1.1451251814875655e-03 
2016   1  31   4  30   0  1.1468815223256447e-03 
2016   1  31   5   0   0  1.1314420055914534e-03 
2016   1  31   5  30   0  1.1285128310484780e-03 
2016   1  31   6   0   0  1.0680451204260445e-03 
2016   1  31   6  30   0  1.0267846447152107e-03 
2016   1  31   7   0   0  9.8580160871416861e-04 
2016   1  31   7  30   0  1.0989585461034389e-03 
2016   1  31   8   0   0  1.0152340563610719e-03 
2016   1  31   8  30   0  9.6797533185891539e-04 
2016   1  31   9   0   0  8.9692470019893183e-04 
2016   1  31   9  30   0  8.8493884092995245e-04 
2016   1  31  10   0   0  9.2439842961345125e-04 
2016   1  31  10  30   0  9.5368302665913723e-04 
2016   1  31  11   0   0  9.7590639479118544e-04 
2016   1  31  11  30   0  1.0506837257473485e-03 
2016   1  31  12   0   0  1.1233694048867939e-03 
2016   1  31  12  30   0  1.1986033683331048e-03 
2016   1  31  13   0   0  1.2470523267334706e-03 
2016   1  31  13  30   0  1.4236927838457037e-03 
2016   1  31  14   0   0  1.4853669197238501e-03 
2016   1  31  14  30   0  1.2022090584198762e-03 
2016   1  31  15   0   0  1.0275313527278679e-03 
2016   1  31  15  30   0  1.0580155898909018e-03 
2016   1  31  16   0   0  1.0680409546854790e-03 
2016   1  31  16  30   0  1.0319037015828671e-03 
2016   1  31  17   0   0  1.1349627199610040e-03 
2016   1  31  17  30   0  1.1103152849748310e-03 
2016   1  31  18   0   0  1.1944301380634593e-03 
2016   1  31  18  30   0  1.3597860670823720e-03 
2016   1  31  19   0   0  1.6127983259954406e-03 
2016   1  31  19  30   0  1.9654996839379357e-03 
2016   1  31  20   0   0  1.7666910489095458e-03 
2016   1  31  20  30   0  1.5693373190319893e-03 
2016   1  31  21   0   0  1.6753488282030171e-03 
2016   1  31  21  30   0  1.7083829538253408e-03 
2016   1  31  22   0   0  1.8400186533317367e-03 
2016   1  31  22  30   0  2.0425761334272419e-03 
2016   1  31  23   0   0  1.8770317868297664e-03 
2016   1  31  23  30   0  1.7691916077557162e-03 
2016   2   1   0   0   0  1.7691916077557162e-03 
