   0   0   0   0   0   0  0.007412 
2016   9   1   0   0   0  7.4117194082352874e-03 
2016   9   1   0  30   0  5.8831987901812313e-03 
2016   9   1   1   0   0  5.2334175170376494e-03 
2016   9   1   1  30   0  5.1239636776958912e-03 
2016   9   1   2   0   0  5.1562796740929019e-03 
2016   9   1   2  30   0  5.3495230709578092e-03 
2016   9   1   3   0   0  5.5299311221936017e-03 
2016   9   1   3  30   0  5.5894529806733368e-03 
2016   9   1   4   0   0  5.6598730735845917e-03 
2016   9   1   4  30   0  5.7778517203556342e-03 
2016   9   1   5   0   0  5.8230064012088582e-03 
2016   9   1   5  30   0  6.1495957783465434e-03 
2016   9   1   6   0   0  6.1939563865780721e-03 
2016   9   1   6  30   0  6.5425819457161829e-03 
2016   9   1   7   0   0  6.8682126240131565e-03 
2016   9   1   7  30   0  7.3023928461678645e-03 
2016   9   1   8   0   0  8.9416870440860649e-03 
2016   9   1   8  30   0  9.0144161552192913e-03 
2016   9   1   9   0   0  9.5747239986260536e-03 
2016   9   1   9  30   0  9.8487536588069587e-03 
2016   9   1  10   0   0  9.7119470052792183e-03 
2016   9   1  10  30   0  1.0013324547682452e-02 
2016   9   1  11   0   0  9.9090392998367402e-03 
2016   9   1  11  30   0  1.0055321054381635e-02 
2016   9   1  12   0   0  9.9910881091121295e-03 
2016   9   1  12  30   0  9.9080371191627142e-03 
2016   9   1  13   0   0  9.9542585544893682e-03 
2016   9   1  13  30   0  9.7534162955426520e-03 
2016   9   1  14   0   0  9.7836201914387189e-03 
2016   9   1  14  30   0  9.5919647726034653e-03 
2016   9   1  15   0   0  9.8163627400010590e-03 
2016   9   1  15  30   0  1.0466781465457053e-02 
2016   9   1  16   0   0  1.0171370601590929e-02 
2016   9   1  16  30   0  9.2058230455555768e-03 
2016   9   1  17   0   0  7.8262462037118202e-03 
2016   9   1  17  30   0  7.1498606676346733e-03 
2016   9   1  18   0   0  7.4815438432187711e-03 
2016   9   1  18  30   0  8.0245578934813652e-03 
2016   9   1  19   0   0  8.2796567434861752e-03 
2016   9   1  19  30   0  8.4346617612898432e-03 
2016   9   1  20   0   0  8.3094888440243299e-03 
2016   9   1  20  30   0  8.1204607993699690e-03 
2016   9   1  21   0   0  7.9994786093560508e-03 
2016   9   1  21  30   0  8.1022780198393152e-03 
2016   9   1  22   0   0  8.1695029905652482e-03 
2016   9   1  22  30   0  8.2843963897357292e-03 
2016   9   1  23   0   0  8.5387532973675226e-03 
2016   9   1  23  30   0  8.7271515706928132e-03 
2016   9   2   0   0   0  9.2468499550944876e-03 
2016   9   2   0  30   0  9.7542706551805979e-03 
2016   9   2   1   0   0  1.0163868345912232e-02 
2016   9   2   1  30   0  1.0262812094375027e-02 
2016   9   2   2   0   0  1.0401417813704152e-02 
2016   9   2   2  30   0  1.0596677715116852e-02 
2016   9   2   3   0   0  1.0620554394780615e-02 
2016   9   2   3  30   0  1.0183505440312303e-02 
2016   9   2   4   0   0  1.0066439698389060e-02 
2016   9   2   4  30   0  9.6643215085384301e-03 
2016   9   2   5   0   0  9.1237062686075569e-03 
2016   9   2   5  30   0  8.3980422127121427e-03 
2016   9   2   6   0   0  7.7097770036439047e-03 
2016   9   2   6  30   0  7.2268226851747250e-03 
2016   9   2   7   0   0  7.0231307889828823e-03 
2016   9   2   7  30   0  6.8406149264559285e-03 
2016   9   2   8   0   0  6.9420679854577186e-03 
2016   9   2   8  30   0  6.7695904069011497e-03 
2016   9   2   9   0   0  6.8677981575022053e-03 
2016   9   2   9  30   0  6.4307096513038118e-03 
2016   9   2  10   0   0  8.9441036738484025e-03 
2016   9   2  10  30   0  6.7514775072900716e-03 
2016   9   2  11   0   0  6.6087099811066984e-03 
2016   9   2  11  30   0  6.2421541043499772e-03 
2016   9   2  12   0   0  6.2033263593954079e-03 
2016   9   2  12  30   0  5.8978381783871192e-03 
2016   9   2  13   0   0  6.1080907131333753e-03 
2016   9   2  13  30   0  6.1263568326669904e-03 
2016   9   2  14   0   0  5.7206251260506725e-03 
2016   9   2  14  30   0  5.1552696508822661e-03 
2016   9   2  15   0   0  5.1601935515064867e-03 
2016   9   2  15  30   0  5.3371961260866296e-03 
2016   9   2  16   0   0  5.6264814296560963e-03 
2016   9   2  16  30   0  6.0805222767901582e-03 
2016   9   2  17   0   0  6.4287889155277174e-03 
2016   9   2  17  30   0  5.1641743067000201e-03 
2016   9   2  18   0   0  4.9434846408630351e-03 
2016   9   2  18  30   0  3.5651518159157724e-03 
2016   9   2  19   0   0  2.7447915605644429e-03 
2016   9   2  19  30   0  2.3923601530424954e-03 
2016   9   2  20   0   0  2.4583396409425303e-03 
2016   9   2  20  30   0  2.5243507182466248e-03 
2016   9   2  21   0   0  2.7586535794649194e-03 
2016   9   2  21  30   0  3.2229284063661134e-03 
2016   9   2  22   0   0  3.4329789185338125e-03 
2016   9   2  22  30   0  3.7528980932471628e-03 
2016   9   2  23   0   0  3.8005204487486107e-03 
2016   9   2  23  30   0  3.9918062459852674e-03 
2016   9   3   0   0   0  4.2740073459044967e-03 
2016   9   3   0  30   0  4.3526700855954399e-03 
2016   9   3   1   0   0  4.2429667208413934e-03 
2016   9   3   1  30   0  4.1286581130677222e-03 
2016   9   3   2   0   0  4.0343600347917934e-03 
2016   9   3   2  30   0  3.9754931185141456e-03 
2016   9   3   3   0   0  4.0829302705145017e-03 
2016   9   3   3  30   0  4.1332815936036610e-03 
2016   9   3   4   0   0  4.1349076052857306e-03 
2016   9   3   4  30   0  4.3029152372561566e-03 
2016   9   3   5   0   0  4.5261744545269256e-03 
2016   9   3   5  30   0  4.5048020983268714e-03 
2016   9   3   6   0   0  4.5935448702104677e-03 
2016   9   3   6  30   0  4.5378263672837807e-03 
2016   9   3   7   0   0  4.7359522800914733e-03 
2016   9   3   7  30   0  5.7610795685051810e-03 
2016   9   3   8   0   0  9.7155250696801011e-03 
2016   9   3   8  30   0  7.7275914159571444e-03 
2016   9   3   9   0   0  4.5344620132401836e-03 
2016   9   3   9  30   0  3.3319942043361474e-03 
2016   9   3  10   0   0  3.1520183536183411e-03 
2016   9   3  10  30   0  3.8708165816359794e-03 
2016   9   3  11   0   0  3.7723852692804279e-03 
2016   9   3  11  30   0  3.9481287866239365e-03 
2016   9   3  12   0   0  3.5542969708017868e-03 
2016   9   3  12  30   0  3.9823663484487700e-03 
2016   9   3  13   0   0  4.1241090734722872e-03 
2016   9   3  13  30   0  4.1552538919173015e-03 
2016   9   3  14   0   0  4.1317963876953100e-03 
2016   9   3  14  30   0  3.8232184883786272e-03 
2016   9   3  15   0   0  3.8192962728344922e-03 
2016   9   3  15  30   0  4.0885855856099803e-03 
2016   9   3  16   0   0  4.2516837113457428e-03 
2016   9   3  16  30   0  4.4474832413959747e-03 
2016   9   3  17   0   0  5.3960461531618034e-03 
2016   9   3  17  30   0  5.9430500532849677e-03 
2016   9   3  18   0   0  5.1794523279320289e-03 
2016   9   3  18  30   0  5.0484774311663752e-03 
2016   9   3  19   0   0  5.3846121616472151e-03 
2016   9   3  19  30   0  5.5445290436729857e-03 
2016   9   3  20   0   0  5.6246004976389279e-03 
2016   9   3  20  30   0  5.7582301662772858e-03 
2016   9   3  21   0   0  5.7215551310208198e-03 
2016   9   3  21  30   0  5.4245115143838306e-03 
2016   9   3  22   0   0  4.8046852039260977e-03 
2016   9   3  22  30   0  4.4348101083547340e-03 
2016   9   3  23   0   0  4.9164454899588168e-03 
2016   9   3  23  30   0  5.0776995224669323e-03 
2016   9   4   0   0   0  5.0130594671194849e-03 
2016   9   4   0  30   0  5.2275738865573624e-03 
2016   9   4   1   0   0  5.2172154636262544e-03 
2016   9   4   1  30   0  4.8622478138435204e-03 
2016   9   4   2   0   0  4.9226945571531943e-03 
2016   9   4   2  30   0  5.5140079922427476e-03 
2016   9   4   3   0   0  5.0314610519874778e-03 
2016   9   4   3  30   0  4.5993184391591646e-03 
2016   9   4   4   0   0  4.0821483966377017e-03 
2016   9   4   4  30   0  3.8504128755522740e-03 
2016   9   4   5   0   0  3.4634928431542542e-03 
2016   9   4   5  30   0  2.9767899210746871e-03 
2016   9   4   6   0   0  2.6768133600799451e-03 
2016   9   4   6  30   0  2.4081386081378922e-03 
2016   9   4   7   0   0  2.1348398182425782e-03 
2016   9   4   7  30   0  2.1100136213095420e-03 
2016   9   4   8   0   0  2.4708391406883818e-03 
2016   9   4   8  30   0  2.4809522458769410e-03 
2016   9   4   9   0   0  2.3723814949305972e-03 
2016   9   4   9  30   0  2.3676806804306841e-03 
2016   9   4  10   0   0  2.3232040650571785e-03 
2016   9   4  10  30   0  2.7067176496441019e-03 
2016   9   4  11   0   0  3.3081050385214486e-03 
2016   9   4  11  30   0  2.8926286501140173e-03 
2016   9   4  12   0   0  2.7624144972320354e-03 
2016   9   4  12  30   0  2.3576478854496936e-03 
2016   9   4  13   0   0  1.9781331403555783e-03 
2016   9   4  13  30   0  1.8830644015042012e-03 
2016   9   4  14   0   0  1.9016189084031705e-03 
2016   9   4  14  30   0  1.5532630413626720e-03 
2016   9   4  15   0   0  1.8239201044858199e-03 
2016   9   4  15  30   0  1.7173453762135220e-03 
2016   9   4  16   0   0  1.8153207658108200e-03 
2016   9   4  16  30   0  1.6373946554258463e-03 
2016   9   4  17   0   0  1.4138580925924552e-03 
2016   9   4  17  30   0  1.6740431622414124e-03 
2016   9   4  18   0   0  2.0048702459824234e-03 
2016   9   4  18  30   0  1.9581164296060081e-03 
2016   9   4  19   0   0  2.2699666139822578e-03 
2016   9   4  19  30   0  2.3803969124318197e-03 
2016   9   4  20   0   0  2.4127056092258354e-03 
2016   9   4  20  30   0  2.4001694275424508e-03 
2016   9   4  21   0   0  2.5433732610869188e-03 
2016   9   4  21  30   0  2.7944729292079342e-03 
2016   9   4  22   0   0  3.3768609199030250e-03 
2016   9   4  22  30   0  4.6513870554253890e-03 
2016   9   4  23   0   0  5.9506471439419173e-03 
2016   9   4  23  30   0  6.6378165114938485e-03 
2016   9   5   0   0   0  6.8715289565328755e-03 
2016   9   5   0  30   0  6.8974388273128360e-03 
2016   9   5   1   0   0  6.9040000836712006e-03 
2016   9   5   1  30   0  6.4960024062009729e-03 
2016   9   5   2   0   0  6.1203323040422428e-03 
2016   9   5   2  30   0  6.0844934019840379e-03 
2016   9   5   3   0   0  5.9372500217209937e-03 
2016   9   5   3  30   0  5.7533403093578883e-03 
2016   9   5   4   0   0  5.6583272785159016e-03 
2016   9   5   4  30   0  5.6638152450421177e-03 
2016   9   5   5   0   0  5.4957065117977530e-03 
2016   9   5   5  30   0  5.4202506160380788e-03 
2016   9   5   6   0   0  5.5878768229451741e-03 
2016   9   5   6  30   0  5.2836309481487315e-03 
2016   9   5   7   0   0  5.2934901183646693e-03 
2016   9   5   7  30   0  5.2199670361462074e-03 
2016   9   5   8   0   0  5.0796838956167238e-03 
2016   9   5   8  30   0  5.0521988191856333e-03 
2016   9   5   9   0   0  5.1717557093867916e-03 
2016   9   5   9  30   0  5.3564839908300981e-03 
2016   9   5  10   0   0  5.3451919910458764e-03 
2016   9   5  10  30   0  5.1464807786979552e-03 
2016   9   5  11   0   0  6.0715006118779212e-03 
2016   9   5  11  30   0  6.4463359903683482e-03 
2016   9   5  12   0   0  5.7878533908381023e-03 
2016   9   5  12  30   0  4.6059384730953628e-03 
2016   9   5  13   0   0  3.8778543629585838e-03 
2016   9   5  13  30   0  2.7405755378570049e-03 
2016   9   5  14   0   0  2.2652193739355086e-03 
2016   9   5  14  30   0  2.3427804555406499e-03 
2016   9   5  15   0   0  2.5945802501173639e-03 
2016   9   5  15  30   0  2.8535130534698798e-03 
2016   9   5  16   0   0  3.3946900286856798e-03 
2016   9   5  16  30   0  3.5782998513854752e-03 
2016   9   5  17   0   0  3.1996744486495407e-03 
2016   9   5  17  30   0  2.9380454210455017e-03 
2016   9   5  18   0   0  2.6952259918638145e-03 
2016   9   5  18  30   0  2.6931831290086458e-03 
2016   9   5  19   0   0  2.9662821588442804e-03 
2016   9   5  19  30   0  2.8595804689301209e-03 
2016   9   5  20   0   0  2.9165284716224683e-03 
2016   9   5  20  30   0  3.1547914371842208e-03 
2016   9   5  21   0   0  3.2261859099521656e-03 
2016   9   5  21  30   0  3.3179541114849061e-03 
2016   9   5  22   0   0  3.3571236357275692e-03 
2016   9   5  22  30   0  3.3063140606655319e-03 
2016   9   5  23   0   0  3.3811330026715385e-03 
2016   9   5  23  30   0  3.6675646356694120e-03 
2016   9   6   0   0   0  4.0104653358048201e-03 
2016   9   6   0  30   0  3.8658577294078890e-03 
2016   9   6   1   0   0  4.0736974320811142e-03 
2016   9   6   1  30   0  4.2561489278403631e-03 
2016   9   6   2   0   0  3.8749685783712544e-03 
2016   9   6   2  30   0  3.7489029923235564e-03 
2016   9   6   3   0   0  3.4577629012478022e-03 
2016   9   6   3  30   0  3.1674640476939287e-03 
2016   9   6   4   0   0  3.0374170022298900e-03 
2016   9   6   4  30   0  3.2254146789037013e-03 
2016   9   6   5   0   0  3.3144111276641845e-03 
2016   9   6   5  30   0  3.4513587505973164e-03 
2016   9   6   6   0   0  3.2918139628175182e-03 
2016   9   6   6  30   0  4.8060927401006480e-03 
2016   9   6   7   0   0  4.3942749447519061e-03 
2016   9   6   7  30   0  4.1690706779147074e-03 
2016   9   6   8   0   0  4.0430145064250201e-03 
2016   9   6   8  30   0  4.2900630669530926e-03 
2016   9   6   9   0   0  4.0301741412068380e-03 
2016   9   6   9  30   0  3.7700732868785687e-03 
2016   9   6  10   0   0  3.8053492472275101e-03 
2016   9   6  10  30   0  3.6384174676276364e-03 
2016   9   6  11   0   0  3.9130810058859459e-03 
2016   9   6  11  30   0  3.9110597295741829e-03 
2016   9   6  12   0   0  4.0167316839738280e-03 
2016   9   6  12  30   0  4.0685911363356961e-03 
2016   9   6  13   0   0  4.3011013695758811e-03 
2016   9   6  13  30   0  4.7672485419666382e-03 
2016   9   6  14   0   0  5.5289022667153326e-03 
2016   9   6  14  30   0  5.3968896366771652e-03 
2016   9   6  15   0   0  5.2181232374483681e-03 
2016   9   6  15  30   0  5.4100780051833542e-03 
2016   9   6  16   0   0  5.7579487042527929e-03 
2016   9   6  16  30   0  5.8149922059015577e-03 
2016   9   6  17   0   0  5.8204638621143752e-03 
2016   9   6  17  30   0  6.1992646336704125e-03 
2016   9   6  18   0   0  6.4307754990916080e-03 
2016   9   6  18  30   0  6.3582713791310646e-03 
2016   9   6  19   0   0  6.0139270331036150e-03 
2016   9   6  19  30   0  5.8339158727472636e-03 
2016   9   6  20   0   0  6.0330749218583850e-03 
2016   9   6  20  30   0  6.2825422412915435e-03 
2016   9   6  21   0   0  6.4785256694300302e-03 
2016   9   6  21  30   0  6.6787830071837334e-03 
2016   9   6  22   0   0  6.7608278072729218e-03 
2016   9   6  22  30   0  6.8643089779696111e-03 
2016   9   6  23   0   0  6.8583132863046367e-03 
2016   9   6  23  30   0  6.6282121443330686e-03 
2016   9   7   0   0   0  6.3392806709004386e-03 
2016   9   7   0  30   0  6.1596853670950131e-03 
2016   9   7   1   0   0  6.0493595688625246e-03 
2016   9   7   1  30   0  5.9306970299598163e-03 
2016   9   7   2   0   0  5.8035312103162252e-03 
2016   9   7   2  30   0  5.4039192784414948e-03 
2016   9   7   3   0   0  5.1138841580479757e-03 
2016   9   7   3  30   0  4.8664885661253180e-03 
2016   9   7   4   0   0  4.5729010483569641e-03 
2016   9   7   4  30   0  4.4040468909278541e-03 
2016   9   7   5   0   0  4.2164367600607865e-03 
2016   9   7   5  30   0  4.2633819395976168e-03 
2016   9   7   6   0   0  4.1087636286961998e-03 
2016   9   7   6  30   0  4.0349613323254147e-03 
2016   9   7   7   0   0  4.1436249975731337e-03 
2016   9   7   7  30   0  3.8647611965502400e-03 
2016   9   7   8   0   0  4.1159650808053044e-03 
2016   9   7   8  30   0  4.0987516216543229e-03 
2016   9   7   9   0   0  3.9048011535866827e-03 
2016   9   7   9  30   0  4.6911282391054240e-03 
2016   9   7  10   0   0  3.7589063264994917e-03 
2016   9   7  10  30   0  3.3828313525674889e-03 
2016   9   7  11   0   0  2.8495649164318585e-03 
2016   9   7  11  30   0  2.6808679338841128e-03 
2016   9   7  12   0   0  2.2719417962387850e-03 
2016   9   7  12  30   0  1.9111061262644345e-03 
2016   9   7  13   0   0  1.6177577649256296e-03 
2016   9   7  13  30   0  1.8927037797271840e-03 
2016   9   7  14   0   0  2.0684599814598005e-03 
2016   9   7  14  30   0  2.0265945101405423e-03 
2016   9   7  15   0   0  2.2501303174826430e-03 
2016   9   7  15  30   0  2.3466943776182525e-03 
2016   9   7  16   0   0  2.1316824592728105e-03 
2016   9   7  16  30   0  1.9797331679536974e-03 
2016   9   7  17   0   0  2.3048893398592177e-03 
2016   9   7  17  30   0  2.3277015193790074e-03 
2016   9   7  18   0   0  2.3041990732165993e-03 
2016   9   7  18  30   0  2.5100275012565152e-03 
2016   9   7  19   0   0  2.4881774328548802e-03 
2016   9   7  19  30   0  2.5909117632196684e-03 
2016   9   7  20   0   0  2.7234556350111809e-03 
2016   9   7  20  30   0  2.3242111773041064e-03 
2016   9   7  21   0   0  2.0283046071611251e-03 
2016   9   7  21  30   0  1.5542567987035234e-03 
2016   9   7  22   0   0  1.1217715109572693e-03 
2016   9   7  22  30   0  1.1004231398770209e-03 
2016   9   7  23   0   0  9.6933970744011761e-04 
2016   9   7  23  30   0  9.5074297895062258e-04 
2016   9   8   0   0   0  9.5056963109349827e-04 
2016   9   8   0  30   0  9.6714948047192694e-04 
2016   9   8   1   0   0  1.0156984279760485e-03 
2016   9   8   1  30   0  1.0483275311552634e-03 
2016   9   8   2   0   0  1.0870058647223567e-03 
2016   9   8   2  30   0  1.0821036921995332e-03 
2016   9   8   3   0   0  1.0705718809358171e-03 
2016   9   8   3  30   0  1.0973126670985236e-03 
2016   9   8   4   0   0  1.1050315022096881e-03 
2016   9   8   4  30   0  1.1277847282399590e-03 
2016   9   8   5   0   0  1.1626250259091809e-03 
2016   9   8   5  30   0  1.2173043560126989e-03 
2016   9   8   6   0   0  1.2472653997953232e-03 
2016   9   8   6  30   0  1.2293002334733845e-03 
2016   9   8   7   0   0  1.1889515726804713e-03 
2016   9   8   7  30   0  1.1695303257824512e-03 
2016   9   8   8   0   0  1.1509717791547420e-03 
2016   9   8   8  30   0  1.3540292535891250e-03 
2016   9   8   9   0   0  1.5605652144660739e-03 
2016   9   8   9  30   0  1.7117541678470785e-03 
2016   9   8  10   0   0  1.7574461918627101e-03 
2016   9   8  10  30   0  1.8193383481942688e-03 
2016   9   8  11   0   0  1.8065344998272085e-03 
2016   9   8  11  30   0  1.9735267059358829e-03 
2016   9   8  12   0   0  1.8469387682307718e-03 
2016   9   8  12  30   0  1.8586155511919680e-03 
2016   9   8  13   0   0  2.1334912825717697e-03 
2016   9   8  13  30   0  2.3791185201103493e-03 
2016   9   8  14   0   0  2.4009609192222102e-03 
2016   9   8  14  30   0  2.5423346761777343e-03 
2016   9   8  15   0   0  2.8123565800337686e-03 
2016   9   8  15  30   0  3.1382316430584711e-03 
2016   9   8  16   0   0  3.3049236218228245e-03 
2016   9   8  16  30   0  3.2405888790535504e-03 
2016   9   8  17   0   0  3.2721123164442529e-03 
2016   9   8  17  30   0  3.3836391975482377e-03 
2016   9   8  18   0   0  3.8063877224130578e-03 
2016   9   8  18  30   0  3.8924261404145216e-03 
2016   9   8  19   0   0  3.9689807190838467e-03 
2016   9   8  19  30   0  4.0179599500071465e-03 
2016   9   8  20   0   0  3.9469671029785493e-03 
2016   9   8  20  30   0  3.8852318115457519e-03 
2016   9   8  21   0   0  3.9696788108820975e-03 
2016   9   8  21  30   0  4.0458795559400861e-03 
2016   9   8  22   0   0  4.1518192303269296e-03 
2016   9   8  22  30   0  4.1216021043750271e-03 
2016   9   8  23   0   0  4.3625163984045874e-03 
2016   9   8  23  30   0  4.4287248392525383e-03 
2016   9   9   0   0   0  4.5595108655632289e-03 
2016   9   9   0  30   0  4.3910145764984908e-03 
2016   9   9   1   0   0  4.3896042548746805e-03 
2016   9   9   1  30   0  4.5194692042435890e-03 
2016   9   9   2   0   0  4.4108980909192503e-03 
2016   9   9   2  30   0  4.7934613159644228e-03 
2016   9   9   3   0   0  4.9290111330351633e-03 
2016   9   9   3  30   0  4.8196210321680231e-03 
2016   9   9   4   0   0  4.7033081929205274e-03 
2016   9   9   4  30   0  4.7202323986101028e-03 
2016   9   9   5   0   0  4.7132227092429087e-03 
2016   9   9   5  30   0  5.0766611690280039e-03 
2016   9   9   6   0   0  4.6197373822366543e-03 
2016   9   9   6  30   0  4.7385732049853736e-03 
2016   9   9   7   0   0  4.6428951887844726e-03 
2016   9   9   7  30   0  4.6095574845382405e-03 
2016   9   9   8   0   0  4.8211778704236718e-03 
2016   9   9   8  30   0  5.2171426456927720e-03 
2016   9   9   9   0   0  4.9838052863167412e-03 
2016   9   9   9  30   0  5.0997478623579073e-03 
2016   9   9  10   0   0  4.6289267839180193e-03 
2016   9   9  10  30   0  3.9992023448186800e-03 
2016   9   9  11   0   0  4.5017240188653706e-03 
2016   9   9  11  30   0  4.3924457824265828e-03 
2016   9   9  12   0   0  4.6778324900507672e-03 
2016   9   9  12  30   0  4.1608798323647112e-03 
2016   9   9  13   0   0  3.7354788772674791e-03 
2016   9   9  13  30   0  3.3946179526498561e-03 
2016   9   9  14   0   0  2.8680712551889852e-03 
2016   9   9  14  30   0  2.8500104513059289e-03 
2016   9   9  15   0   0  3.0351296164635349e-03 
2016   9   9  15  30   0  3.1970602356097763e-03 
2016   9   9  16   0   0  3.0224441113239275e-03 
2016   9   9  16  30   0  2.8901854279451415e-03 
2016   9   9  17   0   0  2.9853896314147770e-03 
2016   9   9  17  30   0  3.1492866828184418e-03 
2016   9   9  18   0   0  3.2781159647942626e-03 
2016   9   9  18  30   0  3.3362290803456880e-03 
2016   9   9  19   0   0  3.4742474491149494e-03 
2016   9   9  19  30   0  4.1337912597628080e-03 
2016   9   9  20   0   0  7.5606283922673677e-03 
2016   9   9  20  30   0  5.7298990016738634e-03 
2016   9   9  21   0   0  5.0753614309999133e-03 
2016   9   9  21  30   0  5.4314871605355922e-03 
2016   9   9  22   0   0  6.7263741903236304e-03 
2016   9   9  22  30   0  1.0163945228635968e-02 
2016   9   9  23   0   0  8.5772711176950508e-03 
2016   9   9  23  30   0  7.5970655907778312e-03 
2016   9  10   0   0   0  7.9530769669333614e-03 
2016   9  10   0  30   0  8.3855063105643286e-03 
2016   9  10   1   0   0  9.1347693803088357e-03 
2016   9  10   1  30   0  9.7393031953589022e-03 
2016   9  10   2   0   0  9.8626188097634959e-03 
2016   9  10   2  30   0  9.9859229966690298e-03 
2016   9  10   3   0   0  9.3668453049631784e-03 
2016   9  10   3  30   0  9.0810260060251811e-03 
2016   9  10   4   0   0  8.7148635190784640e-03 
2016   9  10   4  30   0  7.9274332259265026e-03 
2016   9  10   5   0   0  7.5124905916786585e-03 
2016   9  10   5  30   0  7.2810343091375381e-03 
2016   9  10   6   0   0  7.0729708662721786e-03 
2016   9  10   6  30   0  7.1127376395195502e-03 
2016   9  10   7   0   0  6.8858968321179256e-03 
2016   9  10   7  30   0  6.4564196632404857e-03 
2016   9  10   8   0   0  5.8125484234046211e-03 
2016   9  10   8  30   0  5.4524274720866919e-03 
2016   9  10   9   0   0  5.8356793654712443e-03 
2016   9  10   9  30   0  5.9078518630564965e-03 
2016   9  10  10   0   0  6.1980980013878230e-03 
2016   9  10  10  30   0  5.8083426643099605e-03 
2016   9  10  11   0   0  5.1631702560602215e-03 
2016   9  10  11  30   0  4.8492136765629010e-03 
2016   9  10  12   0   0  5.0725017456880904e-03 
2016   9  10  12  30   0  5.1719747292514710e-03 
2016   9  10  13   0   0  5.0336369160152352e-03 
2016   9  10  13  30   0  5.0671667893871057e-03 
2016   9  10  14   0   0  5.7493802819597647e-03 
2016   9  10  14  30   0  7.3834995989879538e-03 
2016   9  10  15   0   0  7.8167430455359701e-03 
2016   9  10  15  30   0  7.9713987427862381e-03 
2016   9  10  16   0   0  9.1274839061003567e-03 
2016   9  10  16  30   0  9.9746675464059045e-03 
2016   9  10  17   0   0  1.0050128020138046e-02 
2016   9  10  17  30   0  1.0100575544310406e-02 
2016   9  10  18   0   0  1.0175258854300458e-02 
2016   9  10  18  30   0  1.0315598369238474e-02 
2016   9  10  19   0   0  1.0695983054152789e-02 
2016   9  10  19  30   0  1.0492202148595840e-02 
2016   9  10  20   0   0  1.0754035485426965e-02 
2016   9  10  20  30   0  1.0481068775816345e-02 
2016   9  10  21   0   0  8.5097307321025401e-03 
2016   9  10  21  30   0  7.9265851650436401e-03 
2016   9  10  22   0   0  7.8634612255838350e-03 
2016   9  10  22  30   0  8.0516171952403348e-03 
2016   9  10  23   0   0  8.1503435725808360e-03 
2016   9  10  23  30   0  8.1749544533919142e-03 
2016   9  11   0   0   0  7.9789316268370665e-03 
2016   9  11   0  30   0  7.7555235886210445e-03 
2016   9  11   1   0   0  8.0331703458319352e-03 
2016   9  11   1  30   0  7.7103383718515441e-03 
2016   9  11   2   0   0  8.1777012183769666e-03 
2016   9  11   2  30   0  7.6213158030917346e-03 
2016   9  11   3   0   0  7.6715128252681022e-03 
2016   9  11   3  30   0  7.3534853211558050e-03 
2016   9  11   4   0   0  7.2987436207298138e-03 
2016   9  11   4  30   0  7.4754504157107165e-03 
2016   9  11   5   0   0  7.6389698033911563e-03 
2016   9  11   5  30   0  7.7169576901789470e-03 
2016   9  11   6   0   0  7.1648639386025694e-03 
2016   9  11   6  30   0  7.7595384484366019e-03 
2016   9  11   7   0   0  7.5819230844597464e-03 
2016   9  11   7  30   0  7.9961460312047723e-03 
2016   9  11   8   0   0  8.0371394599835361e-03 
2016   9  11   8  30   0  7.7193853373525639e-03 
2016   9  11   9   0   0  7.3477152192566687e-03 
2016   9  11   9  30   0  7.0702043052256877e-03 
2016   9  11  10   0   0  7.4341631110470888e-03 
2016   9  11  10  30   0  7.0034161067484687e-03 
2016   9  11  11   0   0  6.4667541393452861e-03 
2016   9  11  11  30   0  6.4159487450067710e-03 
2016   9  11  12   0   0  6.8969018192473605e-03 
2016   9  11  12  30   0  7.2290862794891228e-03 
2016   9  11  13   0   0  7.4545815694060154e-03 
2016   9  11  13  30   0  7.1237858032201316e-03 
2016   9  11  14   0   0  6.4483162852788751e-03 
2016   9  11  14  30   0  5.8972599794441553e-03 
2016   9  11  15   0   0  5.9306239130945881e-03 
2016   9  11  15  30   0  6.1379849997479892e-03 
2016   9  11  16   0   0  6.1739986067202287e-03 
2016   9  11  16  30   0  6.1871204762193547e-03 
2016   9  11  17   0   0  5.8357070510039596e-03 
2016   9  11  17  30   0  5.5276077279573180e-03 
2016   9  11  18   0   0  5.8003708937264141e-03 
2016   9  11  18  30   0  5.9925056701993227e-03 
2016   9  11  19   0   0  6.7472362243861835e-03 
2016   9  11  19  30   0  7.2687424769207866e-03 
2016   9  11  20   0   0  7.1045140162163557e-03 
2016   9  11  20  30   0  7.2213469318512854e-03 
2016   9  11  21   0   0  7.3877128516117684e-03 
2016   9  11  21  30   0  7.6808810253953469e-03 
2016   9  11  22   0   0  8.0693431786463057e-03 
2016   9  11  22  30   0  8.3915690267698136e-03 
2016   9  11  23   0   0  8.4962714454368503e-03 
2016   9  11  23  30   0  8.7792564306340189e-03 
2016   9  12   0   0   0  8.8486925499492615e-03 
2016   9  12   0  30   0  8.7510061356974277e-03 
2016   9  12   1   0   0  6.1292996560689105e-03 
2016   9  12   1  30   0  2.7885884724942718e-03 
2016   9  12   2   0   0  2.5826005657771660e-03 
2016   9  12   2  30   0  2.6320243535621728e-03 
2016   9  12   3   0   0  2.4736531388699478e-03 
2016   9  12   3  30   0  2.4076738911436059e-03 
2016   9  12   4   0   0  2.2706648866738163e-03 
2016   9  12   4  30   0  2.1887414009566131e-03 
2016   9  12   5   0   0  2.1863905952977350e-03 
2016   9  12   5  30   0  2.2593356354335963e-03 
2016   9  12   6   0   0  2.2191881436963191e-03 
2016   9  12   6  30   0  2.1710979808217202e-03 
2016   9  12   7   0   0  2.1625298369368291e-03 
2016   9  12   7  30   0  1.8688563702340035e-03 
2016   9  12   8   0   0  1.7022532394698601e-03 
2016   9  12   8  30   0  1.7723299375864972e-03 
2016   9  12   9   0   0  1.8722215085357520e-03 
2016   9  12   9  30   0  1.9559160316108843e-03 
2016   9  12  10   0   0  1.9812810271498519e-03 
2016   9  12  10  30   0  2.1258385293597957e-03 
2016   9  12  11   0   0  1.8589203787474358e-03 
2016   9  12  11  30   0  1.6595120503422904e-03 
2016   9  12  12   0   0  1.8342466127276732e-03 
2016   9  12  12  30   0  2.0922563959881713e-03 
2016   9  12  13   0   0  2.0818579305972203e-03 
2016   9  12  13  30   0  2.1320861334143760e-03 
2016   9  12  14   0   0  2.0085943041322964e-03 
2016   9  12  14  30   0  1.8643124378808129e-03 
2016   9  12  15   0   0  1.6743224892400959e-03 
2016   9  12  15  30   0  1.9376103437491077e-03 
2016   9  12  16   0   0  1.7613264503235210e-03 
2016   9  12  16  30   0  1.7571343130661943e-03 
2016   9  12  17   0   0  1.7763340650300561e-03 
2016   9  12  17  30   0  1.7652893893793831e-03 
2016   9  12  18   0   0  1.7414309720176465e-03 
2016   9  12  18  30   0  2.3069286545162292e-03 
2016   9  12  19   0   0  2.3883929597906003e-03 
2016   9  12  19  30   0  2.6466081911527286e-03 
2016   9  12  20   0   0  2.5535775436443405e-03 
2016   9  12  20  30   0  2.8837207494886129e-03 
2016   9  12  21   0   0  2.9175219540822570e-03 
2016   9  12  21  30   0  2.9741134524224134e-03 
2016   9  12  22   0   0  3.0971490232103191e-03 
2016   9  12  22  30   0  3.2171425664454037e-03 
2016   9  12  23   0   0  3.2615582259254835e-03 
2016   9  12  23  30   0  3.1284841089852062e-03 
2016   9  13   0   0   0  3.0321615298608542e-03 
2016   9  13   0  30   0  3.0577525899260567e-03 
2016   9  13   1   0   0  3.0153226249650463e-03 
2016   9  13   1  30   0  3.0274475781835002e-03 
2016   9  13   2   0   0  2.9352779658285339e-03 
2016   9  13   2  30   0  2.9507720152031286e-03 
2016   9  13   3   0   0  2.8104144557147340e-03 
2016   9  13   3  30   0  2.7698646689785118e-03 
2016   9  13   4   0   0  2.9292223023354644e-03 
2016   9  13   4  30   0  3.0206058347228932e-03 
2016   9  13   5   0   0  2.9474921240729532e-03 
2016   9  13   5  30   0  3.2697657639468676e-03 
2016   9  13   6   0   0  3.3763583234861436e-03 
2016   9  13   6  30   0  3.3246520427744350e-03 
2016   9  13   7   0   0  3.4715339075741944e-03 
2016   9  13   7  30   0  3.4954579991471799e-03 
2016   9  13   8   0   0  3.6401493556351807e-03 
2016   9  13   8  30   0  3.9943602250339990e-03 
2016   9  13   9   0   0  4.0432803359352204e-03 
2016   9  13   9  30   0  3.8061578492388009e-03 
2016   9  13  10   0   0  3.1539559054786048e-03 
2016   9  13  10  30   0  2.5524095479372982e-03 
2016   9  13  11   0   0  2.2138368292022297e-03 
2016   9  13  11  30   0  2.4304551544316088e-03 
2016   9  13  12   0   0  2.4376021883502357e-03 
2016   9  13  12  30   0  2.4970658700957274e-03 
2016   9  13  13   0   0  2.5930656149079213e-03 
2016   9  13  13  30   0  3.2954830476176547e-03 
2016   9  13  14   0   0  3.3815892491539236e-03 
2016   9  13  14  30   0  3.6104265109632196e-03 
2016   9  13  15   0   0  3.8414098992947186e-03 
2016   9  13  15  30   0  3.8388135304627921e-03 
2016   9  13  16   0   0  4.0267011944190162e-03 
2016   9  13  16  30   0  3.9684766603699483e-03 
2016   9  13  17   0   0  4.0287221538427521e-03 
2016   9  13  17  30   0  4.1843983472794541e-03 
2016   9  13  18   0   0  4.1980262975058486e-03 
2016   9  13  18  30   0  4.1767460443296531e-03 
2016   9  13  19   0   0  4.4408678796263876e-03 
2016   9  13  19  30   0  4.4910840605333728e-03 
2016   9  13  20   0   0  4.4915561443164241e-03 
2016   9  13  20  30   0  4.6484742943034016e-03 
2016   9  13  21   0   0  4.7428082954762843e-03 
2016   9  13  21  30   0  5.0323079316531060e-03 
2016   9  13  22   0   0  5.2453589737079861e-03 
2016   9  13  22  30   0  5.5735041126966332e-03 
2016   9  13  23   0   0  5.4085483587472637e-03 
2016   9  13  23  30   0  5.1021881436751253e-03 
2016   9  14   0   0   0  4.1399981401245532e-03 
2016   9  14   0  30   0  4.5213919509627543e-03 
2016   9  14   1   0   0  4.5291906798137216e-03 
2016   9  14   1  30   0  4.2560294956388517e-03 
2016   9  14   2   0   0  4.2417963891559001e-03 
2016   9  14   2  30   0  4.2338137007396134e-03 
2016   9  14   3   0   0  4.3568001245378983e-03 
2016   9  14   3  30   0  4.4298482112479221e-03 
2016   9  14   4   0   0  4.4218635326208179e-03 
2016   9  14   4  30   0  4.3736912580853143e-03 
2016   9  14   5   0   0  4.8103988871276704e-03 
2016   9  14   5  30   0  4.7283800293257622e-03 
2016   9  14   6   0   0  4.6301112902110966e-03 
2016   9  14   6  30   0  4.6031279591551540e-03 
2016   9  14   7   0   0  4.4689585282395115e-03 
2016   9  14   7  30   0  4.7806688674044478e-03 
2016   9  14   8   0   0  4.5215922896776131e-03 
2016   9  14   8  30   0  6.7117029080952101e-03 
2016   9  14   9   0   0  5.6132389263940149e-03 
2016   9  14   9  30   0  5.8700860831846641e-03 
2016   9  14  10   0   0  4.8075665736853354e-03 
2016   9  14  10  30   0  3.6768644084258480e-03 
2016   9  14  11   0   0  3.4030620305245110e-03 
2016   9  14  11  30   0  3.5534160954614016e-03 
2016   9  14  12   0   0  3.6477534234473172e-03 
2016   9  14  12  30   0  3.7486398878011007e-03 
2016   9  14  13   0   0  4.0466526748523073e-03 
2016   9  14  13  30   0  4.0642228395180446e-03 
2016   9  14  14   0   0  4.1305987185780938e-03 
2016   9  14  14  30   0  4.1570938788194397e-03 
2016   9  14  15   0   0  4.1583729101332895e-03 
2016   9  14  15  30   0  4.0839737740369477e-03 
2016   9  14  16   0   0  3.9603918070480488e-03 
2016   9  14  16  30   0  4.2552417879741164e-03 
2016   9  14  17   0   0  4.4896395182015096e-03 
2016   9  14  17  30   0  4.5449762365623774e-03 
2016   9  14  18   0   0  4.7666198727384463e-03 
2016   9  14  18  30   0  4.6891076254066940e-03 
2016   9  14  19   0   0  4.9431993061805268e-03 
2016   9  14  19  30   0  6.1848818317903950e-03 
2016   9  14  20   0   0  5.5047127451679171e-03 
2016   9  14  20  30   0  5.5928841190145311e-03 
2016   9  14  21   0   0  5.6504995844616933e-03 
2016   9  14  21  30   0  5.7420770528898227e-03 
2016   9  14  22   0   0  5.7645071244667593e-03 
2016   9  14  22  30   0  5.9301443203609071e-03 
2016   9  14  23   0   0  6.0791745761961825e-03 
2016   9  14  23  30   0  6.3593796925381571e-03 
2016   9  15   0   0   0  7.5241436125765169e-03 
2016   9  15   0  30   0  7.9479656972392277e-03 
2016   9  15   1   0   0  7.7581891803763983e-03 
2016   9  15   1  30   0  8.0342077746006178e-03 
2016   9  15   2   0   0  7.9115778482250418e-03 
2016   9  15   2  30   0  7.5670547250350660e-03 
2016   9  15   3   0   0  7.6386793514029213e-03 
2016   9  15   3  30   0  8.1151130490878711e-03 
2016   9  15   4   0   0  8.4537392549982257e-03 
2016   9  15   4  30   0  8.7460113727061087e-03 
2016   9  15   5   0   0  8.6036635372461513e-03 
2016   9  15   5  30   0  8.7187967717553341e-03 
2016   9  15   6   0   0  8.7137978742664463e-03 
2016   9  15   6  30   0  8.7337190646986397e-03 
2016   9  15   7   0   0  8.7750390582900153e-03 
2016   9  15   7  30   0  8.8564658390254142e-03 
2016   9  15   8   0   0  8.9556357711345503e-03 
2016   9  15   8  30   0  8.8671010705024481e-03 
2016   9  15   9   0   0  8.2402950352446543e-03 
2016   9  15   9  30   0  7.9593181213191977e-03 
2016   9  15  10   0   0  7.9450627256236923e-03 
2016   9  15  10  30   0  7.3682845676056059e-03 
2016   9  15  11   0   0  6.6975469960780624e-03 
2016   9  15  11  30   0  5.7368431017063709e-03 
2016   9  15  12   0   0  5.1352514758172419e-03 
2016   9  15  12  30   0  4.3441236010306030e-03 
2016   9  15  13   0   0  3.9775398034122252e-03 
2016   9  15  13  30   0  3.7500206531818109e-03 
2016   9  15  14   0   0  3.7809018272424492e-03 
2016   9  15  14  30   0  2.9781865040339004e-03 
2016   9  15  15   0   0  3.5199292076033900e-03 
2016   9  15  15  30   0  3.7684125945510417e-03 
2016   9  15  16   0   0  3.3280547860555128e-03 
2016   9  15  16  30   0  2.6596929180739068e-03 
2016   9  15  17   0   0  2.1821487997374560e-03 
2016   9  15  17  30   0  2.3104433775906863e-03 
2016   9  15  18   0   0  2.2194223525293529e-03 
2016   9  15  18  30   0  2.1598967952013771e-03 
2016   9  15  19   0   0  2.2400795922936528e-03 
2016   9  15  19  30   0  2.3993222890707120e-03 
2016   9  15  20   0   0  2.4995895555826111e-03 
2016   9  15  20  30   0  2.5414622295334773e-03 
2016   9  15  21   0   0  2.6406428799729603e-03 
2016   9  15  21  30   0  2.6404517286746274e-03 
2016   9  15  22   0   0  2.9570617572321099e-03 
2016   9  15  22  30   0  3.0696413774488149e-03 
2016   9  15  23   0   0  3.2684698203880981e-03 
2016   9  15  23  30   0  3.2973201884900290e-03 
2016   9  16   0   0   0  3.3173861012713254e-03 
2016   9  16   0  30   0  3.2679396342106524e-03 
2016   9  16   1   0   0  3.1764626904886408e-03 
2016   9  16   1  30   0  3.0714959765922455e-03 
2016   9  16   2   0   0  3.0313516321222979e-03 
2016   9  16   2  30   0  3.0959923876714888e-03 
2016   9  16   3   0   0  3.2009482364107797e-03 
2016   9  16   3  30   0  3.2698258698160261e-03 
2016   9  16   4   0   0  3.2494946245740538e-03 
2016   9  16   4  30   0  3.1238799809197933e-03 
2016   9  16   5   0   0  3.1904578698484813e-03 
2016   9  16   5  30   0  3.3029536304404177e-03 
2016   9  16   6   0   0  3.4131717297381957e-03 
2016   9  16   6  30   0  3.3916464030675679e-03 
2016   9  16   7   0   0  3.3274130140994885e-03 
2016   9  16   7  30   0  3.2937622557788937e-03 
2016   9  16   8   0   0  3.3299599221783029e-03 
2016   9  16   8  30   0  3.1406277203034085e-03 
2016   9  16   9   0   0  3.1590032015549941e-03 
2016   9  16   9  30   0  3.0748841253766660e-03 
2016   9  16  10   0   0  3.0248584600682136e-03 
2016   9  16  10  30   0  2.8008035616104818e-03 
2016   9  16  11   0   0  2.5164093157744078e-03 
2016   9  16  11  30   0  2.1043504206441316e-03 
2016   9  16  12   0   0  2.0910434517624316e-03 
2016   9  16  12  30   0  2.0294595256136350e-03 
2016   9  16  13   0   0  2.1569686280626683e-03 
2016   9  16  13  30   0  2.0306930677702734e-03 
2016   9  16  14   0   0  1.9179899471422649e-03 
2016   9  16  14  30   0  2.1160023104646432e-03 
2016   9  16  15   0   0  2.0999827648934886e-03 
2016   9  16  15  30   0  2.0368174504933859e-03 
2016   9  16  16   0   0  1.9656260204141580e-03 
2016   9  16  16  30   0  1.8631164144006017e-03 
2016   9  16  17   0   0  1.9820421637981069e-03 
2016   9  16  17  30   0  2.0223069211991280e-03 
2016   9  16  18   0   0  2.1410885022462331e-03 
2016   9  16  18  30   0  2.1826238175211361e-03 
2016   9  16  19   0   0  2.2968347388572421e-03 
2016   9  16  19  30   0  2.5307688849172658e-03 
2016   9  16  20   0   0  2.6779094945493824e-03 
2016   9  16  20  30   0  2.6192144142748747e-03 
2016   9  16  21   0   0  2.6837708690075099e-03 
2016   9  16  21  30   0  2.9666505280982851e-03 
2016   9  16  22   0   0  3.1249634958590024e-03 
2016   9  16  22  30   0  3.2865501712287110e-03 
2016   9  16  23   0   0  3.4503562699135112e-03 
2016   9  16  23  30   0  2.9634908642244564e-03 
2016   9  17   0   0   0  3.0402514939249781e-03 
2016   9  17   0  30   0  3.0718681474233875e-03 
2016   9  17   1   0   0  3.2972347512285616e-03 
2016   9  17   1  30   0  3.5126677005931856e-03 
2016   9  17   2   0   0  4.7913278207724966e-03 
2016   9  17   2  30   0  4.6589047954908201e-03 
2016   9  17   3   0   0  4.5874947751083075e-03 
2016   9  17   3  30   0  4.6352790382671680e-03 
2016   9  17   4   0   0  4.3999099513019994e-03 
2016   9  17   4  30   0  4.2411155065687428e-03 
2016   9  17   5   0   0  4.2444440605595348e-03 
2016   9  17   5  30   0  3.5941737727390862e-03 
2016   9  17   6   0   0  2.9862429322843440e-03 
2016   9  17   6  30   0  2.2546413143777868e-03 
2016   9  17   7   0   0  2.2323505467994635e-03 
2016   9  17   7  30   0  1.7865354457932111e-03 
2016   9  17   8   0   0  1.6217329726202453e-03 
2016   9  17   8  30   0  1.5775849470373556e-03 
2016   9  17   9   0   0  1.4926813568120346e-03 
2016   9  17   9  30   0  1.2078993302874290e-03 
2016   9  17  10   0   0  1.2453462510837246e-03 
2016   9  17  10  30   0  1.4881587765717696e-03 
2016   9  17  11   0   0  1.5067557613150841e-03 
2016   9  17  11  30   0  1.5152733528537290e-03 
2016   9  17  12   0   0  1.5790025680871335e-03 
2016   9  17  12  30   0  1.6224571229684038e-03 
2016   9  17  13   0   0  1.7733857694999459e-03 
2016   9  17  13  30   0  1.8851363158306337e-03 
2016   9  17  14   0   0  1.9732756663021710e-03 
2016   9  17  14  30   0  2.1698444914643707e-03 
2016   9  17  15   0   0  2.3795718928539826e-03 
2016   9  17  15  30   0  2.4371695920878903e-03 
2016   9  17  16   0   0  2.4513335898489049e-03 
2016   9  17  16  30   0  2.4482153640420601e-03 
2016   9  17  17   0   0  2.3830201548897113e-03 
2016   9  17  17  30   0  2.3202816069364087e-03 
2016   9  17  18   0   0  2.3146001591723949e-03 
2016   9  17  18  30   0  2.6163489600687265e-03 
2016   9  17  19   0   0  2.6602401471369826e-03 
2016   9  17  19  30   0  2.6925736042539695e-03 
2016   9  17  20   0   0  2.8370544476526462e-03 
2016   9  17  20  30   0  2.9464915322098251e-03 
2016   9  17  21   0   0  3.2721101385432103e-03 
2016   9  17  21  30   0  3.3570026948058717e-03 
2016   9  17  22   0   0  3.5198537237404715e-03 
2016   9  17  22  30   0  3.7026609443741110e-03 
2016   9  17  23   0   0  3.8567261508797193e-03 
2016   9  17  23  30   0  3.9540021551228328e-03 
2016   9  18   0   0   0  3.8222545893950230e-03 
2016   9  18   0  30   0  4.1459189588946357e-03 
2016   9  18   1   0   0  4.4120382793072371e-03 
2016   9  18   1  30   0  4.5690249998457623e-03 
2016   9  18   2   0   0  4.2159636715205454e-03 
2016   9  18   2  30   0  4.3471788161713303e-03 
2016   9  18   3   0   0  4.6125051615018772e-03 
2016   9  18   3  30   0  4.9458357492779192e-03 
2016   9  18   4   0   0  5.1996567059509795e-03 
2016   9  18   4  30   0  4.6461753067927681e-03 
2016   9  18   5   0   0  4.3529154178945789e-03 
2016   9  18   5  30   0  4.6001439892928049e-03 
2016   9  18   6   0   0  4.5523853346077156e-03 
2016   9  18   6  30   0  4.4359179203686790e-03 
2016   9  18   7   0   0  4.0640806535100858e-03 
2016   9  18   7  30   0  3.9160707648596407e-03 
2016   9  18   8   0   0  3.8090382075722899e-03 
2016   9  18   8  30   0  3.7048688805952036e-03 
2016   9  18   9   0   0  3.4868820946606016e-03 
2016   9  18   9  30   0  3.4454121118454302e-03 
2016   9  18  10   0   0  3.2723000004185121e-03 
2016   9  18  10  30   0  3.5068493227709691e-03 
2016   9  18  11   0   0  3.8620741062665737e-03 
2016   9  18  11  30   0  4.0846757708036877e-03 
2016   9  18  12   0   0  4.2724235102281046e-03 
2016   9  18  12  30   0  4.4713988186122003e-03 
2016   9  18  13   0   0  4.9155217768888752e-03 
2016   9  18  13  30   0  4.7022938890834394e-03 
2016   9  18  14   0   0  4.7852906950195942e-03 
2016   9  18  14  30   0  4.8179965659373349e-03 
2016   9  18  15   0   0  4.8371298973836126e-03 
2016   9  18  15  30   0  4.8267836117459606e-03 
2016   9  18  16   0   0  5.0063623653340923e-03 
2016   9  18  16  30   0  5.0166595191771359e-03 
2016   9  18  17   0   0  4.9677915579118262e-03 
2016   9  18  17  30   0  5.1672970264535333e-03 
2016   9  18  18   0   0  4.8959610288103186e-03 
2016   9  18  18  30   0  4.8208795241612649e-03 
2016   9  18  19   0   0  4.8607852510377941e-03 
2016   9  18  19  30   0  4.7395735656860912e-03 
2016   9  18  20   0   0  4.7791054305977359e-03 
2016   9  18  20  30   0  4.8216538933334918e-03 
2016   9  18  21   0   0  4.8097430139896384e-03 
2016   9  18  21  30   0  4.9673977728843331e-03 
2016   9  18  22   0   0  5.0004539657651668e-03 
2016   9  18  22  30   0  5.0583384709177700e-03 
2016   9  18  23   0   0  5.1020845207956746e-03 
2016   9  18  23  30   0  5.1146015561868803e-03 
2016   9  19   0   0   0  5.1589916183336290e-03 
2016   9  19   0  30   0  5.0620818474530430e-03 
2016   9  19   1   0   0  4.7950301629861199e-03 
2016   9  19   1  30   0  4.5968341587979064e-03 
2016   9  19   2   0   0  4.4931211222038739e-03 
2016   9  19   2  30   0  4.6453968771066065e-03 
2016   9  19   3   0   0  4.6684157496374081e-03 
2016   9  19   3  30   0  4.5705079385586142e-03 
2016   9  19   4   0   0  4.4172749575378664e-03 
2016   9  19   4  30   0  4.1834675548879799e-03 
2016   9  19   5   0   0  4.1873382752657985e-03 
2016   9  19   5  30   0  4.3368260267720518e-03 
2016   9  19   6   0   0  4.2807428046755282e-03 
2016   9  19   6  30   0  4.2525325348905241e-03 
2016   9  19   7   0   0  4.0561703872691937e-03 
2016   9  19   7  30   0  4.2023382819271439e-03 
2016   9  19   8   0   0  4.1373790780528715e-03 
2016   9  19   8  30   0  3.5943564634169441e-03 
2016   9  19   9   0   0  3.9609542258575367e-03 
2016   9  19   9  30   0  3.8052538571672579e-03 
2016   9  19  10   0   0  3.7488859594482296e-03 
2016   9  19  10  30   0  3.8602392163325024e-03 
2016   9  19  11   0   0  3.9108717842149480e-03 
2016   9  19  11  30   0  3.9579575785628146e-03 
2016   9  19  12   0   0  3.9923898057973558e-03 
2016   9  19  12  30   0  4.0369315935748730e-03 
2016   9  19  13   0   0  4.2892324084921295e-03 
2016   9  19  13  30   0  4.3655089212864921e-03 
2016   9  19  14   0   0  4.2164798040351609e-03 
2016   9  19  14  30   0  5.4139390884487869e-03 
2016   9  19  15   0   0  4.8436543912463940e-03 
2016   9  19  15  30   0  4.6443534619447545e-03 
2016   9  19  16   0   0  4.6279294849361288e-03 
2016   9  19  16  30   0  4.7815979684441342e-03 
2016   9  19  17   0   0  4.5890002877517228e-03 
2016   9  19  17  30   0  4.6174874677388546e-03 
2016   9  19  18   0   0  4.6069907241642833e-03 
2016   9  19  18  30   0  4.6077027790154658e-03 
2016   9  19  19   0   0  4.5774362337490087e-03 
2016   9  19  19  30   0  4.7226474325768189e-03 
2016   9  19  20   0   0  4.6530021443694494e-03 
2016   9  19  20  30   0  4.6322987139200177e-03 
2016   9  19  21   0   0  4.5326155735218136e-03 
2016   9  19  21  30   0  5.0106949403912740e-03 
2016   9  19  22   0   0  5.1247004374144938e-03 
2016   9  19  22  30   0  5.2843506856177719e-03 
2016   9  19  23   0   0  5.3434137153748427e-03 
2016   9  19  23  30   0  5.3870322376830884e-03 
2016   9  20   0   0   0  5.4023343764125860e-03 
2016   9  20   0  30   0  5.3509457048870517e-03 
2016   9  20   1   0   0  5.4445993255014900e-03 
2016   9  20   1  30   0  5.3966181740580672e-03 
2016   9  20   2   0   0  5.6623941504092990e-03 
2016   9  20   2  30   0  5.4218300600680216e-03 
2016   9  20   3   0   0  5.5741359694365805e-03 
2016   9  20   3  30   0  5.4462771808308687e-03 
2016   9  20   4   0   0  5.3273764834652808e-03 
2016   9  20   4  30   0  5.4520476850909915e-03 
2016   9  20   5   0   0  6.1440245126432010e-03 
2016   9  20   5  30   0  6.0372073806249822e-03 
2016   9  20   6   0   0  6.5322825472335835e-03 
2016   9  20   6  30   0  6.4144559664220235e-03 
2016   9  20   7   0   0  6.3740136513834927e-03 
2016   9  20   7  30   0  6.3733378134612963e-03 
2016   9  20   8   0   0  5.5252805408499165e-03 
2016   9  20   8  30   0  5.0599711317684147e-03 
2016   9  20   9   0   0  4.5574321622924609e-03 
2016   9  20   9  30   0  3.8920369720276565e-03 
2016   9  20  10   0   0  3.8120299764139672e-03 
2016   9  20  10  30   0  3.4487491367995028e-03 
2016   9  20  11   0   0  3.1548258582355989e-03 
2016   9  20  11  30   0  3.2578526688923251e-03 
2016   9  20  12   0   0  3.2538753708159156e-03 
2016   9  20  12  30   0  3.0865449006142191e-03 
2016   9  20  13   0   0  3.0536436549929041e-03 
2016   9  20  13  30   0  3.1914884750175489e-03 
2016   9  20  14   0   0  3.6887404192005187e-03 
2016   9  20  14  30   0  3.7931939168044668e-03 
2016   9  20  15   0   0  3.7783513790961300e-03 
2016   9  20  15  30   0  4.1396913138932465e-03 
2016   9  20  16   0   0  3.7007121969921900e-03 
2016   9  20  16  30   0  3.6643965482489856e-03 
2016   9  20  17   0   0  3.6465354127164775e-03 
2016   9  20  17  30   0  3.6835440652882695e-03 
2016   9  20  18   0   0  3.6761912484298267e-03 
2016   9  20  18  30   0  3.7566079487662803e-03 
2016   9  20  19   0   0  3.8788594204116865e-03 
2016   9  20  19  30   0  4.0414716764487438e-03 
2016   9  20  20   0   0  4.6174102969779593e-03 
2016   9  20  20  30   0  4.7500054108363995e-03 
2016   9  20  21   0   0  5.0035129403622845e-03 
2016   9  20  21  30   0  4.9886276126233538e-03 
2016   9  20  22   0   0  4.9473341043241208e-03 
2016   9  20  22  30   0  4.7003021612651011e-03 
2016   9  20  23   0   0  4.5245016299767411e-03 
2016   9  20  23  30   0  4.4341878138982162e-03 
2016   9  21   0   0   0  3.5233249288572910e-03 
2016   9  21   0  30   0  3.6124284896981991e-03 
2016   9  21   1   0   0  3.4423907377156269e-03 
2016   9  21   1  30   0  3.4844857179068636e-03 
2016   9  21   2   0   0  3.3931572119322607e-03 
2016   9  21   2  30   0  3.3109271460202926e-03 
2016   9  21   3   0   0  3.6846276663953636e-03 
2016   9  21   3  30   0  4.4590357477541755e-03 
2016   9  21   4   0   0  4.2701238918290861e-03 
2016   9  21   4  30   0  3.7380072526020879e-03 
2016   9  21   5   0   0  3.4898646331670740e-03 
2016   9  21   5  30   0  3.6607586581523083e-03 
2016   9  21   6   0   0  3.4707421087735463e-03 
2016   9  21   6  30   0  2.9739959026873534e-03 
2016   9  21   7   0   0  2.4720452272687606e-03 
2016   9  21   7  30   0  2.7038002567859282e-03 
2016   9  21   8   0   0  3.1489079034828977e-03 
2016   9  21   8  30   0  3.4628196632196084e-03 
2016   9  21   9   0   0  3.5065211273212914e-03 
2016   9  21   9  30   0  3.4603057040657401e-03 
2016   9  21  10   0   0  3.8309407010693221e-03 
2016   9  21  10  30   0  3.9504901241664619e-03 
2016   9  21  11   0   0  4.0108123703547069e-03 
2016   9  21  11  30   0  3.4286377609259022e-03 
2016   9  21  12   0   0  3.4922283697539271e-03 
2016   9  21  12  30   0  3.7852627488850097e-03 
2016   9  21  13   0   0  2.5241858255756785e-03 
2016   9  21  13  30   0  2.3093844883034127e-03 
2016   9  21  14   0   0  2.7339919479856529e-03 
2016   9  21  14  30   0  2.9863944849758961e-03 
2016   9  21  15   0   0  3.1041956043745284e-03 
2016   9  21  15  30   0  3.2815718876509120e-03 
2016   9  21  16   0   0  4.0672828219920510e-03 
2016   9  21  16  30   0  4.9405430002842626e-03 
2016   9  21  17   0   0  6.3115206761126799e-03 
2016   9  21  17  30   0  7.1054303074463638e-03 
2016   9  21  18   0   0  7.2503525230187956e-03 
2016   9  21  18  30   0  7.6049210776383928e-03 
2016   9  21  19   0   0  7.5281201943730889e-03 
2016   9  21  19  30   0  7.5889711839349696e-03 
2016   9  21  20   0   0  7.7041203797113024e-03 
2016   9  21  20  30   0  7.3321511391058461e-03 
2016   9  21  21   0   0  6.8802748118059519e-03 
2016   9  21  21  30   0  6.6620084207317763e-03 
2016   9  21  22   0   0  6.5736311310148465e-03 
2016   9  21  22  30   0  6.2098807365388630e-03 
2016   9  21  23   0   0  5.5958294788141030e-03 
2016   9  21  23  30   0  5.0952337939864150e-03 
2016   9  22   0   0   0  5.3791880974789919e-03 
2016   9  22   0  30   0  4.9622624598548038e-03 
2016   9  22   1   0   0  4.4228078413275562e-03 
2016   9  22   1  30   0  3.7454843345801386e-03 
2016   9  22   2   0   0  3.4461222676153628e-03 
2016   9  22   2  30   0  3.6455237536007399e-03 
2016   9  22   3   0   0  3.3431851424391198e-03 
2016   9  22   3  30   0  3.3859852690429799e-03 
2016   9  22   4   0   0  3.3062447486335985e-03 
2016   9  22   4  30   0  3.1935151731473841e-03 
2016   9  22   5   0   0  2.9745959969296808e-03 
2016   9  22   5  30   0  2.9502122473350134e-03 
2016   9  22   6   0   0  3.0228246984208610e-03 
2016   9  22   6  30   0  2.8326311912571702e-03 
2016   9  22   7   0   0  2.9026049123863037e-03 
2016   9  22   7  30   0  2.6870480763715879e-03 
2016   9  22   8   0   0  2.6103146228802442e-03 
2016   9  22   8  30   0  2.7181969014522410e-03 
2016   9  22   9   0   0  2.8025626260933085e-03 
2016   9  22   9  30   0  2.9251753242907665e-03 
2016   9  22  10   0   0  3.0123395123962311e-03 
2016   9  22  10  30   0  3.1953406978481136e-03 
2016   9  22  11   0   0  3.5061954529620812e-03 
2016   9  22  11  30   0  4.4527227371994778e-03 
2016   9  22  12   0   0  3.7868708452963025e-03 
2016   9  22  12  30   0  3.8604358349180103e-03 
2016   9  22  13   0   0  4.1281187363370027e-03 
2016   9  22  13  30   0  4.3616528679306620e-03 
2016   9  22  14   0   0  4.1835627000180592e-03 
2016   9  22  14  30   0  3.9147345912027053e-03 
2016   9  22  15   0   0  3.9665776561927423e-03 
2016   9  22  15  30   0  3.7044790865387485e-03 
2016   9  22  16   0   0  3.4772703453459712e-03 
2016   9  22  16  30   0  3.4952314446925338e-03 
2016   9  22  17   0   0  3.4209723500098457e-03 
2016   9  22  17  30   0  3.8176527722342405e-03 
2016   9  22  18   0   0  3.5417115269621591e-03 
2016   9  22  18  30   0  3.4282390408361756e-03 
2016   9  22  19   0   0  3.6480058523458989e-03 
2016   9  22  19  30   0  3.5951528969455689e-03 
2016   9  22  20   0   0  3.7967777366182333e-03 
2016   9  22  20  30   0  4.3519664659533493e-03 
2016   9  22  21   0   0  4.7108577810392382e-03 
2016   9  22  21  30   0  4.5474227285232111e-03 
2016   9  22  22   0   0  4.7328225122279790e-03 
2016   9  22  22  30   0  4.9287600387362797e-03 
2016   9  22  23   0   0  4.8171076962975094e-03 
2016   9  22  23  30   0  4.8974802328490908e-03 
2016   9  23   0   0   0  4.9517694088858939e-03 
2016   9  23   0  30   0  4.7988577277172598e-03 
2016   9  23   1   0   0  4.6142879508679008e-03 
2016   9  23   1  30   0  4.9450056696307421e-03 
2016   9  23   2   0   0  4.5945723444982033e-03 
2016   9  23   2  30   0  4.3537541574721365e-03 
2016   9  23   3   0   0  4.2817246672425830e-03 
2016   9  23   3  30   0  4.0670431400338077e-03 
2016   9  23   4   0   0  3.8963838887788064e-03 
2016   9  23   4  30   0  3.6530821681289107e-03 
2016   9  23   5   0   0  3.5940106378986193e-03 
2016   9  23   5  30   0  3.5074294522222781e-03 
2016   9  23   6   0   0  3.5051049189882442e-03 
2016   9  23   6  30   0  4.1773224215324147e-03 
2016   9  23   7   0   0  3.9436505373635156e-03 
2016   9  23   7  30   0  3.6374443743096936e-03 
2016   9  23   8   0   0  3.4324184089159671e-03 
2016   9  23   8  30   0  3.3111986146469922e-03 
2016   9  23   9   0   0  3.0173874794343636e-03 
2016   9  23   9  30   0  2.7580827740352563e-03 
2016   9  23  10   0   0  2.5651334729089596e-03 
2016   9  23  10  30   0  2.4463474429816281e-03 
2016   9  23  11   0   0  2.4117044677607717e-03 
2016   9  23  11  30   0  2.2966324088650367e-03 
2016   9  23  12   0   0  2.4301464386614268e-03 
2016   9  23  12  30   0  2.5432401177455819e-03 
2016   9  23  13   0   0  2.6114006022059169e-03 
2016   9  23  13  30   0  2.5936687094035220e-03 
2016   9  23  14   0   0  2.4797177814344031e-03 
2016   9  23  14  30   0  2.4714943110596042e-03 
2016   9  23  15   0   0  2.9080753960569190e-03 
2016   9  23  15  30   0  4.0437295607471668e-03 
2016   9  23  16   0   0  4.8591735984850771e-03 
2016   9  23  16  30   0  5.1747509270463864e-03 
2016   9  23  17   0   0  5.3651346985385227e-03 
2016   9  23  17  30   0  4.9389981926663933e-03 
2016   9  23  18   0   0  4.6801125437971281e-03 
2016   9  23  18  30   0  3.6058809959488179e-03 
2016   9  23  19   0   0  2.8495716823735717e-03 
2016   9  23  19  30   0  2.6831849058450369e-03 
2016   9  23  20   0   0  2.7134931792583273e-03 
2016   9  23  20  30   0  2.6464095888513281e-03 
2016   9  23  21   0   0  2.6419823164638193e-03 
2016   9  23  21  30   0  2.6027261505857479e-03 
2016   9  23  22   0   0  2.6990028918969602e-03 
2016   9  23  22  30   0  2.7413243122571102e-03 
2016   9  23  23   0   0  2.7236119995058023e-03 
2016   9  23  23  30   0  2.7709147734400249e-03 
2016   9  24   0   0   0  2.8553843874228623e-03 
2016   9  24   0  30   0  2.9078572065904767e-03 
2016   9  24   1   0   0  2.9787617637266513e-03 
2016   9  24   1  30   0  3.0133257216283390e-03 
2016   9  24   2   0   0  3.0801658285428161e-03 
2016   9  24   2  30   0  3.1635655082196527e-03 
2016   9  24   3   0   0  3.2000762809121976e-03 
2016   9  24   3  30   0  3.2766857102755655e-03 
2016   9  24   4   0   0  3.4522192970941243e-03 
2016   9  24   4  30   0  3.5815648835017776e-03 
2016   9  24   5   0   0  3.6904838495823264e-03 
2016   9  24   5  30   0  3.6648466679888967e-03 
2016   9  24   6   0   0  3.9110338521146145e-03 
2016   9  24   6  30   0  4.0696212286208382e-03 
2016   9  24   7   0   0  4.1650455264192580e-03 
2016   9  24   7  30   0  4.4959183442068520e-03 
2016   9  24   8   0   0  4.7257541965714644e-03 
2016   9  24   8  30   0  4.9165488703289302e-03 
2016   9  24   9   0   0  4.8853169641098326e-03 
2016   9  24   9  30   0  4.4949950382395286e-03 
2016   9  24  10   0   0  3.7869298591259714e-03 
2016   9  24  10  30   0  3.2921027497335728e-03 
2016   9  24  11   0   0  2.4447906233269964e-03 
2016   9  24  11  30   0  3.5539550698987401e-03 
2016   9  24  12   0   0  3.6072200527327088e-03 
2016   9  24  12  30   0  3.6962212149090692e-03 
2016   9  24  13   0   0  3.7300147945188841e-03 
2016   9  24  13  30   0  3.9895130272189381e-03 
2016   9  24  14   0   0  4.0933434081360789e-03 
2016   9  24  14  30   0  4.2070004323373419e-03 
2016   9  24  15   0   0  3.8740019165923378e-03 
2016   9  24  15  30   0  4.0898076798222020e-03 
2016   9  24  16   0   0  3.8574751293310853e-03 
2016   9  24  16  30   0  3.0720509422049219e-03 
2016   9  24  17   0   0  2.9544988513184297e-03 
2016   9  24  17  30   0  2.9609158286135269e-03 
2016   9  24  18   0   0  2.7513065874209442e-03 
2016   9  24  18  30   0  2.5603095868958451e-03 
2016   9  24  19   0   0  2.6410362959602800e-03 
2016   9  24  19  30   0  3.0559840876777209e-03 
2016   9  24  20   0   0  3.0185060312130614e-03 
2016   9  24  20  30   0  2.9370860502057686e-03 
2016   9  24  21   0   0  2.7950464081210867e-03 
2016   9  24  21  30   0  2.6924221437562850e-03 
2016   9  24  22   0   0  2.9576464994395635e-03 
2016   9  24  22  30   0  3.2019357336651026e-03 
2016   9  24  23   0   0  3.4483461442441962e-03 
2016   9  24  23  30   0  3.7091728278928959e-03 
2016   9  25   0   0   0  3.9906612724222518e-03 
2016   9  25   0  30   0  4.0408677553400970e-03 
2016   9  25   1   0   0  4.4846933400695963e-03 
2016   9  25   1  30   0  4.6836229855190918e-03 
2016   9  25   2   0   0  4.2184145522828377e-03 
2016   9  25   2  30   0  4.0083604579659133e-03 
2016   9  25   3   0   0  4.0053660326122304e-03 
2016   9  25   3  30   0  3.8595927143420068e-03 
2016   9  25   4   0   0  3.6517644718935408e-03 
2016   9  25   4  30   0  3.5837659225015192e-03 
2016   9  25   5   0   0  3.5570532754193832e-03 
2016   9  25   5  30   0  3.6912093547551224e-03 
2016   9  25   6   0   0  3.8404129429216189e-03 
2016   9  25   6  30   0  3.6092248669508968e-03 
2016   9  25   7   0   0  3.3437967132001591e-03 
2016   9  25   7  30   0  3.0183813578623722e-03 
2016   9  25   8   0   0  2.7037275193762533e-03 
2016   9  25   8  30   0  2.6357537290377900e-03 
2016   9  25   9   0   0  2.7885457002092317e-03 
2016   9  25   9  30   0  2.8819315252846013e-03 
2016   9  25  10   0   0  2.9606199526993932e-03 
2016   9  25  10  30   0  3.0105977755459723e-03 
2016   9  25  11   0   0  2.9480961986184709e-03 
2016   9  25  11  30   0  2.9468480169418045e-03 
2016   9  25  12   0   0  3.1568962518615361e-03 
2016   9  25  12  30   0  3.3181287737439622e-03 
2016   9  25  13   0   0  3.6697794230525918e-03 
2016   9  25  13  30   0  3.9798446171747243e-03 
2016   9  25  14   0   0  4.1842033245429282e-03 
2016   9  25  14  30   0  4.2560799563154403e-03 
2016   9  25  15   0   0  4.3357127281298388e-03 
2016   9  25  15  30   0  4.3808894988662701e-03 
2016   9  25  16   0   0  4.5986334179790892e-03 
2016   9  25  16  30   0  4.8214479962084365e-03 
2016   9  25  17   0   0  5.0345049086151818e-03 
2016   9  25  17  30   0  5.2637218409993611e-03 
2016   9  25  18   0   0  5.5156964836455252e-03 
2016   9  25  18  30   0  5.9420793668827354e-03 
2016   9  25  19   0   0  5.8710905813494415e-03 
2016   9  25  19  30   0  6.3094222985840449e-03 
2016   9  25  20   0   0  5.9827397093614784e-03 
2016   9  25  20  30   0  6.0269619828904235e-03 
2016   9  25  21   0   0  6.1165714040258791e-03 
2016   9  25  21  30   0  6.4096966691630543e-03 
2016   9  25  22   0   0  6.2538719610624053e-03 
2016   9  25  22  30   0  6.0572993467647336e-03 
2016   9  25  23   0   0  5.4108096263077287e-03 
2016   9  25  23  30   0  5.1083565951141616e-03 
2016   9  26   0   0   0  4.1326452111622525e-03 
2016   9  26   0  30   0  4.1830126527962527e-03 
2016   9  26   1   0   0  4.2485890097085964e-03 
2016   9  26   1  30   0  4.2043792116896756e-03 
2016   9  26   2   0   0  4.0230617160664861e-03 
2016   9  26   2  30   0  3.9914733631708794e-03 
2016   9  26   3   0   0  3.9801766961936880e-03 
2016   9  26   3  30   0  4.0101452566592291e-03 
2016   9  26   4   0   0  3.9898046261394810e-03 
2016   9  26   4  30   0  4.0482823419135030e-03 
2016   9  26   5   0   0  4.0911743616722030e-03 
2016   9  26   5  30   0  4.1218302453487647e-03 
2016   9  26   6   0   0  4.2183983457323758e-03 
2016   9  26   6  30   0  4.6650093628908731e-03 
2016   9  26   7   0   0  4.3289101451278993e-03 
2016   9  26   7  30   0  4.3831341656512422e-03 
2016   9  26   8   0   0  4.3503264531273324e-03 
2016   9  26   8  30   0  4.3324871407234454e-03 
2016   9  26   9   0   0  4.3914251921343943e-03 
2016   9  26   9  30   0  4.2710176556808562e-03 
2016   9  26  10   0   0  4.2280901441667934e-03 
2016   9  26  10  30   0  4.2515662715163520e-03 
2016   9  26  11   0   0  4.3244025227379109e-03 
2016   9  26  11  30   0  4.4903647815761651e-03 
2016   9  26  12   0   0  4.7529980200459714e-03 
2016   9  26  12  30   0  4.9037730425440544e-03 
2016   9  26  13   0   0  4.8939726116351175e-03 
2016   9  26  13  30   0  4.9457704339076220e-03 
2016   9  26  14   0   0  4.6458826027290668e-03 
2016   9  26  14  30   0  4.7762640842619738e-03 
2016   9  26  15   0   0  5.0682792765513037e-03 
2016   9  26  15  30   0  5.1135301835400718e-03 
2016   9  26  16   0   0  5.0733142362313216e-03 
2016   9  26  16  30   0  5.1138899421392745e-03 
2016   9  26  17   0   0  5.1084919924872753e-03 
2016   9  26  17  30   0  5.1224755676882961e-03 
2016   9  26  18   0   0  5.1626777330641034e-03 
2016   9  26  18  30   0  5.1916511154824728e-03 
2016   9  26  19   0   0  5.3025721271147460e-03 
2016   9  26  19  30   0  5.6355043928540266e-03 
2016   9  26  20   0   0  6.1938168227302793e-03 
2016   9  26  20  30   0  6.2123561942365492e-03 
2016   9  26  21   0   0  6.1800896665468669e-03 
2016   9  26  21  30   0  6.1671041022564174e-03 
2016   9  26  22   0   0  6.2397283028772588e-03 
2016   9  26  22  30   0  6.2956727429233682e-03 
2016   9  26  23   0   0  6.2161287085619231e-03 
2016   9  26  23  30   0  6.1024453777277724e-03 
2016   9  27   0   0   0  7.6295058823779025e-03 
2016   9  27   0  30   0  7.6040879467219541e-03 
2016   9  27   1   0   0  7.3953389847111559e-03 
2016   9  27   1  30   0  7.6888374027679774e-03 
2016   9  27   2   0   0  8.3115625680674713e-03 
2016   9  27   2  30   0  7.8610869802118628e-03 
2016   9  27   3   0   0  8.1276610962302664e-03 
2016   9  27   3  30   0  7.3439438539731885e-03 
2016   9  27   4   0   0  7.3989158720923574e-03 
2016   9  27   4  30   0  7.6970725934951082e-03 
2016   9  27   5   0   0  6.9198183470205151e-03 
2016   9  27   5  30   0  6.9566754236297214e-03 
2016   9  27   6   0   0  7.1469310487745873e-03 
2016   9  27   6  30   0  7.0760260432705313e-03 
2016   9  27   7   0   0  6.6403596138039133e-03 
2016   9  27   7  30   0  5.6083628954928140e-03 
2016   9  27   8   0   0  4.5079762534605940e-03 
2016   9  27   8  30   0  4.1163575109084806e-03 
2016   9  27   9   0   0  4.0804713070449897e-03 
2016   9  27   9  30   0  4.2875391565093939e-03 
2016   9  27  10   0   0  4.9144188004039309e-03 
2016   9  27  10  30   0  5.1738572338165560e-03 
2016   9  27  11   0   0  5.0511677510209534e-03 
2016   9  27  11  30   0  4.6613635011930584e-03 
2016   9  27  12   0   0  5.2282237948163141e-03 
2016   9  27  12  30   0  6.4385751575420525e-03 
2016   9  27  13   0   0  6.8980761645582138e-03 
2016   9  27  13  30   0  7.1638714294055246e-03 
2016   9  27  14   0   0  7.4872976916067341e-03 
2016   9  27  14  30   0  7.6603886511709546e-03 
2016   9  27  15   0   0  8.0255742549266255e-03 
2016   9  27  15  30   0  7.8598206116425387e-03 
2016   9  27  16   0   0  7.5499098445578209e-03 
2016   9  27  16  30   0  7.6471292384007556e-03 
2016   9  27  17   0   0  7.7989434533288085e-03 
2016   9  27  17  30   0  8.1437437030999690e-03 
2016   9  27  18   0   0  8.1847276340224293e-03 
2016   9  27  18  30   0  8.5963930261268341e-03 
2016   9  27  19   0   0  8.2944498928824544e-03 
2016   9  27  19  30   0  8.2887617126634703e-03 
2016   9  27  20   0   0  8.6189193007380847e-03 
2016   9  27  20  30   0  8.7533827281845739e-03 
2016   9  27  21   0   0  8.7641098980450576e-03 
2016   9  27  21  30   0  8.7823463700523949e-03 
2016   9  27  22   0   0  8.2592119006086335e-03 
2016   9  27  22  30   0  6.7785420475621550e-03 
2016   9  27  23   0   0  6.0667835317502593e-03 
2016   9  27  23  30   0  6.0369868325190323e-03 
2016   9  28   0   0   0  4.8005742645268919e-03 
2016   9  28   0  30   0  4.7556691996453512e-03 
2016   9  28   1   0   0  4.6381294963884108e-03 
2016   9  28   1  30   0  4.5349861928748849e-03 
2016   9  28   2   0   0  4.5172673460232085e-03 
2016   9  28   2  30   0  4.4966159250540124e-03 
2016   9  28   3   0   0  4.3439086253844105e-03 
2016   9  28   3  30   0  4.4060572210930481e-03 
2016   9  28   4   0   0  4.5198077747124797e-03 
2016   9  28   4  30   0  4.7748125079130291e-03 
2016   9  28   5   0   0  4.9587046430822545e-03 
2016   9  28   5  30   0  5.0822649665359081e-03 
2016   9  28   6   0   0  5.1726952560334433e-03 
2016   9  28   6  30   0  5.1679723857632814e-03 
2016   9  28   7   0   0  5.3424887058641886e-03 
2016   9  28   7  30   0  5.4077081087193501e-03 
2016   9  28   8   0   0  5.3540982331932094e-03 
2016   9  28   8  30   0  5.2787088106934204e-03 
2016   9  28   9   0   0  5.2407290426559937e-03 
2016   9  28   9  30   0  5.0858165937355008e-03 
2016   9  28  10   0   0  5.0547500001154565e-03 
2016   9  28  10  30   0  5.0252080917551206e-03 
2016   9  28  11   0   0  4.9542858232168498e-03 
2016   9  28  11  30   0  5.0296616383382689e-03 
2016   9  28  12   0   0  5.0913759466587032e-03 
2016   9  28  12  30   0  5.2443391488553384e-03 
2016   9  28  13   0   0  5.5356603029529097e-03 
2016   9  28  13  30   0  5.8937505166619959e-03 
2016   9  28  14   0   0  6.1361702009091364e-03 
2016   9  28  14  30   0  5.7679090060451131e-03 
2016   9  28  15   0   0  5.2046339638867371e-03 
2016   9  28  15  30   0  6.0716054413052075e-03 
2016   9  28  16   0   0  6.5459833257438867e-03 
2016   9  28  16  30   0  6.8890156594461219e-03 
2016   9  28  17   0   0  6.2821685262605146e-03 
2016   9  28  17  30   0  6.1583226752140504e-03 
2016   9  28  18   0   0  5.3529499997592486e-03 
2016   9  28  18  30   0  4.6574504061903058e-03 
2016   9  28  19   0   0  3.9230933150418631e-03 
2016   9  28  19  30   0  3.5159426142181462e-03 
2016   9  28  20   0   0  3.3022941794520733e-03 
2016   9  28  20  30   0  2.6837344966708443e-03 
2016   9  28  21   0   0  2.4658543131215187e-03 
2016   9  28  21  30   0  2.3052708063109419e-03 
2016   9  28  22   0   0  2.3351683411760105e-03 
2016   9  28  22  30   0  2.4628774731604744e-03 
2016   9  28  23   0   0  2.6896761745823150e-03 
2016   9  28  23  30   0  2.7787221801430012e-03 
2016   9  29   0   0   0  3.4321211767506126e-03 
2016   9  29   0  30   0  3.7377303311870239e-03 
2016   9  29   1   0   0  3.8357930601293972e-03 
2016   9  29   1  30   0  4.1267686763141690e-03 
2016   9  29   2   0   0  4.1216596856654937e-03 
2016   9  29   2  30   0  4.1800234734018738e-03 
2016   9  29   3   0   0  4.2722192703826553e-03 
2016   9  29   3  30   0  4.1297998636385530e-03 
2016   9  29   4   0   0  4.2933332269246213e-03 
2016   9  29   4  30   0  4.3736132242318329e-03 
2016   9  29   5   0   0  4.2853530751677926e-03 
2016   9  29   5  30   0  3.8805730425023992e-03 
2016   9  29   6   0   0  3.3983925189384075e-03 
2016   9  29   6  30   0  3.3225475929548210e-03 
2016   9  29   7   0   0  3.3011534964927126e-03 
2016   9  29   7  30   0  3.3383650529698492e-03 
2016   9  29   8   0   0  3.4638055943018915e-03 
2016   9  29   8  30   0  3.7623430284153617e-03 
2016   9  29   9   0   0  3.3313959922454295e-03 
2016   9  29   9  30   0  3.3397749544146317e-03 
2016   9  29  10   0   0  3.3884830817168523e-03 
2016   9  29  10  30   0  3.2542804506197139e-03 
2016   9  29  11   0   0  2.9701781316023739e-03 
2016   9  29  11  30   0  2.9637747577443514e-03 
2016   9  29  12   0   0  3.0202729553564060e-03 
2016   9  29  12  30   0  3.2708538007055646e-03 
2016   9  29  13   0   0  3.3079312291892436e-03 
2016   9  29  13  30   0  3.7093895517965850e-03 
2016   9  29  14   0   0  3.8975202970350183e-03 
2016   9  29  14  30   0  4.3740634885257746e-03 
2016   9  29  15   0   0  4.3123975875062623e-03 
2016   9  29  15  30   0  4.4341371523510939e-03 
2016   9  29  16   0   0  4.4432899216632973e-03 
2016   9  29  16  30   0  3.6976305803014258e-03 
2016   9  29  17   0   0  3.0917984509109251e-03 
2016   9  29  17  30   0  2.2621715429952073e-03 
2016   9  29  18   0   0  1.0459039395152563e-03 
2016   9  29  18  30   0  6.3164939280618252e-04 
2016   9  29  19   0   0  4.5172896981775441e-04 
2016   9  29  19  30   0  5.9529555022551502e-04 
2016   9  29  20   0   0  1.0434297724855391e-03 
2016   9  29  20  30   0  1.8746115388882335e-03 
2016   9  29  21   0   0  1.5710650289175996e-03 
2016   9  29  21  30   0  1.7645641709430229e-03 
2016   9  29  22   0   0  1.6306911562044028e-03 
2016   9  29  22  30   0  1.1122287905584406e-03 
2016   9  29  23   0   0  1.1173301210366411e-03 
2016   9  29  23  30   0  1.4468433451256756e-03 
2016   9  30   0   0   0  1.7538610052384928e-03 
2016   9  30   0  30   0  2.1524162812436650e-03 
2016   9  30   1   0   0  2.3345912865498242e-03 
2016   9  30   1  30   0  2.2159137815867523e-03 
2016   9  30   2   0   0  2.1708346182190224e-03 
2016   9  30   2  30   0  2.0895922776270285e-03 
2016   9  30   3   0   0  1.9998683922994548e-03 
2016   9  30   3  30   0  1.9464087446403235e-03 
2016   9  30   4   0   0  2.0271319506141249e-03 
2016   9  30   4  30   0  1.9852796030157323e-03 
2016   9  30   5   0   0  1.8139126440225896e-03 
2016   9  30   5  30   0  1.6992358784724704e-03 
2016   9  30   6   0   0  1.4692272146852919e-03 
2016   9  30   6  30   0  8.8911607154713195e-04 
2016   9  30   7   0   0  1.2292437997476538e-03 
2016   9  30   7  30   0  1.3932909350973177e-03 
2016   9  30   8   0   0  1.4877664924598198e-03 
2016   9  30   8  30   0  1.6325052177217152e-03 
2016   9  30   9   0   0  1.8926524235125936e-03 
2016   9  30   9  30   0  1.9132072371951831e-03 
2016   9  30  10   0   0  1.9674672477297444e-03 
2016   9  30  10  30   0  1.9505647368234767e-03 
2016   9  30  11   0   0  1.7979128819665007e-03 
2016   9  30  11  30   0  1.3772169511199707e-03 
2016   9  30  12   0   0  1.0857612093970977e-03 
2016   9  30  12  30   0  1.1214469202018254e-03 
2016   9  30  13   0   0  9.8242118376788484e-04 
2016   9  30  13  30   0  1.1869765374570645e-03 
2016   9  30  14   0   0  1.5382358298208036e-03 
2016   9  30  14  30   0  1.6245901308767480e-03 
2016   9  30  15   0   0  1.5546048029731296e-03 
2016   9  30  15  30   0  1.4501966747964548e-03 
2016   9  30  16   0   0  1.3600835081069007e-03 
2016   9  30  16  30   0  1.3775163547244573e-03 
2016   9  30  17   0   0  1.5489833298449461e-03 
2016   9  30  17  30   0  1.6689961280974936e-03 
2016   9  30  18   0   0  1.9175087952856742e-03 
2016   9  30  18  30   0  2.5484661570636742e-03 
2016   9  30  19   0   0  2.3685966762617533e-03 
2016   9  30  19  30   0  3.1215606821196145e-03 
2016   9  30  20   0   0  4.1936409338299459e-03 
2016   9  30  20  30   0  3.9771059062088509e-03 
2016   9  30  21   0   0  3.9319530257848762e-03 
2016   9  30  21  30   0  4.0758990938204558e-03 
2016   9  30  22   0   0  3.8722233465757214e-03 
2016   9  30  22  30   0  3.7445710287384707e-03 
2016   9  30  23   0   0  3.7855704905327583e-03 
2016   9  30  23  30   0  3.7785095015289427e-03 
2016  10   1   0   0   0  3.7785095015289427e-03 
