   0   0   0   0   0   0  0.000563 
2016   9   1   0   0   0  5.6329067502588180e-04 
2016   9   1   0  30   0  4.4712310805377362e-04 
2016   9   1   1   0   0  3.9773973129486134e-04 
2016   9   1   1  30   0  3.8942123950488764e-04 
2016   9   1   2   0   0  3.9187725523106057e-04 
2016   9   1   2  30   0  4.0656375339279344e-04 
2016   9   1   3   0   0  4.2027476528671377e-04 
2016   9   1   3  30   0  4.2479842653117366e-04 
2016   9   1   4   0   0  4.3015035359242896e-04 
2016   9   1   4  30   0  4.3911673074702829e-04 
2016   9   1   5   0   0  4.4254848649187317e-04 
2016   9   1   5  30   0  4.6736927915433737e-04 
2016   9   1   6   0   0  4.7074068537993351e-04 
2016   9   1   6  30   0  4.9723622787442990e-04 
2016   9   1   7   0   0  5.2198415942499986e-04 
2016   9   1   7  30   0  5.5498185630875770e-04 
2016   9   1   8   0   0  6.7956821535054108e-04 
2016   9   1   8  30   0  6.5647485650384505e-04 
2016   9   1   9   0   0  6.4988439140674327e-04 
2016   9   1   9  30   0  6.5026396032272953e-04 
2016   9   1  10   0   0  5.4726821374748397e-04 
2016   9   1  10  30   0  5.7276216412743646e-04 
2016   9   1  11   0   0  6.0271731541256977e-04 
2016   9   1  11  30   0  6.2192160721350419e-04 
2016   9   1  12   0   0  5.2203435370110887e-04 
2016   9   1  12  30   0  3.9508298012661317e-04 
2016   9   1  13   0   0  4.7979526232638737e-04 
2016   9   1  13  30   0  5.5106802069815992e-04 
2016   9   1  14   0   0  5.8236999189538972e-04 
2016   9   1  14  30   0  5.5177777354401436e-04 
2016   9   1  15   0   0  5.0137072694555421e-04 
2016   9   1  15  30   0  4.5111828116119906e-04 
2016   9   1  16   0   0  4.3762322013344977e-04 
2016   9   1  16  30   0  4.3221339198883422e-04 
2016   9   1  17   0   0  3.9776896330365337e-04 
2016   9   1  17  30   0  4.2291425849059106e-04 
2016   9   1  18   0   0  4.7788361298559909e-04 
2016   9   1  18  30   0  5.7195036385788447e-04 
2016   9   1  19   0   0  6.2925391250494918e-04 
2016   9   1  19  30   0  6.4103429385802815e-04 
2016   9   1  20   0   0  6.3152115214584899e-04 
2016   9   1  20  30   0  6.1573394011222801e-04 
2016   9   1  21   0   0  5.9556118246655791e-04 
2016   9   1  21  30   0  6.1577312950778786e-04 
2016   9   1  22   0   0  6.2088222728295885e-04 
2016   9   1  22  30   0  6.2961412561991542e-04 
2016   9   1  23   0   0  6.4894525059993170e-04 
2016   9   1  23  30   0  6.6326351937265381e-04 
2016   9   2   0   0   0  7.0276059658718100e-04 
2016   9   2   0  30   0  7.4132456979372546e-04 
2016   9   2   1   0   0  7.7245399428932967e-04 
2016   9   2   1  30   0  7.7997371917250214e-04 
2016   9   2   2   0   0  7.9050775384151555e-04 
2016   9   2   2  30   0  8.0534750634888089e-04 
2016   9   2   3   0   0  8.0716213400332671e-04 
2016   9   2   3  30   0  7.7394641346373500e-04 
2016   9   2   4   0   0  7.6504941707756873e-04 
2016   9   2   4  30   0  7.3448843464892074e-04 
2016   9   2   5   0   0  6.9340167641417441e-04 
2016   9   2   5  30   0  6.3825120816612285e-04 
2016   9   2   6   0   0  5.8594305227693680e-04 
2016   9   2   6  30   0  5.4923852407327909e-04 
2016   9   2   7   0   0  5.3375793996269898e-04 
2016   9   2   7  30   0  5.1988673441065057e-04 
2016   9   2   8   0   0  5.2759716689478660e-04 
2016   9   2   8  30   0  4.5423951630306708e-04 
2016   9   2   9   0   0  3.4476346750661084e-04 
2016   9   2   9  30   0  2.4983306995315306e-04 
2016   9   2  10   0   0  3.2578897631992815e-04 
2016   9   2  10  30   0  1.8127717107073847e-04 
2016   9   2  11   0   0  4.7417494114440536e-05 
2016   9   2  11  30   0  6.2421541043499776e-06 
2016   9   2  12   0   0  1.0545654810972212e-05 
2016   9   2  12  30   0  2.0937325533274317e-05 
2016   9   2  13   0   0  6.1080907131333752e-06 
2016   9   2  13  30   0  6.1263568326669906e-06 
2016   9   2  14   0   0  9.4390314579835796e-06 
2016   9   2  14  30   0  8.6350766652277928e-05 
2016   9   2  15   0   0  1.1700738878040963e-04 
2016   9   2  15  30   0  1.5264380920607768e-04 
2016   9   2  16   0   0  1.3531687838322913e-04 
2016   9   2  16  30   0  1.4623656075680330e-04 
2016   9   2  17   0   0  1.9125647023694958e-04 
2016   9   2  17  30   0  1.3181554917851806e-04 
2016   9   2  18   0   0  1.3644017608781980e-04 
2016   9   2  18  30   0  1.1925432824238262e-04 
2016   9   2  19   0   0  1.1404608934145260e-04 
2016   9   2  19  30   0  1.1483328734603976e-04 
2016   9   2  20   0   0  1.2353156695736216e-04 
2016   9   2  20  30   0  1.4174229282954800e-04 
2016   9   2  21   0   0  1.6503645039148883e-04 
2016   9   2  21  30   0  2.1094066419666214e-04 
2016   9   2  22   0   0  2.3807708800031990e-04 
2016   9   2  22  30   0  2.7640094456765358e-04 
2016   9   2  23   0   0  2.8883955410489445e-04 
2016   9   2  23  30   0  3.0337727469488036e-04 
2016   9   3   0   0   0  3.2482455828874171e-04 
2016   9   3   0  30   0  3.3080292650525348e-04 
2016   9   3   1   0   0  3.2246547078394592e-04 
2016   9   3   1  30   0  3.1377801659314685e-04 
2016   9   3   2   0   0  3.0661136264417633e-04 
2016   9   3   2  30   0  3.0213747700707507e-04 
2016   9   3   3   0   0  3.1030270055910209e-04 
2016   9   3   3  30   0  3.1412940111387829e-04 
2016   9   3   4   0   0  3.1425297800171547e-04 
2016   9   3   4  30   0  3.2702155803146792e-04 
2016   9   3   5   0   0  3.4398925854404631e-04 
2016   9   3   5  30   0  3.4236495947284222e-04 
2016   9   3   6   0   0  3.4910941013599559e-04 
2016   9   3   6  30   0  3.4487480391356739e-04 
2016   9   3   7   0   0  3.5993237328695200e-04 
2016   9   3   7  30   0  4.3784204720639371e-04 
2016   9   3   8   0   0  7.3837990529568764e-04 
2016   9   3   8  30   0  5.8729694761274290e-04 
2016   9   3   9   0   0  3.4461911300625393e-04 
2016   9   3   9  30   0  2.5323155952954718e-04 
2016   9   3  10   0   0  2.3955339487499394e-04 
2016   9   3  10  30   0  2.7182809444538662e-04 
2016   9   3  11   0   0  2.1436579292686032e-04 
2016   9   3  11  30   0  1.9888698762618079e-04 
2016   9   3  12   0   0  1.4323816792331199e-04 
2016   9   3  12  30   0  1.4246915611575470e-04 
2016   9   3  13   0   0  1.3032184672172423e-04 
2016   9   3  13  30   0  1.1395783798583191e-04 
2016   9   3  14   0   0  1.2467695599870598e-04 
2016   9   3  14  30   0  1.2903362398277861e-04 
2016   9   3  15   0   0  1.2154910388295769e-04 
2016   9   3  15  30   0  1.0528107882945705e-04 
2016   9   3  16   0   0  1.1150040533004213e-04 
2016   9   3  16  30   0  6.8935990241637593e-05 
2016   9   3  17   0   0  6.0031013453925021e-05 
2016   9   3  17  30   0  9.9694664643855372e-05 
2016   9   3  18   0   0  1.0786209472918458e-04 
2016   9   3  18  30   0  1.4501751421025418e-04 
2016   9   3  19   0   0  1.8940373278594078e-04 
2016   9   3  19  30   0  2.1776137819025653e-04 
2016   9   3  20   0   0  2.9304168592698808e-04 
2016   9   3  20  30   0  4.1876728884251556e-04 
2016   9   3  21   0   0  4.3483818995758227e-04 
2016   9   3  21  30   0  3.8391980243051552e-04 
2016   9   3  22   0   0  3.2491683691550247e-04 
2016   9   3  22  30   0  3.1276498289171766e-04 
2016   9   3  23   0   0  3.6897923402140926e-04 
2016   9   3  23  30   0  3.8590516370748688e-04 
2016   9   4   0   0   0  3.8099251950108085e-04 
2016   9   4   0  30   0  3.9729561537835958e-04 
2016   9   4   1   0   0  3.9650837523559537e-04 
2016   9   4   1  30   0  3.6953083385210750e-04 
2016   9   4   2   0   0  3.7412478634364280e-04 
2016   9   4   2  30   0  4.1906460741044884e-04 
2016   9   4   3   0   0  3.8239103995104827e-04 
2016   9   4   3  30   0  3.4954820137609655e-04 
2016   9   4   4   0   0  3.1024327814446528e-04 
2016   9   4   4  30   0  2.9263137854197284e-04 
2016   9   4   5   0   0  2.6322545607972332e-04 
2016   9   4   5  30   0  2.2623603400167622e-04 
2016   9   4   6   0   0  2.0343781536607582e-04 
2016   9   4   6  30   0  1.8301853421847980e-04 
2016   9   4   7   0   0  1.6224782618643596e-04 
2016   9   4   7  30   0  1.6036103521952516e-04 
2016   9   4   8   0   0  1.8778377469231698e-04 
2016   9   4   8  30   0  1.8855237068664751e-04 
2016   9   4   9   0   0  1.8030099361472537e-04 
2016   9   4   9  30   0  1.5632611692543597e-04 
2016   9   4  10   0   0  1.2040005067158825e-04 
2016   9   4  10  30   0  9.7103495680982163e-05 
2016   9   4  11   0   0  7.7988576283143153e-05 
2016   9   4  11  30   0  3.2614388030035542e-05 
2016   9   4  12   0   0  1.0773416539204914e-05 
2016   9   4  12  30   0  7.8981204162564606e-06 
2016   9   4  13   0   0  1.9781331403555778e-06 
2016   9   4  13  30   0  1.8830644015042010e-06 
2016   9   4  14   0   0  1.9016189084031706e-06 
2016   9   4  14  30   0  1.5532630413626719e-06 
2016   9   4  15   0   0  1.8239201044858199e-06 
2016   9   4  15  30   0  1.7173453762135221e-06 
2016   9   4  16   0   0  1.8153207658108198e-06 
2016   9   4  16  30   0  1.6373946554258462e-06 
2016   9   4  17   0   0  1.4138580925924552e-06 
2016   9   4  17  30   0  1.6740431622414125e-06 
2016   9   4  18   0   0  2.0048702459824236e-06 
2016   9   4  18  30   0  3.1329862873696230e-06 
2016   9   4  19   0   0  2.8317833509428683e-05 
2016   9   4  19  30   0  5.1833142768202882e-05 
2016   9   4  20   0   0  6.7073215936478225e-05 
2016   9   4  20  30   0  9.0786408596793235e-05 
2016   9   4  21   0   0  1.2227266952675363e-04 
2016   9   4  21  30   0  1.5160015640953040e-04 
2016   9   4  22   0   0  2.0936537703398759e-04 
2016   9   4  22  30   0  3.1024751659687345e-04 
2016   9   4  23   0   0  4.4049665483030035e-04 
2016   9   4  23  30   0  5.0447405487353246e-04 
2016   9   5   0   0   0  5.2223620069649852e-04 
2016   9   5   0  30   0  5.2420535087577540e-04 
2016   9   5   1   0   0  5.2470400635901127e-04 
2016   9   5   1  30   0  4.9369618287127396e-04 
2016   9   5   2   0   0  4.6514525510721045e-04 
2016   9   5   2  30   0  4.6242149855078683e-04 
2016   9   5   3   0   0  4.5123100165079546e-04 
2016   9   5   3  30   0  4.3725386351119958e-04 
2016   9   5   4   0   0  4.3003287316720857e-04 
2016   9   5   4  30   0  4.3044995862320085e-04 
2016   9   5   5   0   0  4.1767369489662920e-04 
2016   9   5   5  30   0  4.1193904681889403e-04 
2016   9   5   6   0   0  4.2467863854383326e-04 
2016   9   5   6  30   0  4.0155595205930357e-04 
2016   9   5   7   0   0  4.0230524899571483e-04 
2016   9   5   7  30   0  3.9671749474711170e-04 
2016   9   5   8   0   0  3.8605597606687110e-04 
2016   9   5   8  30   0  3.8396711025810807e-04 
2016   9   5   9   0   0  3.9305343391339613e-04 
2016   9   5   9  30   0  4.0709278330308744e-04 
2016   9   5  10   0   0  3.7857322276582428e-04 
2016   9   5  10  30   0  3.3503589869323687e-04 
2016   9   5  11   0   0  3.8629922643073267e-04 
2016   9   5  11  30   0  3.7630486343775239e-04 
2016   9   5  12   0   0  3.6116205158829759e-04 
2016   9   5  12  30   0  2.9639214074368670e-04 
2016   9   5  13   0   0  2.5768342241859796e-04 
2016   9   5  13  30   0  1.8793496750854415e-04 
2016   9   5  14   0   0  1.4814534705538229e-04 
2016   9   5  14  30   0  1.5409638446318625e-04 
2016   9   5  15   0   0  1.6767474866383463e-04 
2016   9   5  15  30   0  1.7941463323691871e-04 
2016   9   5  16   0   0  2.1114971978424934e-04 
2016   9   5  16  30   0  2.0628898643237258e-04 
2016   9   5  17   0   0  1.9070059713951261e-04 
2016   9   5  17  30   0  1.7848625932851428e-04 
2016   9   5  18   0   0  1.8212989640019721e-04 
2016   9   5  18  30   0  2.0468191780465708e-04 
2016   9   5  19   0   0  2.2543744407216529e-04 
2016   9   5  19  30   0  2.1732811563868919e-04 
2016   9   5  20   0   0  2.2165616384330761e-04 
2016   9   5  20  30   0  2.3976414922600078e-04 
2016   9   5  21   0   0  2.4519012915636459e-04 
2016   9   5  21  30   0  2.5216451247285287e-04 
2016   9   5  22   0   0  2.5514139631529521e-04 
2016   9   5  22  30   0  2.5127986861058041e-04 
2016   9   5  23   0   0  2.5696610820303694e-04 
2016   9   5  23  30   0  2.7873491231087527e-04 
2016   9   6   0   0   0  3.0479536552116624e-04 
2016   9   6   0  30   0  2.9380518743499950e-04 
2016   9   6   1   0   0  3.0960100483816465e-04 
2016   9   6   1  30   0  3.2346731851586762e-04 
2016   9   6   2   0   0  2.9449761195621537e-04 
2016   9   6   2  30   0  2.8491662741659033e-04 
2016   9   6   3   0   0  2.6278998049483298e-04 
2016   9   6   3  30   0  2.4072726762473852e-04 
2016   9   6   4   0   0  2.3084369216947164e-04 
2016   9   6   4  30   0  2.4513151559668128e-04 
2016   9   6   5   0   0  2.5189524570247808e-04 
2016   9   6   5  30   0  2.6230326504539598e-04 
2016   9   6   6   0   0  2.5017786117413138e-04 
2016   9   6   6  30   0  3.6526304824764921e-04 
2016   9   6   7   0   0  3.3396489580114487e-04 
2016   9   6   7  30   0  3.1684937152151778e-04 
2016   9   6   8   0   0  3.0726910248830153e-04 
2016   9   6   8  30   0  3.2604479308843504e-04 
2016   9   6   9   0   0  3.0629323473171970e-04 
2016   9   6   9  30   0  2.8652556980277125e-04 
2016   9   6  10   0   0  2.8920654278929075e-04 
2016   9   6  10  30   0  2.7651972753970039e-04 
2016   9   6  11   0   0  2.6961128130554164e-04 
2016   9   6  11  30   0  2.7553415794850114e-04 
2016   9   6  12   0   0  2.9402475926688416e-04 
2016   9   6  12  30   0  2.8174993619124695e-04 
2016   9   6  13   0   0  2.4107673176472814e-04 
2016   9   6  13  30   0  2.0415741880972136e-04 
2016   9   6  14   0   0  1.6559062288812421e-04 
2016   9   6  14  30   0  1.3775560797618468e-04 
2016   9   6  15   0   0  8.9621266603175708e-05 
2016   9   6  15  30   0  9.0889310487080263e-05 
2016   9   6  16   0   0  3.4691640943123049e-05 
2016   9   6  16  30   0  1.5555104150786692e-05 
2016   9   6  17   0   0  7.2173751890218288e-05 
2016   9   6  17  30   0  1.1639119349716198e-04 
2016   9   6  18   0   0  2.4871024242736786e-04 
2016   9   6  18  30   0  3.7625070886008067e-04 
2016   9   6  19   0   0  4.1766723244904594e-04 
2016   9   6  19  30   0  4.4264836684469863e-04 
2016   9   6  20   0   0  4.5851369406123721e-04 
2016   9   6  20  30   0  4.7747321033815733e-04 
2016   9   6  21   0   0  4.9236795087668225e-04 
2016   9   6  21  30   0  5.0758750854596379e-04 
2016   9   6  22   0   0  5.1382291335274200e-04 
2016   9   6  22  30   0  5.2168748232569030e-04 
2016   9   6  23   0   0  5.2123180975915224e-04 
2016   9   6  23  30   0  5.0374412296931331e-04 
2016   9   7   0   0   0  4.8178533098843331e-04 
2016   9   7   0  30   0  4.6813608789922102e-04 
2016   9   7   1   0   0  4.5975132723355188e-04 
2016   9   7   1  30   0  4.5073297427694603e-04 
2016   9   7   2   0   0  4.4106837198403301e-04 
2016   9   7   2  30   0  4.1069786516155358e-04 
2016   9   7   3   0   0  3.8865519601164622e-04 
2016   9   7   3  30   0  3.6985313102552421e-04 
2016   9   7   4   0   0  3.4754047967512923e-04 
2016   9   7   4  30   0  3.3470756371051691e-04 
2016   9   7   5   0   0  3.2044919376461985e-04 
2016   9   7   5  30   0  3.2401702740941888e-04 
2016   9   7   6   0   0  3.1226603578091117e-04 
2016   9   7   6  30   0  3.0665706125673162e-04 
2016   9   7   7   0   0  3.1491549981555822e-04 
2016   9   7   7  30   0  2.9372185093781824e-04 
2016   9   7   8   0   0  3.1281334614120310e-04 
2016   9   7   8  30   0  3.1150512324572857e-04 
2016   9   7   9   0   0  2.2062126517764761e-04 
2016   9   7   9  30   0  2.0148395786957795e-04 
2016   9   7  10   0   0  8.5703064244188395e-05 
2016   9   7  10  30   0  3.8902560554526145e-05 
2016   9   7  11   0   0  1.7311106867323548e-05 
2016   9   7  11  30   0  2.6808679338841123e-06 
2016   9   7  12   0   0  2.2719417962387852e-06 
2016   9   7  12  30   0  1.9111061262644346e-06 
2016   9   7  13   0   0  1.6177577649256294e-06 
2016   9   7  13  30   0  1.8927037797271841e-06 
2016   9   7  14   0   0  2.0684599814598006e-06 
2016   9   7  14  30   0  2.0265945101405422e-06 
2016   9   7  15   0   0  2.2501303174826428e-06 
2016   9   7  15  30   0  2.3466943776182525e-06 
2016   9   7  16   0   0  2.1316824592728105e-06 
2016   9   7  16  30   0  1.9797331679536977e-06 
2016   9   7  17   0   0  2.3048893398592176e-06 
2016   9   7  17  30   0  9.2526135395315397e-06 
2016   9   7  18   0   0  4.5047091881384517e-05 
2016   9   7  18  30   0  6.8774753534428542e-05 
2016   9   7  19   0   0  1.0388140782169123e-04 
2016   9   7  19  30   0  1.5234561167731651e-04 
2016   9   7  20   0   0  1.4979005992561489e-04 
2016   9   7  20  30   0  1.4729688336164774e-04 
2016   9   7  21   0   0  1.4091646258251916e-04 
2016   9   7  21  30   0  1.1586984434334766e-04 
2016   9   7  22   0   0  8.5254634832752454e-05 
2016   9   7  22  30   0  8.3632158630653577e-05 
2016   9   7  23   0   0  7.3669817765448933e-05 
2016   9   7  23  30   0  7.2256466400247329e-05 
2016   9   8   0   0   0  7.2243291963105865e-05 
2016   9   8   0  30   0  7.3503360515866459e-05 
2016   9   8   1   0   0  7.7193080526179669e-05 
2016   9   8   1  30   0  7.9672892367800034e-05 
2016   9   8   2   0   0  8.2612445718899087e-05 
2016   9   8   2  30   0  8.2239880607164523e-05 
2016   9   8   3   0   0  8.1363462951122086e-05 
2016   9   8   3  30   0  8.3395762699487792e-05 
2016   9   8   4   0   0  8.3982394167936311e-05 
2016   9   8   4  30   0  8.5711639346236875e-05 
2016   9   8   5   0   0  8.8359501969097757e-05 
2016   9   8   5  30   0  9.2515131056965117e-05 
2016   9   8   6   0   0  9.4792170384444560e-05 
2016   9   8   6  30   0  9.3426817743977225e-05 
2016   9   8   7   0   0  9.0360319523715804e-05 
2016   9   8   7  30   0  8.8884304759466291e-05 
2016   9   8   8   0   0  8.7473855215760399e-05 
2016   9   8   8  30   0  1.0250001449669674e-04 
2016   9   8   9   0   0  1.0643054762658623e-04 
2016   9   8   9  30   0  1.0086511434038910e-04 
2016   9   8  10   0   0  6.9506996888170193e-05 
2016   9   8  10  30   0  4.4892173741693575e-05 
2016   9   8  11   0   0  3.5408076196613279e-05 
2016   9   8  11  30   0  9.8182953620310332e-06 
2016   9   8  12   0   0  1.8469387682307717e-06 
2016   9   8  12  30   0  1.8586155511919680e-06 
2016   9   8  13   0   0  2.1334912825717696e-06 
2016   9   8  13  30   0  8.3269148203862240e-06 
2016   9   8  14   0   0  2.6230498042502636e-05 
2016   9   8  14  30   0  5.2244977595452394e-05 
2016   9   8  15   0   0  6.0817211043230252e-05 
2016   9   8  15  30   0  6.3784558145163467e-05 
2016   9   8  16   0   0  1.9829541730936943e-04 
2016   9   8  16  30   0  2.4628475480806982e-04 
2016   9   8  17   0   0  2.4868053604976321e-04 
2016   9   8  17  30   0  2.5715657901366609e-04 
2016   9   8  18   0   0  2.7415507570680047e-04 
2016   9   8  18  30   0  2.8278475910111493e-04 
2016   9   8  19   0   0  3.0164253465037234e-04 
2016   9   8  19  30   0  3.0536495620054320e-04 
2016   9   8  20   0   0  2.9996949982636977e-04 
2016   9   8  20  30   0  2.9527761767747713e-04 
2016   9   8  21   0   0  3.0169558962703940e-04 
2016   9   8  21  30   0  3.0748684625144651e-04 
2016   9   8  22   0   0  3.1553826150484661e-04 
2016   9   8  22  30   0  3.1324175993250204e-04 
2016   9   8  23   0   0  3.3155124627874867e-04 
2016   9   8  23  30   0  3.3658308778319293e-04 
2016   9   9   0   0   0  3.4652282578280546e-04 
2016   9   9   0  30   0  3.3371710781388535e-04 
2016   9   9   1   0   0  3.3360992337047563e-04 
2016   9   9   1  30   0  3.4347965952251277e-04 
2016   9   9   2   0   0  3.3522825490986304e-04 
2016   9   9   2  30   0  3.6430306001329616e-04 
2016   9   9   3   0   0  3.7460484611067236e-04 
2016   9   9   3  30   0  3.6629119844476971e-04 
2016   9   9   4   0   0  3.5745142266196007e-04 
2016   9   9   4  30   0  3.5873766229436776e-04 
2016   9   9   5   0   0  3.5820492590246103e-04 
2016   9   9   5  30   0  3.8582624884612830e-04 
2016   9   9   6   0   0  3.5110004104998575e-04 
2016   9   9   6  30   0  3.6013156357888839e-04 
2016   9   9   7   0   0  3.5286003434761994e-04 
2016   9   9   7  30   0  3.5032636882490625e-04 
2016   9   9   8   0   0  3.6640951815219904e-04 
2016   9   9   8  30   0  3.9650284107265067e-04 
2016   9   9   9   0   0  3.7876920176007229e-04 
2016   9   9   9  30   0  3.8758083753920097e-04 
2016   9   9  10   0   0  3.5179843557776945e-04 
2016   9   9  10  30   0  3.0393937820621968e-04 
2016   9   9  11   0   0  3.4213102543376818e-04 
2016   9   9  11  30   0  3.1856213037048789e-04 
2016   9   9  12   0   0  3.1715704282544196e-04 
2016   9   9  12  30   0  2.4892463597121886e-04 
2016   9   9  13   0   0  1.6781638856124142e-04 
2016   9   9  13  30   0  1.0192340402831191e-04 
2016   9   9  14   0   0  9.8661651178501077e-05 
2016   9   9  14  30   0  1.0993915315912622e-04 
2016   9   9  15   0   0  1.4667263871560038e-04 
2016   9   9  15  30   0  1.3004042508342768e-04 
2016   9   9  16   0   0  1.1024364896054025e-04 
2016   9   9  16  30   0  9.0968586344573318e-05 
2016   9   9  17   0   0  9.5308563982916795e-05 
2016   9   9  17  30   0  1.3203384417716322e-04 
2016   9   9  18   0   0  1.5841495399868282e-04 
2016   9   9  18  30   0  1.8424325096209060e-04 
2016   9   9  19   0   0  2.1514277328644327e-04 
2016   9   9  19  30   0  2.4916426818220319e-04 
2016   9   9  20   0   0  5.4020689862750357e-04 
2016   9   9  20  30   0  4.2200706147328015e-04 
2016   9   9  21   0   0  3.8572746875599337e-04 
2016   9   9  21  30   0  4.1279302420070503e-04 
2016   9   9  22   0   0  5.1120443846459592e-04 
2016   9   9  22  30   0  7.7245983737633372e-04 
2016   9   9  23   0   0  6.5187260494482379e-04 
2016   9   9  23  30   0  5.7737698489911517e-04 
2016   9  10   0   0   0  6.0443384948693558e-04 
2016   9  10   0  30   0  6.3729847960288888e-04 
2016   9  10   1   0   0  6.9424247290347156e-04 
2016   9  10   1  30   0  7.4018704284727662e-04 
2016   9  10   2   0   0  7.4955902954202574e-04 
2016   9  10   2  30   0  7.5893014774684633e-04 
2016   9  10   3   0   0  7.1188024317720149e-04 
2016   9  10   3  30   0  6.9015797645791371e-04 
2016   9  10   4   0   0  6.6232962744996332e-04 
2016   9  10   4  30   0  6.0248492517041426e-04 
2016   9  10   5   0   0  5.7094928496757803e-04 
2016   9  10   5  30   0  5.5335860749445296e-04 
2016   9  10   6   0   0  5.3754578583668560e-04 
2016   9  10   6  30   0  5.4056806060348583e-04 
2016   9  10   7   0   0  5.2332815924096242e-04 
2016   9  10   7  30   0  4.9068789440627697e-04 
2016   9  10   8   0   0  4.4175368017875124e-04 
2016   9  10   8  30   0  4.1438448787858861e-04 
2016   9  10   9   0   0  4.3898898026757438e-04 
2016   9  10   9  30   0  3.5683425252861249e-04 
2016   9  10  10   0   0  2.6791278610998871e-04 
2016   9  10  10  30   0  2.2405681827575673e-04 
2016   9  10  11   0   0  1.5244260181017797e-04 
2016   9  10  11  30   0  1.0983468977414966e-04 
2016   9  10  12   0   0  9.6504345711715843e-05 
2016   9  10  12  30   0  5.7279620126460048e-05 
2016   9  10  13   0   0  3.6871390409811609e-05 
2016   9  10  13  30   0  1.8115121272058918e-05 
2016   9  10  14   0   0  4.3839024649943191e-05 
2016   9  10  14  30   0  4.6516047473624065e-05 
2016   9  10  15   0   0  7.8167430455359713e-06 
2016   9  10  15  30   0  7.9713987427862383e-06 
2016   9  10  16   0   0  9.1274839061003566e-06 
2016   9  10  16  30   0  2.0198701781471872e-05 
2016   9  10  17   0   0  1.1934527023913913e-04 
2016   9  10  17  30   0  2.8155354329765261e-04 
2016   9  10  18   0   0  5.2351706805375884e-04 
2016   9  10  18  30   0  7.1822353645822890e-04 
2016   9  10  19   0   0  8.1289471211561191e-04 
2016   9  10  19  30   0  7.9740736329328367e-04 
2016   9  10  20   0   0  8.1730669689244930e-04 
2016   9  10  20  30   0  7.9656122696204225e-04 
2016   9  10  21   0   0  6.4673953563979306e-04 
2016   9  10  21  30   0  6.0242047254331665e-04 
2016   9  10  22   0   0  5.9762305314437153e-04 
2016   9  10  22  30   0  6.1192290683826538e-04 
2016   9  10  23   0   0  6.1942611151614350e-04 
2016   9  10  23  30   0  6.2129653845778533e-04 
2016   9  11   0   0   0  6.0639880363961695e-04 
2016   9  11   0  30   0  5.8941979273519952e-04 
2016   9  11   1   0   0  6.1052094628322694e-04 
2016   9  11   1  30   0  5.8598571626071732e-04 
2016   9  11   2   0   0  6.2150529259664944e-04 
2016   9  11   2  30   0  5.7922000103497178e-04 
2016   9  11   3   0   0  5.8303497472037577e-04 
2016   9  11   3  30   0  5.5886488440784108e-04 
2016   9  11   4   0   0  5.5470451517546581e-04 
2016   9  11   4  30   0  5.6813423159401445e-04 
2016   9  11   5   0   0  5.8056170505772797e-04 
2016   9  11   5  30   0  5.8648878445360009e-04 
2016   9  11   6   0   0  5.4452965933379533e-04 
2016   9  11   6  30   0  5.8972492208118172e-04 
2016   9  11   7   0   0  5.7622615441894074e-04 
2016   9  11   7  30   0  6.0770709837156271e-04 
2016   9  11   8   0   0  6.1082259895874872e-04 
2016   9  11   8  30   0  5.8667328563879496e-04 
2016   9  11   9   0   0  5.5842635666350678e-04 
2016   9  11   9  30   0  5.3733552719715237e-04 
2016   9  11  10   0   0  5.6499639643957877e-04 
2016   9  11  10  30   0  5.3225962411288365e-04 
2016   9  11  11   0   0  4.9147331459024174e-04 
2016   9  11  11  30   0  4.8761210462051457e-04 
2016   9  11  12   0   0  5.2416453826279938e-04 
2016   9  11  12  30   0  5.4941055724117330e-04 
2016   9  11  13   0   0  5.2219343893689140e-04 
2016   9  11  13  30   0  4.2261859277603435e-04 
2016   9  11  14   0   0  4.1398190551490384e-04 
2016   9  11  14  30   0  3.5398303026613545e-04 
2016   9  11  15   0   0  4.0609947244915184e-04 
2016   9  11  15  30   0  4.6203682085602977e-04 
2016   9  11  16   0   0  4.6922389411073738e-04 
2016   9  11  16  30   0  4.7022115619267094e-04 
2016   9  11  17   0   0  4.2498536598936345e-04 
2016   9  11  17  30   0  3.7573913530789883e-04 
2016   9  11  18   0   0  3.6803353320694109e-04 
2016   9  11  18  30   0  4.3250909674663612e-04 
2016   9  11  19   0   0  5.1278995305334982e-04 
2016   9  11  19  30   0  5.5242442824597984e-04 
2016   9  11  20   0   0  5.3994306523244312e-04 
2016   9  11  20  30   0  5.4882236682069776e-04 
2016   9  11  21   0   0  5.6146617672249433e-04 
2016   9  11  21  30   0  5.8374695793004627e-04 
2016   9  11  22   0   0  6.1327008157711926e-04 
2016   9  11  22  30   0  6.3775924603450582e-04 
2016   9  11  23   0   0  6.4571662985320058e-04 
2016   9  11  23  30   0  6.6722348872818541e-04 
2016   9  12   0   0   0  6.7250063379614374e-04 
2016   9  12   0  30   0  6.6507646631300461e-04 
2016   9  12   1   0   0  4.6582677386123716e-04 
2016   9  12   1  30   0  2.1193272390956469e-04 
2016   9  12   2   0   0  1.9627764299906460e-04 
2016   9  12   2  30   0  2.0003385087072513e-04 
2016   9  12   3   0   0  1.8799763855411605e-04 
2016   9  12   3  30   0  1.8298321572691404e-04 
2016   9  12   4   0   0  1.7257053138721001e-04 
2016   9  12   4  30   0  1.6634434647270260e-04 
2016   9  12   5   0   0  1.6616568524262788e-04 
2016   9  12   5  30   0  1.7170950829295331e-04 
2016   9  12   6   0   0  1.6865829892092027e-04 
2016   9  12   6  30   0  1.6500344654245077e-04 
2016   9  12   7   0   0  1.6435226760719900e-04 
2016   9  12   7  30   0  1.4203308413778429e-04 
2016   9  12   8   0   0  1.2937124619970939e-04 
2016   9  12   8  30   0  1.3469707525657379e-04 
2016   9  12   9   0   0  1.1242690158757193e-04 
2016   9  12   9  30   0  7.0315181336411307e-05 
2016   9  12  10   0   0  4.3390054494581769e-05 
2016   9  12  10  30   0  1.4189972183476653e-05 
2016   9  12  11   0   0  1.8589203787474358e-06 
2016   9  12  11  30   0  1.6595120503422905e-06 
2016   9  12  12   0   0  1.8342466127276731e-06 
2016   9  12  12  30   0  2.0922563959881713e-06 
2016   9  12  13   0   0  2.0818579305972201e-06 
2016   9  12  13  30   0  2.1320861334143756e-06 
2016   9  12  14   0   0  2.0085943041322962e-06 
2016   9  12  14  30   0  1.8643124378808128e-06 
2016   9  12  15   0   0  1.6743224892400959e-06 
2016   9  12  15  30   0  1.9376103437491077e-06 
2016   9  12  16   0   0  1.7613264503235208e-06 
2016   9  12  16  30   0  1.7571343130661943e-06 
2016   9  12  17   0   0  9.9030624125425548e-06 
2016   9  12  17  30   0  4.6206449767005314e-05 
2016   9  12  18   0   0  6.2430300346832607e-05 
2016   9  12  18  30   0  1.0952143787315800e-04 
2016   9  12  19   0   0  1.1965848728550907e-04 
2016   9  12  19  30   0  1.5939197831217302e-04 
2016   9  12  20   0   0  1.6457807268787771e-04 
2016   9  12  20  30   0  2.0712324283201960e-04 
2016   9  12  21   0   0  1.9401520994647011e-04 
2016   9  12  21  30   0  1.9130984782707175e-04 
2016   9  12  22   0   0  2.0766384200625191e-04 
2016   9  12  22  30   0  2.3565569299212585e-04 
2016   9  12  23   0   0  2.4787842517033675e-04 
2016   9  12  23  30   0  2.3776479228287571e-04 
2016   9  13   0   0   0  2.3044427626942490e-04 
2016   9  13   0  30   0  2.3238919683438028e-04 
2016   9  13   1   0   0  2.2916451949734357e-04 
2016   9  13   1  30   0  2.3008601594194598e-04 
2016   9  13   2   0   0  2.2308112540296858e-04 
2016   9  13   2  30   0  2.2425867315543777e-04 
2016   9  13   3   0   0  2.1359149863431980e-04 
2016   9  13   3  30   0  2.1050971484236691e-04 
2016   9  13   4   0   0  2.2262089497749530e-04 
2016   9  13   4  30   0  2.2956604343893989e-04 
2016   9  13   5   0   0  2.2400940142954442e-04 
2016   9  13   5  30   0  2.4850219805996193e-04 
2016   9  13   6   0   0  2.5660323258494685e-04 
2016   9  13   6  30   0  2.5267355525085698e-04 
2016   9  13   7   0   0  2.6383657697563875e-04 
2016   9  13   7  30   0  2.6565480793518570e-04 
2016   9  13   8   0   0  2.1731691653142029e-04 
2016   9  13   8  30   0  2.0431152551048909e-04 
2016   9  13   9   0   0  7.5710424290387023e-05 
2016   9  13   9  30   0  1.3987630095952597e-05 
2016   9  13  10   0   0  3.1539559054786048e-06 
2016   9  13  10  30   0  2.5524095479372982e-06 
2016   9  13  11   0   0  2.2138368292022299e-06 
2016   9  13  11  30   0  2.4304551544316086e-06 
2016   9  13  12   0   0  2.4376021883502355e-06 
2016   9  13  12  30   0  2.4970658700957273e-06 
2016   9  13  13   0   0  2.5930656149079213e-06 
2016   9  13  13  30   0  3.2954830476176548e-06 
2016   9  13  14   0   0  3.3815892491539235e-06 
2016   9  13  14  30   0  3.6104265109632200e-06 
2016   9  13  15   0   0  3.8414098992947190e-06 
2016   9  13  15  30   0  3.2533944670672181e-05 
2016   9  13  16   0   0  6.5534561939169486e-05 
2016   9  13  16  30   0  1.0070009525688746e-04 
2016   9  13  17   0   0  1.3194065053835020e-04 
2016   9  13  17  30   0  1.6172699612235095e-04 
2016   9  13  18   0   0  1.8775672615594903e-04 
2016   9  13  18  30   0  2.2136754034947158e-04 
2016   9  13  19   0   0  2.7466767835489209e-04 
2016   9  13  19  30   0  3.0797608945107600e-04 
2016   9  13  20   0   0  3.1968650857172137e-04 
2016   9  13  20  30   0  3.4503300449467006e-04 
2016   9  13  21   0   0  3.6045343045619760e-04 
2016   9  13  21  30   0  3.8245540280563604e-04 
2016   9  13  22   0   0  3.9864728200180696e-04 
2016   9  13  22  30   0  4.2358631256494413e-04 
2016   9  13  23   0   0  4.1104967526479208e-04 
2016   9  13  23  30   0  3.8776629891930944e-04 
2016   9  14   0   0   0  3.1463985864946611e-04 
2016   9  14   0  30   0  3.4362578827316930e-04 
2016   9  14   1   0   0  3.4421849166584283e-04 
2016   9  14   1  30   0  3.2345824166855267e-04 
2016   9  14   2   0   0  3.2237652557584839e-04 
2016   9  14   2  30   0  3.2176984125621065e-04 
2016   9  14   3   0   0  3.3111680946488017e-04 
2016   9  14   3  30   0  3.3666846405484206e-04 
2016   9  14   4   0   0  3.3606162847918218e-04 
2016   9  14   4  30   0  3.3240053561448381e-04 
2016   9  14   5   0   0  3.6559031542170286e-04 
2016   9  14   5  30   0  3.5935688222875795e-04 
2016   9  14   6   0   0  3.5188845805604331e-04 
2016   9  14   6  30   0  3.4983772489579170e-04 
2016   9  14   7   0   0  3.3964084814620289e-04 
2016   9  14   7  30   0  3.6333083392273803e-04 
2016   9  14   8   0   0  3.2521552543506233e-04 
2016   9  14   8  30   0  4.1209855855704590e-04 
2016   9  14   9   0   0  2.6045428618468220e-04 
2016   9  14   9  30   0  1.6304164096045396e-04 
2016   9  14  10   0   0  6.3219500443962155e-05 
2016   9  14  10  30   0  2.5554207638559663e-05 
2016   9  14  11   0   0  3.4030620305245114e-06 
2016   9  14  11  30   0  3.5534160954614019e-06 
2016   9  14  12   0   0  3.6477534234473174e-06 
2016   9  14  12  30   0  3.7486398878011008e-06 
2016   9  14  13   0   0  4.0466526748523072e-06 
2016   9  14  13  30   0  4.0642228395180449e-06 
2016   9  14  14   0   0  4.1305987185780937e-06 
2016   9  14  14  30   0  4.1570938788194396e-06 
2016   9  14  15   0   0  4.1583729101332892e-06 
2016   9  14  15  30   0  4.0839737740369477e-06 
2016   9  14  16   0   0  3.9603918070480486e-06 
2016   9  14  16  30   0  4.2552417879741163e-06 
2016   9  14  17   0   0  4.4896395182015097e-06 
2016   9  14  17  30   0  2.4429247271522779e-05 
2016   9  14  18   0   0  1.2357462020074419e-04 
2016   9  14  18  30   0  1.7795163438418408e-04 
2016   9  14  19   0   0  1.8265121436337043e-04 
2016   9  14  19  30   0  2.3719021824916158e-04 
2016   9  14  20   0   0  2.1151858723307722e-04 
2016   9  14  20  30   0  2.1756319222966523e-04 
2016   9  14  21   0   0  2.1641413408488285e-04 
2016   9  14  21  30   0  2.3312832834732688e-04 
2016   9  14  22   0   0  2.7309352502161269e-04 
2016   9  14  22  30   0  3.0569893971460477e-04 
2016   9  14  23   0   0  3.0699831609790718e-04 
2016   9  14  23  30   0  2.7059160591749867e-04 
2016   9  15   0   0   0  3.8260270269951582e-04 
2016   9  15   0  30   0  4.1269811882914696e-04 
2016   9  15   1   0   0  4.4202282855194524e-04 
2016   9  15   1  30   0  4.9852259241396841e-04 
2016   9  15   2   0   0  5.0179182502367321e-04 
2016   9  15   2  30   0  4.9942561185231432e-04 
2016   9  15   3   0   0  5.2496823842516579e-04 
2016   9  15   3  30   0  5.7982482735732853e-04 
2016   9  15   4   0   0  6.4248418337986514e-04 
2016   9  15   4  30   0  6.6469686432566431e-04 
2016   9  15   5   0   0  6.5387842883070759e-04 
2016   9  15   5  30   0  6.6262855465340552e-04 
2016   9  15   6   0   0  6.6224863844424977e-04 
2016   9  15   6  30   0  6.6376264891709663e-04 
2016   9  15   7   0   0  6.6690296843004116e-04 
2016   9  15   7  30   0  6.7309140376593151e-04 
2016   9  15   8   0   0  4.7912651375569854e-04 
2016   9  15   8  30   0  2.4295856933176713e-04 
2016   9  15   9   0   0  2.2928620935568257e-04 
2016   9  15   9  30   0  8.0986061884422879e-05 
2016   9  15  10   0   0  7.9450627256236921e-06 
2016   9  15  10  30   0  7.3682845676056064e-06 
2016   9  15  11   0   0  6.6975469960780630e-06 
2016   9  15  11  30   0  5.7368431017063715e-06 
2016   9  15  12   0   0  5.1352514758172420e-06 
2016   9  15  12  30   0  4.3441236010306025e-06 
2016   9  15  13   0   0  3.9775398034122248e-06 
2016   9  15  13  30   0  3.7500206531818113e-06 
2016   9  15  14   0   0  3.7809018272424492e-06 
2016   9  15  14  30   0  2.9781865040339007e-06 
2016   9  15  15   0   0  3.5199292076033904e-06 
2016   9  15  15  30   0  3.7684125945510415e-06 
2016   9  15  16   0   0  3.3280547860555129e-06 
2016   9  15  16  30   0  2.6596929180739071e-06 
2016   9  15  17   0   0  2.1821487997374560e-06 
2016   9  15  17  30   0  4.1530219712192623e-05 
2016   9  15  18   0   0  8.0065661367496399e-05 
2016   9  15  18  30   0  1.1355657400771240e-04 
2016   9  15  19   0   0  1.3602883324203207e-04 
2016   9  15  19  30   0  1.4863801580793060e-04 
2016   9  15  20   0   0  1.5447463453500533e-04 
2016   9  15  20  30   0  1.7072272526891136e-04 
2016   9  15  21   0   0  1.9177668915803630e-04 
2016   9  15  21  30   0  2.0067433137927165e-04 
2016   9  15  22   0   0  2.2473669354964036e-04 
2016   9  15  22  30   0  2.3329274468610988e-04 
2016   9  15  23   0   0  2.4840370634949551e-04 
2016   9  15  23  30   0  2.5059633432524220e-04 
2016   9  16   0   0   0  2.5212134369662076e-04 
2016   9  16   0  30   0  2.4836341220000957e-04 
2016   9  16   1   0   0  2.4141116447713666e-04 
2016   9  16   1  30   0  2.3343369422101066e-04 
2016   9  16   2   0   0  2.3038272404129467e-04 
2016   9  16   2  30   0  2.3529542146303312e-04 
2016   9  16   3   0   0  2.4327206596721923e-04 
2016   9  16   3  30   0  2.4850676610601799e-04 
2016   9  16   4   0   0  2.4696159146762810e-04 
2016   9  16   4  30   0  2.3741487854990430e-04 
2016   9  16   5   0   0  2.4247479810848458e-04 
2016   9  16   5  30   0  2.5102447591347175e-04 
2016   9  16   6   0   0  2.5940105146010281e-04 
2016   9  16   6  30   0  2.5776512663313515e-04 
2016   9  16   7   0   0  2.5288338907156118e-04 
2016   9  16   7  30   0  2.5032593143919593e-04 
2016   9  16   8   0   0  2.5307695408555110e-04 
2016   9  16   8  30   0  2.3868770674305908e-04 
2016   9  16   9   0   0  2.4008424331817954e-04 
2016   9  16   9  30   0  2.3369119352862659e-04 
2016   9  16  10   0   0  2.2588130550559387e-04 
2016   9  16  10  30   0  1.6209650612820662e-04 
2016   9  16  11   0   0  1.1116238152433443e-04 
2016   9  16  11  30   0  6.6550082052870661e-05 
2016   9  16  12   0   0  5.6144516679821313e-05 
2016   9  16  12  30   0  5.3222576059217600e-05 
2016   9  16  13   0   0  3.5805679225840266e-05 
2016   9  16  13  30   0  1.4164084147697659e-05 
2016   9  16  14   0   0  1.9179899471422649e-06 
2016   9  16  14  30   0  2.1160023104646436e-06 
2016   9  16  15   0   0  2.0999827648934884e-06 
2016   9  16  15  30   0  2.0368174504933858e-06 
2016   9  16  16   0   0  1.9656260204141578e-06 
2016   9  16  16  30   0  2.7946746216009159e-06 
2016   9  16  17   0   0  4.6577990849255463e-06 
2016   9  16  17  30   0  1.7998531598672220e-05 
2016   9  16  18   0   0  8.1575471935581493e-05 
2016   9  16  18  30   0  9.6090013566367983e-05 
2016   9  16  19   0   0  1.1225779786164774e-04 
2016   9  16  19  30   0  1.3659825056340941e-04 
2016   9  16  20   0   0  1.6382111332905843e-04 
2016   9  16  20  30   0  1.6874288863965884e-04 
2016   9  16  21   0   0  1.8679045248292268e-04 
2016   9  16  21  30   0  2.1775214876241410e-04 
2016   9  16  22   0   0  2.3655973663652645e-04 
2016   9  16  22  30   0  2.4977781301338200e-04 
2016   9  16  23   0   0  2.6222707651342686e-04 
2016   9  16  23  30   0  2.2522530568105868e-04 
2016   9  17   0   0   0  2.3105911353829835e-04 
2016   9  17   0  30   0  2.3346197920417745e-04 
2016   9  17   1   0   0  2.5058984109337063e-04 
2016   9  17   1  30   0  2.6696274524508210e-04 
2016   9  17   2   0   0  3.6414091437870973e-04 
2016   9  17   2  30   0  3.5407676445730230e-04 
2016   9  17   3   0   0  3.4864960290823134e-04 
2016   9  17   3  30   0  3.5228120690830486e-04 
2016   9  17   4   0   0  3.3439315629895191e-04 
2016   9  17   4  30   0  3.2232477849922448e-04 
2016   9  17   5   0   0  3.2257774860252464e-04 
2016   9  17   5  30   0  2.7315720672817061e-04 
2016   9  17   6   0   0  2.2695446285361017e-04 
2016   9  17   6  30   0  1.7135273989271182e-04 
2016   9  17   7   0   0  1.6965864155675921e-04 
2016   9  17   7  30   0  1.3577669388028404e-04 
2016   9  17   8   0   0  1.2325170591913866e-04 
2016   9  17   8  30   0  1.1989645597483903e-04 
2016   9  17   9   0   0  1.1344378311771461e-04 
2016   9  17   9  30   0  9.1800349101844595e-05 
2016   9  17  10   0   0  8.5461886480620600e-05 
2016   9  17  10  30   0  8.2741627977390411e-05 
2016   9  17  11   0   0  5.9441514783880056e-05 
2016   9  17  11  30   0  4.3564108894544693e-05 
2016   9  17  12   0   0  2.1079684283963219e-05 
2016   9  17  12  30   0  1.6792431222722990e-05 
2016   9  17  13   0   0  2.8906188042849139e-05 
2016   9  17  13  30   0  4.1944283027231605e-05 
2016   9  17  14   0   0  4.0402819267536994e-05 
2016   9  17  14  30   0  4.8007809373649214e-05 
2016   9  17  15   0   0  4.6282673316009930e-05 
2016   9  17  15  30   0  3.2292497095164587e-05 
2016   9  17  16   0   0  4.7555871643068752e-05 
2016   9  17  16  30   0  8.9298655403434132e-05 
2016   9  17  17   0   0  9.0018586350958799e-05 
2016   9  17  17  30   0  1.2140873508294758e-04 
2016   9  17  18   0   0  1.5108552538997805e-04 
2016   9  17  18  30   0  1.9230164856505138e-04 
2016   9  17  19   0   0  2.0217825118241071e-04 
2016   9  17  19  30   0  2.0463559392330170e-04 
2016   9  17  20   0   0  2.1561613802160114e-04 
2016   9  17  20  30   0  2.2393335644794668e-04 
2016   9  17  21   0   0  2.4868037052928400e-04 
2016   9  17  21  30   0  2.5513220480524626e-04 
2016   9  17  22   0   0  2.6750888300427583e-04 
2016   9  17  22  30   0  2.8140223177243245e-04 
2016   9  17  23   0   0  2.9311118746685864e-04 
2016   9  17  23  30   0  3.0050416378933528e-04 
2016   9  18   0   0   0  2.9049134879402175e-04 
2016   9  18   0  30   0  3.1508984087599232e-04 
2016   9  18   1   0   0  3.3531490922735001e-04 
2016   9  18   1  30   0  3.4724589998827795e-04 
2016   9  18   2   0   0  3.2041323903556139e-04 
2016   9  18   2  30   0  3.3038559002902113e-04 
2016   9  18   3   0   0  3.5055039227414268e-04 
2016   9  18   3  30   0  3.7588351694512189e-04 
2016   9  18   4   0   0  3.9517390965227442e-04 
2016   9  18   4  30   0  3.5310932331625034e-04 
2016   9  18   5   0   0  3.3082157175998796e-04 
2016   9  18   5  30   0  3.4961094318625315e-04 
2016   9  18   6   0   0  3.4598128543018636e-04 
2016   9  18   6  30   0  3.3712976194801952e-04 
2016   9  18   7   0   0  3.0887012966676652e-04 
2016   9  18   7  30   0  2.9762137812933267e-04 
2016   9  18   8   0   0  2.8948690377549405e-04 
2016   9  18   8  30   0  2.8157003492523542e-04 
2016   9  18   9   0   0  2.6500303919420575e-04 
2016   9  18   9  30   0  2.6185132050025270e-04 
2016   9  18  10   0   0  2.4869480003180696e-04 
2016   9  18  10  30   0  2.4206027450426610e-04 
2016   9  18  11   0   0  2.3771066124070764e-04 
2016   9  18  11  30   0  1.6910557691127259e-04 
2016   9  18  12   0   0  1.2646373590275190e-04 
2016   9  18  12  30   0  4.4937558127052591e-05 
2016   9  18  13   0   0  4.5099912302955467e-05 
2016   9  18  13  30   0  3.9146596626619624e-05 
2016   9  18  14   0   0  1.9141162780078410e-05 
2016   9  18  14  30   0  2.2885483688202336e-05 
2016   9  18  15   0   0  1.3423035465239534e-05 
2016   9  18  15  30   0  3.5235520365745547e-05 
2016   9  18  16   0   0  6.7836210050276901e-05 
2016   9  18  16  30   0  2.5334130571844500e-05 
2016   9  18  17   0   0  6.9052302654974340e-05 
2016   9  18  17  30   0  1.9739074641052492e-04 
2016   9  18  18   0   0  2.8604652310824284e-04 
2016   9  18  18  30   0  3.3649739078645615e-04 
2016   9  18  19   0   0  3.6310065825252328e-04 
2016   9  18  19  30   0  3.6020759099214289e-04 
2016   9  18  20   0   0  3.6321201272542793e-04 
2016   9  18  20  30   0  3.6644569589334541e-04 
2016   9  18  21   0   0  3.6554046906321251e-04 
2016   9  18  21  30   0  3.7752223073920930e-04 
2016   9  18  22   0   0  3.8003450139815272e-04 
2016   9  18  22  30   0  3.8443372378975046e-04 
2016   9  18  23   0   0  3.8775842358047125e-04 
2016   9  18  23  30   0  3.8870971827020297e-04 
2016   9  19   0   0   0  3.9208336299335580e-04 
2016   9  19   0  30   0  3.8471822040643121e-04 
2016   9  19   1   0   0  3.6442229238694516e-04 
2016   9  19   1  30   0  3.4935939606864087e-04 
2016   9  19   2   0   0  3.4147720528749438e-04 
2016   9  19   2  30   0  3.5305016266010207e-04 
2016   9  19   3   0   0  3.5479959697244298e-04 
2016   9  19   3  30   0  3.4735860333045464e-04 
2016   9  19   4   0   0  3.3571289677287785e-04 
2016   9  19   4  30   0  3.1794353417148645e-04 
2016   9  19   5   0   0  3.1823770892020067e-04 
2016   9  19   5  30   0  3.2959877803467598e-04 
2016   9  19   6   0   0  3.2533645315534015e-04 
2016   9  19   6  30   0  3.2319247265167976e-04 
2016   9  19   7   0   0  3.0826894943245876e-04 
2016   9  19   7  30   0  3.1937770942646286e-04 
2016   9  19   8   0   0  3.1444080993201819e-04 
2016   9  19   8  30   0  2.7317109121968773e-04 
2016   9  19   9   0   0  3.0103252116517277e-04 
2016   9  19   9  30   0  2.8919929314471160e-04 
2016   9  19  10   0   0  2.8491533291806546e-04 
2016   9  19  10  30   0  2.9337818044127017e-04 
2016   9  19  11   0   0  2.9722625560033603e-04 
2016   9  19  11  30   0  3.0080477597077391e-04 
2016   9  19  12   0   0  3.0342162524059905e-04 
2016   9  19  12  30   0  3.0680680111169035e-04 
2016   9  19  13   0   0  3.2598166304540182e-04 
2016   9  19  13  30   0  3.3177867801777340e-04 
2016   9  19  14   0   0  3.2045246510667218e-04 
2016   9  19  14  30   0  4.1145937072210778e-04 
2016   9  19  15   0   0  3.6811773373472597e-04 
2016   9  19  15  30   0  3.5273864543470417e-04 
2016   9  19  16   0   0  3.3402081057526514e-04 
2016   9  19  16  30   0  3.4367735398192214e-04 
2016   9  19  17   0   0  3.4807567182596817e-04 
2016   9  19  17  30   0  3.5092904754815296e-04 
2016   9  19  18   0   0  3.5013129503648553e-04 
2016   9  19  18  30   0  3.5018541120517542e-04 
2016   9  19  19   0   0  3.4788515376492471e-04 
2016   9  19  19  30   0  3.5892120487583819e-04 
2016   9  19  20   0   0  3.5362816297207814e-04 
2016   9  19  20  30   0  3.5205470225792144e-04 
2016   9  19  21   0   0  3.4447878358765793e-04 
2016   9  19  21  30   0  3.8081281546973678e-04 
2016   9  19  22   0   0  3.8947723324350161e-04 
2016   9  19  22  30   0  4.0161065210695069e-04 
2016   9  19  23   0   0  4.0609944236848797e-04 
2016   9  19  23  30   0  4.0941445006391472e-04 
2016   9  20   0   0   0  4.1057741260735651e-04 
2016   9  20   0  30   0  4.0667187357141594e-04 
2016   9  20   1   0   0  4.1378954873811329e-04 
2016   9  20   1  30   0  4.1014298122841303e-04 
2016   9  20   2   0   0  4.3034195543110673e-04 
2016   9  20   2  30   0  4.1205908456516958e-04 
2016   9  20   3   0   0  4.2363433367718017e-04 
2016   9  20   3  30   0  4.1391706574314598e-04 
2016   9  20   4   0   0  4.0488061274336141e-04 
2016   9  20   4  30   0  4.1435562406691532e-04 
2016   9  20   5   0   0  4.6694586296088328e-04 
2016   9  20   5  30   0  4.5882776092749878e-04 
2016   9  20   6   0   0  4.9645347358975237e-04 
2016   9  20   6  30   0  4.8749865344807381e-04 
2016   9  20   7   0   0  4.8442503750514539e-04 
2016   9  20   7  30   0  4.8437367382305851e-04 
2016   9  20   8   0   0  4.1992132110459356e-04 
2016   9  20   8  30   0  3.6849239767103488e-04 
2016   9  20   9   0   0  3.0044871529913051e-04 
2016   9  20   9  30   0  2.0822397800347961e-04 
2016   9  20  10   0   0  1.7468627366917010e-04 
2016   9  20  10  30   0  1.7269611302523505e-04 
2016   9  20  11   0   0  1.6539174561800121e-04 
2016   9  20  11  30   0  1.2852228778780219e-04 
2016   9  20  12   0   0  1.0436805251892056e-04 
2016   9  20  12  30   0  8.2950894204007102e-05 
2016   9  20  13   0   0  6.5729679673722204e-05 
2016   9  20  13  30   0  5.1542538871533437e-05 
2016   9  20  14   0   0  4.4449322051366275e-05 
2016   9  20  14  30   0  5.5665120729105535e-05 
2016   9  20  15   0   0  7.5189192444013011e-05 
2016   9  20  15  30   0  1.0452720567580450e-04 
2016   9  20  16   0   0  1.1638739859540445e-04 
2016   9  20  16  30   0  1.5912642010771220e-04 
2016   9  20  17   0   0  1.8405887495686425e-04 
2016   9  20  17  30   0  2.3316833933274746e-04 
2016   9  20  18   0   0  2.3775766899219907e-04 
2016   9  20  18  30   0  2.5347712134300482e-04 
2016   9  20  19   0   0  2.6482912692860788e-04 
2016   9  20  19  30   0  2.7562836833380430e-04 
2016   9  20  20   0   0  3.1190606556086124e-04 
2016   9  20  20  30   0  3.3155037767638068e-04 
2016   9  20  21   0   0  3.5775117523590338e-04 
2016   9  20  21  30   0  3.7913569855937490e-04 
2016   9  20  22   0   0  3.7599739192863320e-04 
2016   9  20  22  30   0  3.5722296425614772e-04 
2016   9  20  23   0   0  3.4386212387823233e-04 
2016   9  20  23  30   0  3.3699827385626441e-04 
2016   9  21   0   0   0  2.6777269459315415e-04 
2016   9  21   0  30   0  2.7454456521706314e-04 
2016   9  21   1   0   0  2.6162169606638766e-04 
2016   9  21   1  30   0  2.6482091456092165e-04 
2016   9  21   2   0   0  2.5787994810685185e-04 
2016   9  21   2  30   0  2.5163046309754228e-04 
2016   9  21   3   0   0  2.8003170264604760e-04 
2016   9  21   3  30   0  3.3888671682931736e-04 
2016   9  21   4   0   0  3.2452941577901055e-04 
2016   9  21   4  30   0  2.8408855119775871e-04 
2016   9  21   5   0   0  2.6522971212069761e-04 
2016   9  21   5  30   0  2.7821765801957539e-04 
2016   9  21   6   0   0  2.6377640026678957e-04 
2016   9  21   6  30   0  2.2602368860423887e-04 
2016   9  21   7   0   0  1.8787543727242579e-04 
2016   9  21   7  30   0  2.0548881951573057e-04 
2016   9  21   8   0   0  2.3931700066470024e-04 
2016   9  21   8  30   0  2.6317429440469021e-04 
2016   9  21   9   0   0  2.6649560567641815e-04 
2016   9  21   9  30   0  2.6298323350899621e-04 
2016   9  21  10   0   0  2.9115149328126850e-04 
2016   9  21  10  30   0  3.0023724943665115e-04 
2016   9  21  11   0   0  3.0482174014695765e-04 
2016   9  21  11  30   0  2.6057646983036856e-04 
2016   9  21  12   0   0  2.6540935610129844e-04 
2016   9  21  12  30   0  2.8767996891526074e-04 
2016   9  21  13   0   0  1.9183812274375155e-04 
2016   9  21  13  30   0  1.7551322111105936e-04 
2016   9  21  14   0   0  2.0778338804690961e-04 
2016   9  21  14  30   0  2.2696598085816816e-04 
2016   9  21  15   0   0  2.3591886593246416e-04 
2016   9  21  15  30   0  2.4939946346146932e-04 
2016   9  21  16   0   0  3.0911349447139592e-04 
2016   9  21  16  30   0  3.7548126802160398e-04 
2016   9  21  17   0   0  4.7967557138456362e-04 
2016   9  21  17  30   0  5.4001270336592364e-04 
2016   9  21  18   0   0  5.5102679174942842e-04 
2016   9  21  18  30   0  5.7797400190051781e-04 
2016   9  21  19   0   0  5.7213713477235475e-04 
2016   9  21  19  30   0  5.7676180997905764e-04 
2016   9  21  20   0   0  5.8551314885805898e-04 
2016   9  21  20  30   0  5.5724348657204439e-04 
2016   9  21  21   0   0  5.2290088569725227e-04 
2016   9  21  21  30   0  5.0631263997561501e-04 
2016   9  21  22   0   0  4.4897900624831405e-04 
2016   9  21  22  30   0  3.9681137906483324e-04 
2016   9  21  23   0   0  2.8664636505225247e-04 
2016   9  21  23  30   0  2.1298077258863202e-04 
2016   9  22   0   0   0  2.4865296980596647e-04 
2016   9  22   0  30   0  2.1213672015879287e-04 
2016   9  22   1   0   0  1.8608963992385700e-04 
2016   9  22   1  30   0  1.5506305145161769e-04 
2016   9  22   2   0   0  1.3284801341657221e-04 
2016   9  22   2  30   0  1.4746143583314994e-04 
2016   9  22   3   0   0  1.3707059084000392e-04 
2016   9  22   3  30   0  1.4754430809854786e-04 
2016   9  22   4   0   0  1.5093007277512381e-04 
2016   9  22   4  30   0  1.8242955426604434e-04 
2016   9  22   5   0   0  1.9245636100135037e-04 
2016   9  22   5  30   0  2.0135198588061467e-04 
2016   9  22   6   0   0  2.0729020369421054e-04 
2016   9  22   6  30   0  1.9311463146395760e-04 
2016   9  22   7   0   0  2.0913268393743317e-04 
2016   9  22   7  30   0  1.8715289851928106e-04 
2016   9  22   8   0   0  1.7352066455596419e-04 
2016   9  22   8  30   0  1.7199390893939050e-04 
2016   9  22   9   0   0  1.5280972718773760e-04 
2016   9  22   9  30   0  1.0589134673932572e-04 
2016   9  22  10   0   0  7.7417125468583108e-05 
2016   9  22  10  30   0  4.7131275293259678e-05 
2016   9  22  11   0   0  2.8049563623696626e-05 
2016   9  22  11  30   0  4.4527227371994775e-06 
2016   9  22  12   0   0  3.7868708452963024e-06 
2016   9  22  12  30   0  3.8604358349180106e-06 
2016   9  22  13   0   0  4.1281187363370028e-06 
2016   9  22  13  30   0  4.3616528679306617e-06 
2016   9  22  14   0   0  4.1835627000180594e-06 
2016   9  22  14  30   0  3.9147345912027049e-06 
2016   9  22  15   0   0  3.9665776561927429e-06 
2016   9  22  15  30   0  3.7044790865387485e-06 
2016   9  22  16   0   0  3.4772703453459711e-06 
2016   9  22  16  30   0  3.4952314446925339e-06 
2016   9  22  17   0   0  3.4209723500098457e-06 
2016   9  22  17  30   0  3.8176527722342403e-06 
2016   9  22  18   0   0  3.5417115269621587e-06 
2016   9  22  18  30   0  3.4282390408361755e-06 
2016   9  22  19   0   0  3.6480058523458991e-06 
2016   9  22  19  30   0  5.6623658126892437e-06 
2016   9  22  20   0   0  1.2054769313762866e-05 
2016   9  22  20  30   0  2.3500618916148067e-05 
2016   9  22  21   0   0  7.5020410163049843e-05 
2016   9  22  21  30   0  1.1891510435088200e-04 
2016   9  22  22   0   0  1.9463732581537560e-04 
2016   9  22  22  30   0  2.6134750105399120e-04 
2016   9  22  23   0   0  3.0697018794655876e-04 
2016   9  22  23  30   0  3.5053714766617372e-04 
2016   9  23   0   0   0  3.7633447507532796e-04 
2016   9  23   0  30   0  3.6471318730651179e-04 
2016   9  23   1   0   0  3.5068588426596047e-04 
2016   9  23   1  30   0  3.7582043089193646e-04 
2016   9  23   2   0   0  3.4918749818186343e-04 
2016   9  23   2  30   0  3.3088531596788234e-04 
2016   9  23   3   0   0  3.2541107471043630e-04 
2016   9  23   3  30   0  3.0909527864256937e-04 
2016   9  23   4   0   0  2.9612517554718936e-04 
2016   9  23   4  30   0  2.7763424477779728e-04 
2016   9  23   5   0   0  2.7314480848029509e-04 
2016   9  23   5  30   0  2.6656463836889312e-04 
2016   9  23   6   0   0  2.6638797384310656e-04 
2016   9  23   6  30   0  3.1747650403646352e-04 
2016   9  23   7   0   0  2.9971744083962719e-04 
2016   9  23   7  30   0  2.7644577244753671e-04 
2016   9  23   8   0   0  2.6086379907761344e-04 
2016   9  23   8  30   0  2.5165109471317142e-04 
2016   9  23   9   0   0  2.2932144843701161e-04 
2016   9  23   9  30   0  1.9706501420481911e-04 
2016   9  23  10   0   0  1.6596413569720971e-04 
2016   9  23  10  30   0  1.4390638833339424e-04 
2016   9  23  11   0   0  1.2751887373285079e-04 
2016   9  23  11  30   0  1.0995127657441363e-04 
2016   9  23  12   0   0  1.0261293337247873e-04 
2016   9  23  12  30   0  9.1938130256502822e-05 
2016   9  23  13   0   0  8.8069485309394586e-05 
2016   9  23  13  30   0  8.1246672322065290e-05 
2016   9  23  14   0   0  7.3895589886745173e-05 
2016   9  23  14  30   0  7.8593519091695380e-05 
2016   9  23  15   0   0  1.0149183132238649e-04 
2016   9  23  15  30   0  1.4233928053830031e-04 
2016   9  23  16   0   0  1.7857462974432651e-04 
2016   9  23  16  30   0  2.0983615009173087e-04 
2016   9  23  17   0   0  2.2104354957978712e-04 
2016   9  23  17  30   0  2.2595916731448756e-04 
2016   9  23  18   0   0  2.3225058498593250e-04 
2016   9  23  18  30   0  1.8903831121261673e-04 
2016   9  23  19   0   0  1.7645972643098344e-04 
2016   9  23  19  30   0  1.7433993925728133e-04 
2016   9  23  20   0   0  1.7861568852467943e-04 
2016   9  23  20  30   0  1.7922808940495618e-04 
2016   9  23  21   0   0  1.8209863116226877e-04 
2016   9  23  21  30   0  1.8271137577111955e-04 
2016   9  23  22   0   0  1.8839040185440777e-04 
2016   9  23  22  30   0  1.9847188020741480e-04 
2016   9  23  23   0   0  1.9848322446398535e-04 
2016   9  23  23  30   0  2.0054495672772177e-04 
2016   9  24   0   0   0  2.1579567507948281e-04 
2016   9  24   0  30   0  2.2099714770087623e-04 
2016   9  24   1   0   0  2.2638589404322547e-04 
2016   9  24   1  30   0  2.2901275484375378e-04 
2016   9  24   2   0   0  2.3409260296925402e-04 
2016   9  24   2  30   0  2.4043097862469360e-04 
2016   9  24   3   0   0  2.4320579734932703e-04 
2016   9  24   3  30   0  2.4902811398094300e-04 
2016   9  24   4   0   0  2.6236866657915344e-04 
2016   9  24   4  30   0  2.7219893114613510e-04 
2016   9  24   5   0   0  2.8047677256825681e-04 
2016   9  24   5  30   0  2.7852834676715611e-04 
2016   9  24   6   0   0  2.9723857276071067e-04 
2016   9  24   6  30   0  3.0929121337518374e-04 
2016   9  24   7   0   0  3.1654346000786364e-04 
2016   9  24   7  30   0  3.4168979415972079e-04 
2016   9  24   8   0   0  3.5915731893943132e-04 
2016   9  24   8  30   0  3.7365771414499873e-04 
2016   9  24   9   0   0  3.7128408927234726e-04 
2016   9  24   9  30   0  3.4161962290620425e-04 
2016   9  24  10   0   0  2.7483643452606735e-04 
2016   9  24  10  30   0  2.0493339617091492e-04 
2016   9  24  11   0   0  1.3299660990898860e-04 
2016   9  24  11  30   0  1.8578300127895670e-04 
2016   9  24  12   0   0  1.8703435973419099e-04 
2016   9  24  12  30   0  1.7492366899557173e-04 
2016   9  24  13   0   0  1.7214018276704649e-04 
2016   9  24  13  30   0  1.7942834839917177e-04 
2016   9  24  14   0   0  1.5718438687242539e-04 
2016   9  24  14  30   0  1.7837681833110332e-04 
2016   9  24  15   0   0  1.7539543677371801e-04 
2016   9  24  15  30   0  1.8168970617610139e-04 
2016   9  24  16   0   0  2.0406043434161445e-04 
2016   9  24  16  30   0  1.7180444894281027e-04 
2016   9  24  17   0   0  1.8103691711453677e-04 
2016   9  24  17  30   0  2.1762731340309419e-04 
2016   9  24  18   0   0  2.0909930064399180e-04 
2016   9  24  18  30   0  1.9458352860408421e-04 
2016   9  24  19   0   0  2.0071875849298130e-04 
2016   9  24  19  30   0  2.3225479066350677e-04 
2016   9  24  20   0   0  2.2940645837219264e-04 
2016   9  24  20  30   0  2.2321853981563839e-04 
2016   9  24  21   0   0  2.1242352701720258e-04 
2016   9  24  21  30   0  2.0462408292547767e-04 
2016   9  24  22   0   0  2.2478113395740681e-04 
2016   9  24  22  30   0  2.4334711575854778e-04 
2016   9  24  23   0   0  2.6207430696255883e-04 
2016   9  24  23  30   0  2.8189713491986014e-04 
2016   9  25   0   0   0  3.0329025670409109e-04 
2016   9  25   0  30   0  3.0710594940584740e-04 
2016   9  25   1   0   0  3.4083669384528929e-04 
2016   9  25   1  30   0  3.5595534689945098e-04 
2016   9  25   2   0   0  3.2059950597349577e-04 
2016   9  25   2  30   0  3.0463539480540938e-04 
2016   9  25   3   0   0  3.0440781847852950e-04 
2016   9  25   3  30   0  2.9332904628999251e-04 
2016   9  25   4   0   0  2.7753409986390910e-04 
2016   9  25   4  30   0  2.7236621011011546e-04 
2016   9  25   5   0   0  2.7033604893187313e-04 
2016   9  25   5  30   0  2.8053191096138926e-04 
2016   9  25   6   0   0  2.9187138366204308e-04 
2016   9  25   6  30   0  2.7430108988826818e-04 
2016   9  25   7   0   0  2.5412855020321210e-04 
2016   9  25   7  30   0  2.2939698319754032e-04 
2016   9  25   8   0   0  2.0548329147259523e-04 
2016   9  25   8  30   0  2.0031728340687204e-04 
2016   9  25   9   0   0  2.1192947321590160e-04 
2016   9  25   9  30   0  2.1902679592162972e-04 
2016   9  25  10   0   0  2.2500711640515390e-04 
2016   9  25  10  30   0  2.2880543094149386e-04 
2016   9  25  11   0   0  2.2405531109500381e-04 
2016   9  25  11  30   0  1.9589172192620644e-04 
2016   9  25  12   0   0  1.8444166351501027e-04 
2016   9  25  12  30   0  1.7129839794453202e-04 
2016   9  25  13   0   0  1.8358071563820592e-04 
2016   9  25  13  30   0  1.9312196004840352e-04 
2016   9  25  14   0   0  1.9634374100417699e-04 
2016   9  25  14  30   0  1.8301143812156392e-04 
2016   9  25  15   0   0  1.9619100094787523e-04 
2016   9  25  15  30   0  1.9845429429864202e-04 
2016   9  25  16   0   0  2.1981467737940043e-04 
2016   9  25  16  30   0  2.3179111241772058e-04 
2016   9  25  17   0   0  1.6928522755218546e-04 
2016   9  25  17  30   0  1.9633682466927614e-04 
2016   9  25  18   0   0  2.2007628969745649e-04 
2016   9  25  18  30   0  2.4570498182060113e-04 
2016   9  25  19   0   0  4.4620288418255761e-04 
2016   9  25  19  30   0  4.7951609469238738e-04 
2016   9  25  20   0   0  4.5468821791147231e-04 
2016   9  25  20  30   0  4.5804911069967223e-04 
2016   9  25  21   0   0  4.6485942670596676e-04 
2016   9  25  21  30   0  4.8713694685639217e-04 
2016   9  25  22   0   0  4.7529426904074278e-04 
2016   9  25  22  30   0  4.6035475035411972e-04 
2016   9  25  23   0   0  4.1122153159938742e-04 
2016   9  25  23  30   0  3.8823510122867628e-04 
2016   9  26   0   0   0  3.1408103604833122e-04 
2016   9  26   0  30   0  3.1790896161251519e-04 
2016   9  26   1   0   0  3.2289276473785325e-04 
2016   9  26   1  30   0  3.1953282008841534e-04 
2016   9  26   2   0   0  3.0575269042105291e-04 
2016   9  26   2  30   0  3.0335197560098687e-04 
2016   9  26   3   0   0  3.0249342891072034e-04 
2016   9  26   3  30   0  3.0477103950610147e-04 
2016   9  26   4   0   0  3.0322515158660049e-04 
2016   9  26   4  30   0  3.0766945798542627e-04 
2016   9  26   5   0   0  3.1092925148708744e-04 
2016   9  26   5  30   0  3.1325909864650609e-04 
2016   9  26   6   0   0  3.2059827427566057e-04 
2016   9  26   6  30   0  3.5454071157970638e-04 
2016   9  26   7   0   0  3.2899717102972037e-04 
2016   9  26   7  30   0  3.3311819658949439e-04 
2016   9  26   8   0   0  3.3062481043767721e-04 
2016   9  26   8  30   0  3.2309522851945100e-04 
2016   9  26   9   0   0  3.0487469396393038e-04 
2016   9  26   9  30   0  2.5839656816869177e-04 
2016   9  26  10   0   0  2.0273692241279777e-04 
2016   9  26  10  30   0  1.4859224118949651e-04 
2016   9  26  11   0   0  1.0367755048264141e-04 
2016   9  26  11  30   0  1.3044509690478761e-04 
2016   9  26  12   0   0  9.4584660598914859e-05 
2016   9  26  12  30   0  4.9037730425440550e-06 
2016   9  26  13   0   0  4.8939726116351171e-06 
2016   9  26  13  30   0  4.9457704339076212e-06 
2016   9  26  14   0   0  4.6458826027290667e-06 
2016   9  26  14  30   0  4.7762640842619738e-06 
2016   9  26  15   0   0  2.7368708093377013e-05 
2016   9  26  15  30   0  3.4260652229718497e-05 
2016   9  26  16   0   0  2.2703081207135173e-05 
2016   9  26  16  30   0  6.4562860519508416e-05 
2016   9  26  17   0   0  6.6538108202146779e-05 
2016   9  26  17  30   0  7.6324885958555660e-05 
2016   9  26  18   0   0  1.2687280529005042e-04 
2016   9  26  18  30   0  1.5471120324137764e-04 
2016   9  26  19   0   0  1.5178612713865957e-04 
2016   9  26  19  30   0  1.4567778855527653e-04 
2016   9  26  20   0   0  2.1182853533737559e-04 
2016   9  26  20  30   0  2.2706161889934589e-04 
2016   9  26  21   0   0  2.3020834007887080e-04 
2016   9  26  21  30   0  2.0274354736167971e-04 
2016   9  26  22   0   0  1.7299646719727194e-04 
2016   9  26  22  30   0  1.9548063866777052e-04 
2016   9  26  23   0   0  2.2144958524251843e-04 
2016   9  26  23  30   0  1.7864908843298060e-04 
2016   9  27   0   0   0  2.1267247647128402e-04 
2016   9  27   0  30   0  2.5074480004315657e-04 
2016   9  27   1   0   0  2.7325777548507714e-04 
2016   9  27   1  30   0  3.1466567070827944e-04 
2016   9  27   2   0   0  3.7713715152606155e-04 
2016   9  27   2  30   0  4.2233689801188240e-04 
2016   9  27   3   0   0  4.2141922783953931e-04 
2016   9  27   3  30   0  4.5881289227697497e-04 
2016   9  27   4   0   0  5.3975091286913746e-04 
2016   9  27   4  30   0  5.6573483562189050e-04 
2016   9  27   5   0   0  5.0289779836971580e-04 
2016   9  27   5  30   0  5.2383765939931800e-04 
2016   9  27   6   0   0  5.4316675970686858e-04 
2016   9  27   6  30   0  5.3530137017341565e-04 
2016   9  27   7   0   0  4.9387674627666598e-04 
2016   9  27   7  30   0  3.6973132388536383e-04 
2016   9  27   8   0   0  2.8197391465396019e-04 
2016   9  27   8  30   0  2.5830143380950715e-04 
2016   9  27   9   0   0  2.0749196596323770e-04 
2016   9  27   9  30   0  1.7075124690798664e-04 
2016   9  27  10   0   0  1.4816972683217848e-04 
2016   9  27  10  30   0  1.3063989515386810e-04 
2016   9  27  11   0   0  9.3825440975214220e-05 
2016   9  27  11  30   0  5.1041930338063960e-05 
2016   9  27  12   0   0  3.5551921804750945e-05 
2016   9  27  12  30   0  3.4285412713911381e-05 
2016   9  27  13   0   0  2.7937208466460745e-05 
2016   9  27  13  30   0  1.9700646430865242e-05 
2016   9  27  14   0   0  1.0557089745165483e-04 
2016   9  27  14  30   0  1.0858600913034820e-04 
2016   9  27  15   0   0  1.7254984648092252e-04 
2016   9  27  15  30   0  2.1948549058011782e-04 
2016   9  27  16   0   0  2.4159711502585033e-04 
2016   9  27  16  30   0  2.6210535464618601e-04 
2016   9  27  17   0   0  3.2502096841747807e-04 
2016   9  27  17  30   0  3.8580985793436096e-04 
2016   9  27  18   0   0  3.5705874303422838e-04 
2016   9  27  18  30   0  3.6792562151822850e-04 
2016   9  27  19   0   0  3.9149803494405194e-04 
2016   9  27  19  30   0  4.8551421731926272e-04 
2016   9  27  20   0   0  5.2920164506531820e-04 
2016   9  27  20  30   0  5.7334656869608943e-04 
2016   9  27  21   0   0  5.7799304777607157e-04 
2016   9  27  21  30   0  6.0905572076313370e-04 
2016   9  27  22   0   0  6.2770010444625625e-04 
2016   9  27  22  30   0  5.1516919561472375e-04 
2016   9  27  23   0   0  4.6107554841301967e-04 
2016   9  27  23  30   0  4.5881099927144655e-04 
2016   9  28   0   0   0  3.6484364410404376e-04 
2016   9  28   0  30   0  3.6143085917304666e-04 
2016   9  28   1   0   0  3.5249784172551921e-04 
2016   9  28   1  30   0  3.4465895065849124e-04 
2016   9  28   2   0   0  3.4331231829776393e-04 
2016   9  28   2  30   0  3.4174281030410498e-04 
2016   9  28   3   0   0  3.3013705552921522e-04 
2016   9  28   3  30   0  3.3486034880307169e-04 
2016   9  28   4   0   0  3.4350539087814845e-04 
2016   9  28   4  30   0  3.6288575060139020e-04 
2016   9  28   5   0   0  3.7686155287425135e-04 
2016   9  28   5  30   0  3.8625213745672896e-04 
2016   9  28   6   0   0  3.9015053968632235e-04 
2016   9  28   6  30   0  3.6821803248563383e-04 
2016   9  28   7   0   0  3.0372048292837914e-04 
2016   9  28   7  30   0  2.3469453191841971e-04 
2016   9  28   8   0   0  1.7360663521128971e-04 
2016   9  28   8  30   0  1.1560372295418589e-04 
2016   9  28   9   0   0  6.5247076581067097e-05 
2016   9  28   9  30   0  4.2975150217064944e-05 
2016   9  28  10   0   0  5.0547500001154567e-06 
2016   9  28  10  30   0  5.0252080917551201e-06 
2016   9  28  11   0   0  4.9542858232168507e-06 
2016   9  28  11  30   0  5.0296616383382688e-06 
2016   9  28  12   0   0  5.0913759466587026e-06 
2016   9  28  12  30   0  5.2443391488553382e-06 
2016   9  28  13   0   0  5.5356603029529099e-06 
2016   9  28  13  30   0  5.8937505166619959e-06 
2016   9  28  14   0   0  6.1361702009091358e-06 
2016   9  28  14  30   0  5.7679090060451131e-06 
2016   9  28  15   0   0  5.2046339638867365e-06 
2016   9  28  15  30   0  6.0716054413052073e-06 
2016   9  28  16   0   0  6.5459833257438864e-06 
2016   9  28  16  30   0  6.8890156594461227e-06 
2016   9  28  17   0   0  6.2821685262605144e-06 
2016   9  28  17  30   0  3.3408900513036267e-05 
2016   9  28  18   0   0  3.5597117498398982e-05 
2016   9  28  18  30   0  4.9834719346236302e-05 
2016   9  28  19   0   0  6.7379127685843987e-05 
2016   9  28  19  30   0  9.5809436237444473e-05 
2016   9  28  20   0   0  1.0691177405976085e-04 
2016   9  28  20  30   0  1.0164644406140822e-04 
2016   9  28  21   0   0  1.0048356325970191e-04 
2016   9  28  21  30   0  9.8435063429477262e-05 
2016   9  28  22   0   0  9.6851106950275023e-05 
2016   9  28  22  30   0  9.9069246357880069e-05 
2016   9  28  23   0   0  1.0355253272141913e-04 
2016   9  28  23  30   0  1.0948165389763425e-04 
2016   9  29   0   0   0  1.4028795309968130e-04 
2016   9  29   0  30   0  1.4418294752553944e-04 
2016   9  29   1   0   0  1.4815750694749795e-04 
2016   9  29   1  30   0  1.5970594777335831e-04 
2016   9  29   2   0   0  1.6259947459950372e-04 
2016   9  29   2  30   0  1.7169446416998198e-04 
2016   9  29   3   0   0  1.8221015188182022e-04 
2016   9  29   3  30   0  1.8945456874441865e-04 
2016   9  29   4   0   0  2.2056999453325254e-04 
2016   9  29   4  30   0  2.4699980683849274e-04 
2016   9  29   5   0   0  2.4587213268775207e-04 
2016   9  29   5  30   0  2.3448362609320745e-04 
2016   9  29   6   0   0  2.1494832682285433e-04 
2016   9  29   6  30   0  2.1870669530625115e-04 
2016   9  29   7   0   0  2.1647314053250961e-04 
2016   9  29   7  30   0  2.0864781581061552e-04 
2016   9  29   8   0   0  2.0289241268623329e-04 
2016   9  29   8  30   0  2.0175564489877373e-04 
2016   9  29   9   0   0  1.5957386802855611e-04 
2016   9  29   9  30   0  1.5104132231340170e-04 
2016   9  29  10   0   0  1.3248968849512887e-04 
2016   9  29  10  30   0  1.0519461556628227e-04 
2016   9  29  11   0   0  8.5318366830278202e-05 
2016   9  29  11  30   0  9.7434095160845555e-05 
2016   9  29  12   0   0  9.4836570798191127e-05 
2016   9  29  12  30   0  9.8616242091272748e-05 
2016   9  29  13   0   0  9.4441436593352873e-05 
2016   9  29  13  30   0  9.9968048420917926e-05 
2016   9  29  14   0   0  8.6719826609029158e-05 
2016   9  29  14  30   0  1.0344660150363458e-04 
2016   9  29  15   0   0  9.3902457467948868e-05 
2016   9  29  15  30   0  9.5333948775548567e-05 
2016   9  29  16   0   0  1.1119333028962401e-04 
2016   9  29  16  30   0  1.1148356199608795e-04 
2016   9  29  17   0   0  1.2405841284280093e-04 
2016   9  29  17  30   0  1.2526774919335962e-04 
2016   9  29  18   0   0  6.7879165674540146e-05 
2016   9  29  18  30   0  4.2257344378733604e-05 
2016   9  29  19   0   0  2.9000999862299831e-05 
2016   9  29  19  30   0  4.2265984066011556e-05 
2016   9  29  20   0   0  7.9300662708900970e-05 
2016   9  29  20  30   0  1.4247047695550573e-04 
2016   9  29  21   0   0  1.1940094219773758e-04 
2016   9  29  21  30   0  1.3410687699166973e-04 
2016   9  29  22   0   0  1.2393252787153462e-04 
2016   9  29  22  30   0  8.4529388082441498e-05 
2016   9  29  23   0   0  8.4917089198784711e-05 
2016   9  29  23  30   0  1.0996009422955134e-04 
2016   9  30   0   0   0  1.3329343639812547e-04 
2016   9  30   0  30   0  1.6358363737451856e-04 
2016   9  30   1   0   0  1.7742893777778661e-04 
2016   9  30   1  30   0  1.6840944740059312e-04 
2016   9  30   2   0   0  1.6498343098464571e-04 
2016   9  30   2  30   0  1.5880901309965416e-04 
2016   9  30   3   0   0  1.5198999781475858e-04 
2016   9  30   3  30   0  1.4792706459266456e-04 
2016   9  30   4   0   0  1.5406202824667348e-04 
2016   9  30   4  30   0  1.5088124982919564e-04 
2016   9  30   5   0   0  1.3785736094571680e-04 
2016   9  30   5  30   0  1.2914192676390777e-04 
2016   9  30   6   0   0  1.1166126831608218e-04 
2016   9  30   6  30   0  6.7572821437582027e-05 
2016   9  30   7   0   0  9.3422528780821702e-05 
2016   9  30   7  30   0  1.0589011106739616e-04 
2016   9  30   8   0   0  1.1307025342694631e-04 
2016   9  30   8  30   0  1.2407039654685034e-04 
2016   9  30   9   0   0  1.4384158418695713e-04 
2016   9  30   9  30   0  1.4540375002683391e-04 
2016   9  30  10   0   0  1.4952751082746057e-04 
2016   9  30  10  30   0  1.3931908632761685e-04 
2016   9  30  11   0   0  1.1120091174962809e-04 
2016   9  30  11  30   0  7.5092754259816394e-05 
2016   9  30  12   0   0  4.9619287269447353e-05 
2016   9  30  12  30   0  4.6708264226406055e-05 
2016   9  30  13   0   0  2.9325272335471375e-05 
2016   9  30  13  30   0  2.1395252087663594e-05 
2016   9  30  14   0   0  4.1916926362616895e-05 
2016   9  30  14  30   0  5.6088974268519710e-05 
2016   9  30  15   0   0  5.3245214501829679e-05 
2016   9  30  15  30   0  4.4412273165641400e-05 
2016   9  30  16   0   0  4.3352661820907438e-05 
2016   9  30  16  30   0  5.7063614994460657e-05 
2016   9  30  17   0   0  7.7255543576016668e-05 
2016   9  30  17  30   0  1.1173929077612718e-04 
2016   9  30  18   0   0  1.4573066844171122e-04 
2016   9  30  18  30   0  1.9368342793683923e-04 
2016   9  30  19   0   0  1.8001334739589322e-04 
2016   9  30  19  30   0  2.3723861184109070e-04 
2016   9  30  20   0   0  3.1871671097107588e-04 
2016   9  30  20  30   0  3.0226004887187269e-04 
2016   9  30  21   0   0  2.9882842995965057e-04 
2016   9  30  21  30   0  3.0976833113035461e-04 
2016   9  30  22   0   0  2.9428897433975479e-04 
2016   9  30  22  30   0  2.8458739818412374e-04 
2016   9  30  23   0   0  2.8770335728048964e-04 
2016   9  30  23  30   0  2.8716672211619957e-04 
2016  10   1   0   0   0  2.8716672211619957e-04 
