   0   0   0   0   0   0  0.001934 
2016  11   1   0   0   0  1.9340239622479931e-03 
2016  11   1   0  30   0  1.7490873313726662e-03 
2016  11   1   1   0   0  1.6375787229506503e-03 
2016  11   1   1  30   0  1.5735198024094321e-03 
2016  11   1   2   0   0  1.5068486416882814e-03 
2016  11   1   2  30   0  1.4653897693511100e-03 
2016  11   1   3   0   0  1.4865246419860864e-03 
2016  11   1   3  30   0  1.5171345124561076e-03 
2016  11   1   4   0   0  1.4978022447741895e-03 
2016  11   1   4  30   0  1.5320977718843783e-03 
2016  11   1   5   0   0  1.7115229136948256e-03 
2016  11   1   5  30   0  2.0818186480049865e-03 
2016  11   1   6   0   0  2.3180551889549206e-03 
2016  11   1   6  30   0  2.4513655197155636e-03 
2016  11   1   7   0   0  2.6770414617744887e-03 
2016  11   1   7  30   0  3.0262880137987224e-03 
2016  11   1   8   0   0  3.3147999296029049e-03 
2016  11   1   8  30   0  3.4800332231715351e-03 
2016  11   1   9   0   0  3.6020411802580453e-03 
2016  11   1   9  30   0  3.5197767317164865e-03 
2016  11   1  10   0   0  3.3723163716940807e-03 
2016  11   1  10  30   0  3.5291588847325937e-03 
2016  11   1  11   0   0  3.8498542672616722e-03 
2016  11   1  11  30   0  3.5426722634546775e-03 
2016  11   1  12   0   0  2.9306418956186425e-03 
2016  11   1  12  30   0  2.3072549942370472e-03 
2016  11   1  13   0   0  1.9214036901218532e-03 
2016  11   1  13  30   0  1.5309230573285284e-03 
2016  11   1  14   0   0  1.3041819212372819e-03 
2016  11   1  14  30   0  1.2834970237484802e-03 
2016  11   1  15   0   0  1.5889637713837098e-03 
2016  11   1  15  30   0  1.5464322239649630e-03 
2016  11   1  16   0   0  1.1682915830499548e-03 
2016  11   1  16  30   0  1.2314509179538610e-03 
2016  11   1  17   0   0  1.2912229971016680e-03 
2016  11   1  17  30   0  1.3903490641502449e-03 
2016  11   1  18   0   0  1.9427888658530052e-03 
2016  11   1  18  30   0  1.9680829688393550e-03 
2016  11   1  19   0   0  1.8655887346873592e-03 
2016  11   1  19  30   0  1.9935178932700233e-03 
2016  11   1  20   0   0  2.4103548204012265e-03 
2016  11   1  20  30   0  2.5467097008171412e-03 
2016  11   1  21   0   0  3.1934519379750504e-03 
2016  11   1  21  30   0  3.7974011618531573e-03 
2016  11   1  22   0   0  4.4668642257927518e-03 
2016  11   1  22  30   0  5.1001714035502233e-03 
2016  11   1  23   0   0  5.5652095017874039e-03 
2016  11   1  23  30   0  6.3501084591887930e-03 
2016  11   2   0   0   0  6.6621794798407807e-03 
2016  11   2   0  30   0  6.5911601709874148e-03 
2016  11   2   1   0   0  6.4756616053167817e-03 
2016  11   2   1  30   0  6.6187428247469395e-03 
2016  11   2   2   0   0  6.4090614715348682e-03 
2016  11   2   2  30   0  6.4224420443864585e-03 
2016  11   2   3   0   0  6.3910627310304838e-03 
2016  11   2   3  30   0  6.4133255652433574e-03 
2016  11   2   4   0   0  6.3285208321646148e-03 
2016  11   2   4  30   0  6.4381604739477301e-03 
2016  11   2   5   0   0  6.5219436355178437e-03 
2016  11   2   5  30   0  6.5542913445010634e-03 
2016  11   2   6   0   0  6.4732263503487391e-03 
2016  11   2   6  30   0  6.4584672552923461e-03 
2016  11   2   7   0   0  6.4702726520680012e-03 
2016  11   2   7  30   0  6.5951194341942162e-03 
2016  11   2   8   0   0  6.4904307671854082e-03 
2016  11   2   8  30   0  6.2317324777768964e-03 
2016  11   2   9   0   0  6.2274334552701810e-03 
2016  11   2   9  30   0  5.2314765979611889e-03 
2016  11   2  10   0   0  4.1647374695851927e-03 
2016  11   2  10  30   0  4.2616068412386484e-03 
2016  11   2  11   0   0  3.8021844278307067e-03 
2016  11   2  11  30   0  3.6457556950049499e-03 
2016  11   2  12   0   0  3.8575163569285003e-03 
2016  11   2  12  30   0  3.7431410736303130e-03 
2016  11   2  13   0   0  3.7097854033027967e-03 
2016  11   2  13  30   0  3.5125894641714235e-03 
2016  11   2  14   0   0  3.5864006020849570e-03 
2016  11   2  14  30   0  3.5536246479407948e-03 
2016  11   2  15   0   0  3.5283230326702041e-03 
2016  11   2  15  30   0  3.4782867883242446e-03 
2016  11   2  16   0   0  3.4558575286349111e-03 
2016  11   2  16  30   0  3.4113812796673290e-03 
2016  11   2  17   0   0  3.3594147936866145e-03 
2016  11   2  17  30   0  3.3060987680088578e-03 
2016  11   2  18   0   0  3.3672917267720793e-03 
2016  11   2  18  30   0  3.4723418696325243e-03 
2016  11   2  19   0   0  3.3924313827492676e-03 
2016  11   2  19  30   0  2.9872788566247125e-03 
2016  11   2  20   0   0  3.0374136785201429e-03 
2016  11   2  20  30   0  3.0308573800648542e-03 
2016  11   2  21   0   0  3.0213828662717453e-03 
2016  11   2  21  30   0  2.9749982508597448e-03 
2016  11   2  22   0   0  3.1781497243473645e-03 
2016  11   2  22  30   0  3.1003296823360203e-03 
2016  11   2  23   0   0  3.1599720352161569e-03 
2016  11   2  23  30   0  3.1605227972718950e-03 
2016  11   3   0   0   0  3.0693467164667611e-03 
2016  11   3   0  30   0  3.0621177820965399e-03 
2016  11   3   1   0   0  3.1977290741061477e-03 
2016  11   3   1  30   0  3.2822870712497926e-03 
2016  11   3   2   0   0  3.3215971900137043e-03 
2016  11   3   2  30   0  3.3727452225937940e-03 
2016  11   3   3   0   0  3.4009141348306723e-03 
2016  11   3   3  30   0  3.4558133773670281e-03 
2016  11   3   4   0   0  3.4682100698605728e-03 
2016  11   3   4  30   0  3.7306030403664843e-03 
2016  11   3   5   0   0  3.8835126867892322e-03 
2016  11   3   5  30   0  3.8498184458211990e-03 
2016  11   3   6   0   0  4.1548189047288919e-03 
2016  11   3   6  30   0  4.1405682099657365e-03 
2016  11   3   7   0   0  4.1575374666822313e-03 
2016  11   3   7  30   0  4.2092663255332841e-03 
2016  11   3   8   0   0  4.2643992565547500e-03 
2016  11   3   8  30   0  4.1795937297722085e-03 
2016  11   3   9   0   0  4.1546923416832561e-03 
2016  11   3   9  30   0  4.1559124607521451e-03 
2016  11   3  10   0   0  3.7191455678715814e-03 
2016  11   3  10  30   0  3.6075161397528723e-03 
2016  11   3  11   0   0  3.6625199284173169e-03 
2016  11   3  11  30   0  3.7877036647155238e-03 
2016  11   3  12   0   0  3.8316035719569482e-03 
2016  11   3  12  30   0  3.6902843037736450e-03 
2016  11   3  13   0   0  3.6371586139965465e-03 
2016  11   3  13  30   0  3.6019034369998860e-03 
2016  11   3  14   0   0  3.5504338064457921e-03 
2016  11   3  14  30   0  3.5623519861483284e-03 
2016  11   3  15   0   0  3.3704493098517777e-03 
2016  11   3  15  30   0  3.0886252599302967e-03 
2016  11   3  16   0   0  3.0011410784502746e-03 
2016  11   3  16  30   0  3.0137551237951338e-03 
2016  11   3  17   0   0  3.0506438077861808e-03 
2016  11   3  17  30   0  3.0160082149740691e-03 
2016  11   3  18   0   0  3.0774562259252287e-03 
2016  11   3  18  30   0  3.0153771344955185e-03 
2016  11   3  19   0   0  3.1547674335628477e-03 
2016  11   3  19  30   0  3.1894188368988413e-03 
2016  11   3  20   0   0  3.4417556598711038e-03 
2016  11   3  20  30   0  3.3793727825219290e-03 
2016  11   3  21   0   0  3.5106287248601073e-03 
2016  11   3  21  30   0  3.4452099547978505e-03 
2016  11   3  22   0   0  3.1493440719084021e-03 
2016  11   3  22  30   0  3.1360846961549366e-03 
2016  11   3  23   0   0  3.0581202362782497e-03 
2016  11   3  23  30   0  3.5355094195644110e-03 
2016  11   4   0   0   0  3.1359204870925984e-03 
2016  11   4   0  30   0  2.9975720831410197e-03 
2016  11   4   1   0   0  2.8157732558632366e-03 
2016  11   4   1  30   0  2.6870712341699461e-03 
2016  11   4   2   0   0  2.5807045524736021e-03 
2016  11   4   2  30   0  2.5535770715222339e-03 
2016  11   4   3   0   0  2.5750681079379470e-03 
2016  11   4   3  30   0  2.5300099221887288e-03 
2016  11   4   4   0   0  2.4986789386714681e-03 
2016  11   4   4  30   0  2.5393364600752718e-03 
2016  11   4   5   0   0  2.5168840253341853e-03 
2016  11   4   5  30   0  2.5327558871955187e-03 
2016  11   4   6   0   0  2.5101338919291177e-03 
2016  11   4   6  30   0  2.6840564618575888e-03 
2016  11   4   7   0   0  2.7204115678619257e-03 
2016  11   4   7  30   0  2.7652954172591128e-03 
2016  11   4   8   0   0  2.7362660310182841e-03 
2016  11   4   8  30   0  2.6434834459080538e-03 
2016  11   4   9   0   0  2.7844625866726177e-03 
2016  11   4   9  30   0  2.8721322993480341e-03 
2016  11   4  10   0   0  3.0170222839508327e-03 
2016  11   4  10  30   0  3.1098776830941685e-03 
2016  11   4  11   0   0  3.1688486628033440e-03 
2016  11   4  11  30   0  3.1088725462286135e-03 
2016  11   4  12   0   0  3.0279838802393494e-03 
2016  11   4  12  30   0  3.0198272600516374e-03 
2016  11   4  13   0   0  3.1927688276414796e-03 
2016  11   4  13  30   0  2.9432873888170729e-03 
2016  11   4  14   0   0  2.8325759966353419e-03 
2016  11   4  14  30   0  2.7551199258880645e-03 
2016  11   4  15   0   0  2.7056311822231506e-03 
2016  11   4  15  30   0  3.1599850183874232e-03 
2016  11   4  16   0   0  3.6370203334283812e-03 
2016  11   4  16  30   0  3.5322754966924880e-03 
2016  11   4  17   0   0  4.4389455582738192e-03 
2016  11   4  17  30   0  3.8299237001915786e-03 
2016  11   4  18   0   0  3.7275516965802483e-03 
2016  11   4  18  30   0  3.5862633472884490e-03 
2016  11   4  19   0   0  3.3543911085637253e-03 
2016  11   4  19  30   0  3.1553300802706864e-03 
2016  11   4  20   0   0  2.8842429291918844e-03 
2016  11   4  20  30   0  2.8803994303603256e-03 
2016  11   4  21   0   0  2.8862460327994510e-03 
2016  11   4  21  30   0  3.3098674573771507e-03 
2016  11   4  22   0   0  3.1282760989924294e-03 
2016  11   4  22  30   0  3.1372909071741223e-03 
2016  11   4  23   0   0  3.3686495808715822e-03 
2016  11   4  23  30   0  3.6359339357072110e-03 
2016  11   5   0   0   0  3.7233083033390907e-03 
2016  11   5   0  30   0  3.6821953652622658e-03 
2016  11   5   1   0   0  3.5946326746273691e-03 
2016  11   5   1  30   0  3.5556295165909959e-03 
2016  11   5   2   0   0  3.3575170334331104e-03 
2016  11   5   2  30   0  3.2843168564671414e-03 
2016  11   5   3   0   0  3.2474803120965522e-03 
2016  11   5   3  30   0  3.3319161809190734e-03 
2016  11   5   4   0   0  3.3924680065538435e-03 
2016  11   5   4  30   0  3.5958689654873480e-03 
2016  11   5   5   0   0  3.7183414369537644e-03 
2016  11   5   5  30   0  3.8987417527947595e-03 
2016  11   5   6   0   0  3.7141478215638249e-03 
2016  11   5   6  30   0  3.7113140258298047e-03 
2016  11   5   7   0   0  3.6394145844700176e-03 
2016  11   5   7  30   0  3.6791178649086586e-03 
2016  11   5   8   0   0  3.7504606580168473e-03 
2016  11   5   8  30   0  3.7880770457515115e-03 
2016  11   5   9   0   0  3.6722717242910694e-03 
2016  11   5   9  30   0  3.6435041713610262e-03 
2016  11   5  10   0   0  3.5951381851224776e-03 
2016  11   5  10  30   0  3.4527937738077835e-03 
2016  11   5  11   0   0  3.4022274501746123e-03 
2016  11   5  11  30   0  3.3918090905290959e-03 
2016  11   5  12   0   0  3.4630864127026626e-03 
2016  11   5  12  30   0  3.7269892301684563e-03 
2016  11   5  13   0   0  3.3350135402085068e-03 
2016  11   5  13  30   0  3.0689332322889453e-03 
2016  11   5  14   0   0  3.1058744117864068e-03 
2016  11   5  14  30   0  3.2284877122366498e-03 
2016  11   5  15   0   0  3.3368424293220567e-03 
2016  11   5  15  30   0  3.3900742110663331e-03 
2016  11   5  16   0   0  3.4005280573969044e-03 
2016  11   5  16  30   0  3.4075524921150448e-03 
2016  11   5  17   0   0  3.7877783385443738e-03 
2016  11   5  17  30   0  4.1719618296107474e-03 
2016  11   5  18   0   0  4.1545009965979554e-03 
2016  11   5  18  30   0  4.3345289248654792e-03 
2016  11   5  19   0   0  4.1234819574262208e-03 
2016  11   5  19  30   0  4.3467531482421391e-03 
2016  11   5  20   0   0  4.3155874983833060e-03 
2016  11   5  20  30   0  4.2562168097818589e-03 
2016  11   5  21   0   0  4.0061424783614163e-03 
2016  11   5  21  30   0  3.7275786756171478e-03 
2016  11   5  22   0   0  3.8563836823557254e-03 
2016  11   5  22  30   0  3.7616951276788525e-03 
2016  11   5  23   0   0  3.7429210401591496e-03 
2016  11   5  23  30   0  3.6149050514871729e-03 
2016  11   6   0   0   0  3.6093178579096386e-03 
2016  11   6   0  30   0  3.5920058646512249e-03 
2016  11   6   1   0   0  3.6078766522863160e-03 
2016  11   6   1  30   0  3.5166838285048321e-03 
2016  11   6   2   0   0  3.4218763364339904e-03 
2016  11   6   2  30   0  3.2685813978192099e-03 
2016  11   6   3   0   0  3.1512119347580506e-03 
2016  11   6   3  30   0  3.3094149355578362e-03 
2016  11   6   4   0   0  3.2747635317956210e-03 
2016  11   6   4  30   0  3.2275559902887208e-03 
2016  11   6   5   0   0  3.1233316992264693e-03 
2016  11   6   5  30   0  2.9793380143461039e-03 
2016  11   6   6   0   0  2.8321023782293909e-03 
2016  11   6   6  30   0  2.8038119771065699e-03 
2016  11   6   7   0   0  2.8886202130479432e-03 
2016  11   6   7  30   0  2.9661627483894204e-03 
2016  11   6   8   0   0  2.9215285071256232e-03 
2016  11   6   8  30   0  2.9232735819087596e-03 
2016  11   6   9   0   0  2.9725616307031870e-03 
2016  11   6   9  30   0  2.9327213442272046e-03 
2016  11   6  10   0   0  2.8613417800595294e-03 
2016  11   6  10  30   0  2.8698174887911870e-03 
2016  11   6  11   0   0  2.7804104641858474e-03 
2016  11   6  11  30   0  2.7689972596443074e-03 
2016  11   6  12   0   0  2.6423262951570940e-03 
2016  11   6  12  30   0  2.8134211519299139e-03 
2016  11   6  13   0   0  2.6787343809217753e-03 
2016  11   6  13  30   0  2.6289952316423328e-03 
2016  11   6  14   0   0  2.5549396562425646e-03 
2016  11   6  14  30   0  2.5229726596795662e-03 
2016  11   6  15   0   0  2.5838418941252594e-03 
2016  11   6  15  30   0  2.6162564847979184e-03 
2016  11   6  16   0   0  2.5693534805409906e-03 
2016  11   6  16  30   0  2.8259378542222144e-03 
2016  11   6  17   0   0  2.9045719126705762e-03 
2016  11   6  17  30   0  2.8905154828586127e-03 
2016  11   6  18   0   0  2.9819148591693238e-03 
2016  11   6  18  30   0  3.0882697388050200e-03 
2016  11   6  19   0   0  3.3997737910386959e-03 
2016  11   6  19  30   0  3.3072540664402742e-03 
2016  11   6  20   0   0  3.1681450306357485e-03 
2016  11   6  20  30   0  3.0763801905064896e-03 
2016  11   6  21   0   0  3.0070683001511256e-03 
2016  11   6  21  30   0  3.0140985189880390e-03 
2016  11   6  22   0   0  3.0640438209833753e-03 
2016  11   6  22  30   0  3.2543069428264413e-03 
2016  11   6  23   0   0  3.4836958721176509e-03 
2016  11   6  23  30   0  3.6393307141122065e-03 
2016  11   7   0   0   0  3.8696463799324193e-03 
2016  11   7   0  30   0  3.9977154107437365e-03 
2016  11   7   1   0   0  4.1253147419961248e-03 
2016  11   7   1  30   0  4.1868562795861581e-03 
2016  11   7   2   0   0  4.2747836294560566e-03 
2016  11   7   2  30   0  4.2156114488891639e-03 
2016  11   7   3   0   0  4.1507534719444740e-03 
2016  11   7   3  30   0  4.1077426571268427e-03 
2016  11   7   4   0   0  4.0765932215022435e-03 
2016  11   7   4  30   0  4.1797026009729472e-03 
2016  11   7   5   0   0  4.1604730425027587e-03 
2016  11   7   5  30   0  4.2952159433012537e-03 
2016  11   7   6   0   0  4.4312511151247862e-03 
2016  11   7   6  30   0  4.5376127644874628e-03 
2016  11   7   7   0   0  4.4767267553691660e-03 
2016  11   7   7  30   0  4.5056609420911029e-03 
2016  11   7   8   0   0  4.4693468923743462e-03 
2016  11   7   8  30   0  4.1648778613367753e-03 
2016  11   7   9   0   0  3.8374209901433898e-03 
2016  11   7   9  30   0  3.7234122043769318e-03 
2016  11   7  10   0   0  3.8527105472872499e-03 
2016  11   7  10  30   0  3.9012286178407470e-03 
2016  11   7  11   0   0  3.6823220901070403e-03 
2016  11   7  11  30   0  3.8490454545877053e-03 
2016  11   7  12   0   0  3.9237879769581782e-03 
2016  11   7  12  30   0  4.0112151556037142e-03 
2016  11   7  13   0   0  3.9715405731918013e-03 
2016  11   7  13  30   0  4.0529237065177600e-03 
2016  11   7  14   0   0  4.0764818297930640e-03 
2016  11   7  14  30   0  4.1250595161298137e-03 
2016  11   7  15   0   0  4.1507373069670905e-03 
2016  11   7  15  30   0  4.4919642041212722e-03 
2016  11   7  16   0   0  4.9361208781639283e-03 
2016  11   7  16  30   0  5.0437311185492478e-03 
2016  11   7  17   0   0  5.2010859689690546e-03 
2016  11   7  17  30   0  5.0153984853098417e-03 
2016  11   7  18   0   0  4.4970529628672162e-03 
2016  11   7  18  30   0  4.1684958902396879e-03 
2016  11   7  19   0   0  4.2746271405678330e-03 
2016  11   7  19  30   0  4.3010002705891190e-03 
2016  11   7  20   0   0  4.4235084849970881e-03 
2016  11   7  20  30   0  4.4794029385090859e-03 
2016  11   7  21   0   0  4.5637271900237286e-03 
2016  11   7  21  30   0  4.6756802670834610e-03 
2016  11   7  22   0   0  4.9935181457442341e-03 
2016  11   7  22  30   0  5.2697619458103168e-03 
2016  11   7  23   0   0  5.5663698132618110e-03 
2016  11   7  23  30   0  5.7217512195917135e-03 
2016  11   8   0   0   0  5.8345029986142573e-03 
2016  11   8   0  30   0  5.9890936314487301e-03 
2016  11   8   1   0   0  6.1769005148251859e-03 
2016  11   8   1  30   0  6.1888332407989462e-03 
2016  11   8   2   0   0  6.1362581131931600e-03 
2016  11   8   2  30   0  6.0981594801784869e-03 
2016  11   8   3   0   0  5.9833202978222255e-03 
2016  11   8   3  30   0  5.8243001976927894e-03 
2016  11   8   4   0   0  5.8280517578276703e-03 
2016  11   8   4  30   0  5.7996243273221188e-03 
2016  11   8   5   0   0  5.8824496633055456e-03 
2016  11   8   5  30   0  5.8493792987216004e-03 
2016  11   8   6   0   0  5.9133044799318749e-03 
2016  11   8   6  30   0  6.0018782269599200e-03 
2016  11   8   7   0   0  5.8579679723357930e-03 
2016  11   8   7  30   0  5.7110000456061230e-03 
2016  11   8   8   0   0  5.5072877786998620e-03 
2016  11   8   8  30   0  5.3828924516204947e-03 
2016  11   8   9   0   0  5.3628713998230947e-03 
2016  11   8   9  30   0  5.2443831797573531e-03 
2016  11   8  10   0   0  5.0209035112098541e-03 
2016  11   8  10  30   0  4.4545342098268586e-03 
2016  11   8  11   0   0  3.7383148298350036e-03 
2016  11   8  11  30   0  3.0682998778505978e-03 
2016  11   8  12   0   0  2.6509082490142047e-03 
2016  11   8  12  30   0  2.2749913000040633e-03 
2016  11   8  13   0   0  2.1019608971329985e-03 
2016  11   8  13  30   0  1.8914127408519484e-03 
2016  11   8  14   0   0  1.7432736468039464e-03 
2016  11   8  14  30   0  1.7494261567214705e-03 
2016  11   8  15   0   0  1.7908762965553177e-03 
2016  11   8  15  30   0  1.6419709111044902e-03 
2016  11   8  16   0   0  1.4751284510254839e-03 
2016  11   8  16  30   0  1.3264832177863344e-03 
2016  11   8  17   0   0  1.1811537158488783e-03 
2016  11   8  17  30   0  1.0882378759957958e-03 
2016  11   8  18   0   0  1.0178679928968884e-03 
2016  11   8  18  30   0  9.2664190473227973e-04 
2016  11   8  19   0   0  8.6713350361751159e-04 
2016  11   8  19  30   0  8.7533084381309482e-04 
2016  11   8  20   0   0  8.6984357748763359e-04 
2016  11   8  20  30   0  9.3335541374642262e-04 
2016  11   8  21   0   0  9.7617929211868534e-04 
2016  11   8  21  30   0  1.0167769739341387e-03 
2016  11   8  22   0   0  9.8300963640845932e-04 
2016  11   8  22  30   0  9.3586532232205069e-04 
2016  11   8  23   0   0  9.5638295700640054e-04 
2016  11   8  23  30   0  9.8929439376427178e-04 
2016  11   9   0   0   0  1.0077651219642535e-03 
2016  11   9   0  30   0  9.5904923481528409e-04 
2016  11   9   1   0   0  9.3663885928568856e-04 
2016  11   9   1  30   0  9.9146032087164262e-04 
2016  11   9   2   0   0  9.2605050905658387e-04 
2016  11   9   2  30   0  8.9458323888370102e-04 
2016  11   9   3   0   0  9.0852210700611061e-04 
2016  11   9   3  30   0  8.9907436557400838e-04 
2016  11   9   4   0   0  9.7315941635494230e-04 
2016  11   9   4  30   0  1.0458982243558687e-03 
2016  11   9   5   0   0  1.0756520330558489e-03 
2016  11   9   5  30   0  1.1924946626223184e-03 
2016  11   9   6   0   0  1.2117192661025209e-03 
2016  11   9   6  30   0  1.2281153860062574e-03 
2016  11   9   7   0   0  1.2390202367905728e-03 
2016  11   9   7  30   0  1.2372751389606467e-03 
2016  11   9   8   0   0  1.3392470524026992e-03 
2016  11   9   8  30   0  1.4388358884794975e-03 
2016  11   9   9   0   0  1.4833702940025783e-03 
2016  11   9   9  30   0  1.5208812419965881e-03 
2016  11   9  10   0   0  1.6098790990089625e-03 
2016  11   9  10  30   0  1.7129984983769453e-03 
2016  11   9  11   0   0  1.7251921807639669e-03 
2016  11   9  11  30   0  1.7125493284845228e-03 
2016  11   9  12   0   0  1.7713156077667086e-03 
2016  11   9  12  30   0  1.9391905659277933e-03 
2016  11   9  13   0   0  1.9619282215406521e-03 
2016  11   9  13  30   0  2.5391328032573959e-03 
2016  11   9  14   0   0  3.1450863041022365e-03 
2016  11   9  14  30   0  4.5394003726763384e-03 
2016  11   9  15   0   0  3.3561693857897998e-03 
2016  11   9  15  30   0  2.8573185740799955e-03 
2016  11   9  16   0   0  2.5541871527915115e-03 
2016  11   9  16  30   0  2.3721028439003568e-03 
2016  11   9  17   0   0  2.3363585275793328e-03 
2016  11   9  17  30   0  2.5019637834809033e-03 
2016  11   9  18   0   0  2.5756754915426138e-03 
2016  11   9  18  30   0  2.7708123513006202e-03 
2016  11   9  19   0   0  3.0705928368162422e-03 
2016  11   9  19  30   0  3.2319934220288228e-03 
2016  11   9  20   0   0  3.3486867359846751e-03 
2016  11   9  20  30   0  3.6040136065093866e-03 
2016  11   9  21   0   0  3.7542239276818173e-03 
2016  11   9  21  30   0  3.9409687537900273e-03 
2016  11   9  22   0   0  4.0503310042804283e-03 
2016  11   9  22  30   0  4.2645983879945728e-03 
2016  11   9  23   0   0  4.5156098877992797e-03 
2016  11   9  23  30   0  4.7980912537259838e-03 
2016  11  10   0   0   0  5.0004145908593076e-03 
2016  11  10   0  30   0  5.6140025674805451e-03 
2016  11  10   1   0   0  6.2037238498598712e-03 
2016  11  10   1  30   0  6.4940725445633458e-03 
2016  11  10   2   0   0  6.7062557358050163e-03 
2016  11  10   2  30   0  7.0336004385247522e-03 
2016  11  10   3   0   0  7.0234673615537308e-03 
2016  11  10   3  30   0  7.0667962743226802e-03 
2016  11  10   4   0   0  7.1090945783872884e-03 
2016  11  10   4  30   0  7.0342595517390253e-03 
2016  11  10   5   0   0  6.9130177133091136e-03 
2016  11  10   5  30   0  6.9051504770820619e-03 
2016  11  10   6   0   0  6.6494162755718388e-03 
2016  11  10   6  30   0  6.3498432763065184e-03 
2016  11  10   7   0   0  5.5802985513631184e-03 
2016  11  10   7  30   0  5.7408086482402896e-03 
2016  11  10   8   0   0  5.7909016067971535e-03 
2016  11  10   8  30   0  5.1328872515874514e-03 
2016  11  10   9   0   0  5.1152310001156692e-03 
2016  11  10   9  30   0  5.0351082589794359e-03 
2016  11  10  10   0   0  4.9821417889467428e-03 
2016  11  10  10  30   0  4.8011336864159215e-03 
2016  11  10  11   0   0  4.6586421106045058e-03 
2016  11  10  11  30   0  4.1900580476479958e-03 
2016  11  10  12   0   0  4.2540809528501576e-03 
2016  11  10  12  30   0  4.3488700215582373e-03 
2016  11  10  13   0   0  4.7055300708198433e-03 
2016  11  10  13  30   0  4.5839475052665566e-03 
2016  11  10  14   0   0  4.5747133892282870e-03 
2016  11  10  14  30   0  4.3665374188192017e-03 
2016  11  10  15   0   0  4.5356066397253311e-03 
2016  11  10  15  30   0  4.3010575274532118e-03 
2016  11  10  16   0   0  4.3006023360176032e-03 
2016  11  10  16  30   0  4.4994713627452120e-03 
2016  11  10  17   0   0  4.3603886094003789e-03 
2016  11  10  17  30   0  4.5959806231278266e-03 
2016  11  10  18   0   0  4.2955430993601752e-03 
2016  11  10  18  30   0  4.2053038897918874e-03 
2016  11  10  19   0   0  4.1759925430857421e-03 
2016  11  10  19  30   0  4.2289447868516161e-03 
2016  11  10  20   0   0  4.1695978135515462e-03 
2016  11  10  20  30   0  4.2298657021324912e-03 
2016  11  10  21   0   0  4.1967583121415662e-03 
2016  11  10  21  30   0  4.1102681604265005e-03 
2016  11  10  22   0   0  4.0254325612992395e-03 
2016  11  10  22  30   0  3.8652200702409168e-03 
2016  11  10  23   0   0  3.7574182299955684e-03 
2016  11  10  23  30   0  3.6484091808683889e-03 
2016  11  11   0   0   0  3.5022652442223876e-03 
2016  11  11   0  30   0  3.3567661613248864e-03 
2016  11  11   1   0   0  3.2807020267781794e-03 
2016  11  11   1  30   0  3.2282154535756011e-03 
2016  11  11   2   0   0  3.1896923008727625e-03 
2016  11  11   2  30   0  3.1531729614003600e-03 
2016  11  11   3   0   0  3.0407683144163728e-03 
2016  11  11   3  30   0  3.0678386347412138e-03 
2016  11  11   4   0   0  2.9517979228615909e-03 
2016  11  11   4  30   0  2.8798328987431868e-03 
2016  11  11   5   0   0  2.7554548085647421e-03 
2016  11  11   5  30   0  2.7027179804147918e-03 
2016  11  11   6   0   0  2.6043790764627194e-03 
2016  11  11   6  30   0  2.8359027784206335e-03 
2016  11  11   7   0   0  2.4606480664206838e-03 
2016  11  11   7  30   0  2.7950829932566600e-03 
2016  11  11   8   0   0  2.9452254032564110e-03 
2016  11  11   8  30   0  2.9381382727813902e-03 
2016  11  11   9   0   0  2.8238814709578819e-03 
2016  11  11   9  30   0  2.7709258668656626e-03 
2016  11  11  10   0   0  2.5648166313811745e-03 
2016  11  11  10  30   0  2.5625468477741605e-03 
2016  11  11  11   0   0  2.6045660502744929e-03 
2016  11  11  11  30   0  2.4144423772937901e-03 
2016  11  11  12   0   0  2.2466202623077094e-03 
2016  11  11  12  30   0  2.1949793811671691e-03 
2016  11  11  13   0   0  1.9224942075373281e-03 
2016  11  11  13  30   0  1.6895609930418140e-03 
2016  11  11  14   0   0  1.6256712123117439e-03 
2016  11  11  14  30   0  1.5327472919954722e-03 
2016  11  11  15   0   0  1.6231848167208090e-03 
2016  11  11  15  30   0  1.6458859776206233e-03 
2016  11  11  16   0   0  1.5431759978346948e-03 
2016  11  11  16  30   0  1.5919577927615920e-03 
2016  11  11  17   0   0  1.7331006136445876e-03 
2016  11  11  17  30   0  1.9432049980294712e-03 
2016  11  11  18   0   0  2.0152860250166700e-03 
2016  11  11  18  30   0  1.7980975225126176e-03 
2016  11  11  19   0   0  1.6653625702915901e-03 
2016  11  11  19  30   0  1.5827184113313749e-03 
2016  11  11  20   0   0  1.2224458597416455e-03 
2016  11  11  20  30   0  1.2815571765785326e-03 
2016  11  11  21   0   0  1.2538739862913697e-03 
2016  11  11  21  30   0  1.2114867834889522e-03 
2016  11  11  22   0   0  1.3948591483161725e-03 
2016  11  11  22  30   0  1.4050098863623210e-03 
2016  11  11  23   0   0  1.4671991380746765e-03 
2016  11  11  23  30   0  1.5273377396155449e-03 
2016  11  12   0   0   0  1.4490260397386555e-03 
2016  11  12   0  30   0  1.5283429972900878e-03 
2016  11  12   1   0   0  1.8395184214428741e-03 
2016  11  12   1  30   0  2.1760226927354438e-03 
2016  11  12   2   0   0  2.2313119422251700e-03 
2016  11  12   2  30   0  2.6077753200994371e-03 
2016  11  12   3   0   0  2.4443345962601283e-03 
2016  11  12   3  30   0  2.5498961639325857e-03 
2016  11  12   4   0   0  2.5905641467178458e-03 
2016  11  12   4  30   0  2.6025973074824426e-03 
2016  11  12   5   0   0  2.6801364005626625e-03 
2016  11  12   5  30   0  2.7905366517338493e-03 
2016  11  12   6   0   0  2.8653455519700981e-03 
2016  11  12   6  30   0  3.5045206139472343e-03 
2016  11  12   7   0   0  5.0561403597416251e-03 
2016  11  12   7  30   0  5.5163164987691868e-03 
2016  11  12   8   0   0  5.4814421768161516e-03 
2016  11  12   8  30   0  5.2971955166488480e-03 
2016  11  12   9   0   0  4.9585376684479938e-03 
2016  11  12   9  30   0  4.7792281644132859e-03 
2016  11  12  10   0   0  4.6538433856286917e-03 
2016  11  12  10  30   0  4.3382246842427153e-03 
2016  11  12  11   0   0  4.3220945737133054e-03 
2016  11  12  11  30   0  3.5050945908705286e-03 
2016  11  12  12   0   0  3.3055296295213970e-03 
2016  11  12  12  30   0  3.3675100855293312e-03 
2016  11  12  13   0   0  3.6460282642047518e-03 
2016  11  12  13  30   0  4.3313512009589116e-03 
2016  11  12  14   0   0  2.9905002581343226e-03 
2016  11  12  14  30   0  2.2705715540953996e-03 
2016  11  12  15   0   0  2.2618521317169082e-03 
2016  11  12  15  30   0  1.9899045114506451e-03 
2016  11  12  16   0   0  1.9056855116424446e-03 
2016  11  12  16  30   0  1.9871656573658995e-03 
2016  11  12  17   0   0  2.3556176921507555e-03 
2016  11  12  17  30   0  2.0921289679734210e-03 
2016  11  12  18   0   0  1.9258350604968084e-03 
2016  11  12  18  30   0  1.7867257019298739e-03 
2016  11  12  19   0   0  1.7604512306415036e-03 
2016  11  12  19  30   0  1.9106471322346801e-03 
2016  11  12  20   0   0  2.1214962241539116e-03 
2016  11  12  20  30   0  2.7866636485899027e-03 
2016  11  12  21   0   0  3.0147246162774395e-03 
2016  11  12  21  30   0  2.4082453946673299e-03 
2016  11  12  22   0   0  2.2467422648797105e-03 
2016  11  12  22  30   0  2.0098534700074520e-03 
2016  11  12  23   0   0  2.0222640292329765e-03 
2016  11  12  23  30   0  1.7854710191793418e-03 
2016  11  13   0   0   0  1.6883029390926754e-03 
2016  11  13   0  30   0  1.6609960593312355e-03 
2016  11  13   1   0   0  1.7358404333839548e-03 
2016  11  13   1  30   0  1.7522529092068974e-03 
2016  11  13   2   0   0  1.5515497934132959e-03 
2016  11  13   2  30   0  1.4896590011836278e-03 
2016  11  13   3   0   0  1.5076913786180258e-03 
2016  11  13   3  30   0  1.6335711433675720e-03 
2016  11  13   4   0   0  1.6971546989792692e-03 
2016  11  13   4  30   0  1.7222496076958116e-03 
2016  11  13   5   0   0  1.8591987176979513e-03 
2016  11  13   5  30   0  1.7823597011997110e-03 
2016  11  13   6   0   0  1.7023688532440981e-03 
2016  11  13   6  30   0  1.7659832421002054e-03 
2016  11  13   7   0   0  1.6310048908480155e-03 
2016  11  13   7  30   0  1.6211652664568543e-03 
2016  11  13   8   0   0  1.4512073039517593e-03 
2016  11  13   8  30   0  1.3967224809803339e-03 
2016  11  13   9   0   0  1.2939895063072847e-03 
2016  11  13   9  30   0  1.3340311554600318e-03 
2016  11  13  10   0   0  1.3374066589742102e-03 
2016  11  13  10  30   0  1.4821106199549231e-03 
2016  11  13  11   0   0  1.2359201412906332e-03 
2016  11  13  11  30   0  1.2661217462850674e-03 
2016  11  13  12   0   0  1.3988760474119924e-03 
2016  11  13  12  30   0  1.1820741669815353e-03 
2016  11  13  13   0   0  1.3742082497600241e-03 
2016  11  13  13  30   0  1.4104660651171011e-03 
2016  11  13  14   0   0  1.3796506283079728e-03 
2016  11  13  14  30   0  1.1025983534699842e-03 
2016  11  13  15   0   0  1.0794842367687176e-03 
2016  11  13  15  30   0  8.9247905598463702e-04 
2016  11  13  16   0   0  8.7689670184482461e-04 
2016  11  13  16  30   0  9.5311124429073421e-04 
2016  11  13  17   0   0  6.9719723956408633e-04 
2016  11  13  17  30   0  8.0789580698038420e-04 
2016  11  13  18   0   0  8.0505859688311009e-04 
2016  11  13  18  30   0  8.4138583987002709e-04 
2016  11  13  19   0   0  9.1777199836390593e-04 
2016  11  13  19  30   0  1.0745261939782114e-03 
2016  11  13  20   0   0  1.2143348856512666e-03 
2016  11  13  20  30   0  1.3572237809252219e-03 
2016  11  13  21   0   0  1.3861635931616968e-03 
2016  11  13  21  30   0  1.7062195118011333e-03 
2016  11  13  22   0   0  1.8191525040988775e-03 
2016  11  13  22  30   0  2.0114369982128892e-03 
2016  11  13  23   0   0  2.2800577918931850e-03 
2016  11  13  23  30   0  1.6630831340094490e-03 
2016  11  14   0   0   0  1.2563414144680638e-03 
2016  11  14   0  30   0  1.2551847599717016e-03 
2016  11  14   1   0   0  1.4247415518732504e-03 
2016  11  14   1  30   0  1.5494724963887342e-03 
2016  11  14   2   0   0  1.4990105565157725e-03 
2016  11  14   2  30   0  1.6340382089231689e-03 
2016  11  14   3   0   0  1.9571475999143415e-03 
2016  11  14   3  30   0  2.0869790729395781e-03 
2016  11  14   4   0   0  2.2103751868544561e-03 
2016  11  14   4  30   0  2.3852390556327648e-03 
2016  11  14   5   0   0  2.4338581284573712e-03 
2016  11  14   5  30   0  2.5338468416583352e-03 
2016  11  14   6   0   0  2.7379555444951801e-03 
2016  11  14   6  30   0  2.7134031281009934e-03 
2016  11  14   7   0   0  2.8240753441215625e-03 
2016  11  14   7  30   0  2.9798318889714148e-03 
2016  11  14   8   0   0  3.2574266099992194e-03 
2016  11  14   8  30   0  3.5221700686909048e-03 
2016  11  14   9   0   0  3.2436075733418995e-03 
2016  11  14   9  30   0  3.4638223710165318e-03 
2016  11  14  10   0   0  4.1913035187765135e-03 
2016  11  14  10  30   0  3.3181943301662715e-03 
2016  11  14  11   0   0  2.6685624061577331e-03 
2016  11  14  11  30   0  2.5087698662490283e-03 
2016  11  14  12   0   0  2.5754779949168248e-03 
2016  11  14  12  30   0  2.3356186981613944e-03 
2016  11  14  13   0   0  2.5043695408429813e-03 
2016  11  14  13  30   0  2.3993892806076201e-03 
2016  11  14  14   0   0  2.6576712183685371e-03 
2016  11  14  14  30   0  2.7930994594601724e-03 
2016  11  14  15   0   0  2.9221037381219495e-03 
2016  11  14  15  30   0  2.6435595944248945e-03 
2016  11  14  16   0   0  2.5172702779035269e-03 
2016  11  14  16  30   0  2.4756522495024877e-03 
2016  11  14  17   0   0  2.5114892769947553e-03 
2016  11  14  17  30   0  3.1528272036171067e-03 
2016  11  14  18   0   0  3.2439861273768724e-03 
2016  11  14  18  30   0  3.6035086054230199e-03 
2016  11  14  19   0   0  3.5992136557629773e-03 
2016  11  14  19  30   0  3.3096695813948484e-03 
2016  11  14  20   0   0  3.1334050267748498e-03 
2016  11  14  20  30   0  3.1134759070500766e-03 
2016  11  14  21   0   0  2.9290967944764169e-03 
2016  11  14  21  30   0  3.0274088112787092e-03 
2016  11  14  22   0   0  2.9746700820688639e-03 
2016  11  14  22  30   0  3.0159997086621885e-03 
2016  11  14  23   0   0  3.0674792970072002e-03 
2016  11  14  23  30   0  2.8417065832903959e-03 
2016  11  15   0   0   0  3.1136809696453516e-03 
2016  11  15   0  30   0  3.4470965897376309e-03 
2016  11  15   1   0   0  3.9113314170003922e-03 
2016  11  15   1  30   0  4.2472893782821769e-03 
2016  11  15   2   0   0  4.3910981223571127e-03 
2016  11  15   2  30   0  4.2202678152329426e-03 
2016  11  15   3   0   0  3.6581595071185245e-03 
2016  11  15   3  30   0  3.1066639298530400e-03 
2016  11  15   4   0   0  3.1569089079080130e-03 
2016  11  15   4  30   0  4.1568818537156106e-03 
2016  11  15   5   0   0  4.9842435403637904e-03 
2016  11  15   5  30   0  3.8043965151088157e-03 
2016  11  15   6   0   0  3.1946164372052169e-03 
2016  11  15   6  30   0  3.6645977120308088e-03 
2016  11  15   7   0   0  4.6777276517105861e-03 
2016  11  15   7  30   0  4.9539103239406961e-03 
2016  11  15   8   0   0  4.7824545281193696e-03 
2016  11  15   8  30   0  4.2708493799408168e-03 
2016  11  15   9   0   0  4.3300216336752155e-03 
2016  11  15   9  30   0  4.4110031014680104e-03 
2016  11  15  10   0   0  4.4092290771595155e-03 
2016  11  15  10  30   0  4.9095094241552919e-03 
2016  11  15  11   0   0  5.3879401027584900e-03 
2016  11  15  11  30   0  5.3484328445901948e-03 
2016  11  15  12   0   0  5.1107866085273205e-03 
2016  11  15  12  30   0  4.5163784360783155e-03 
2016  11  15  13   0   0  4.0426174072803718e-03 
2016  11  15  13  30   0  3.7555085123073591e-03 
2016  11  15  14   0   0  3.6683304116692278e-03 
2016  11  15  14  30   0  3.5619734162817391e-03 
2016  11  15  15   0   0  3.2860724008267994e-03 
2016  11  15  15  30   0  3.1808302505703127e-03 
2016  11  15  16   0   0  2.5355593601590972e-03 
2016  11  15  16  30   0  2.5151110332330322e-03 
2016  11  15  17   0   0  2.7285274078781368e-03 
2016  11  15  17  30   0  2.8591497676315721e-03 
2016  11  15  18   0   0  2.7933788336381685e-03 
2016  11  15  18  30   0  2.5396830219023667e-03 
2016  11  15  19   0   0  2.6585898004322021e-03 
2016  11  15  19  30   0  3.4342269053815135e-03 
2016  11  15  20   0   0  3.6269863515745585e-03 
2016  11  15  20  30   0  3.3295331038853868e-03 
2016  11  15  21   0   0  3.2066344513000506e-03 
2016  11  15  21  30   0  3.1449153253696846e-03 
2016  11  15  22   0   0  2.6751533456601368e-03 
2016  11  15  22  30   0  2.3582919665331228e-03 
2016  11  15  23   0   0  1.9675992652982868e-03 
2016  11  15  23  30   0  1.7115164859864073e-03 
2016  11  16   0   0   0  1.5831395688927679e-03 
2016  11  16   0  30   0  1.4511323533324843e-03 
2016  11  16   1   0   0  1.4042478623866824e-03 
2016  11  16   1  30   0  1.3084899094356712e-03 
2016  11  16   2   0   0  1.3852354936932437e-03 
2016  11  16   2  30   0  1.6303154543592180e-03 
2016  11  16   3   0   0  1.8801292137573707e-03 
2016  11  16   3  30   0  2.1683788878776706e-03 
2016  11  16   4   0   0  2.4512530726176207e-03 
2016  11  16   4  30   0  2.7177407799696233e-03 
2016  11  16   5   0   0  2.9705961033000706e-03 
2016  11  16   5  30   0  3.1674718511247261e-03 
2016  11  16   6   0   0  3.3294945257044939e-03 
2016  11  16   6  30   0  3.3665871802967483e-03 
2016  11  16   7   0   0  3.2230048092318116e-03 
2016  11  16   7  30   0  3.0862570111926746e-03 
2016  11  16   8   0   0  3.0749041248753855e-03 
2016  11  16   8  30   0  2.9812738131939419e-03 
2016  11  16   9   0   0  2.7646923372218776e-03 
2016  11  16   9  30   0  2.6062428004423308e-03 
2016  11  16  10   0   0  2.2569999224710466e-03 
2016  11  16  10  30   0  2.1433919792538513e-03 
2016  11  16  11   0   0  1.8777039997908925e-03 
2016  11  16  11  30   0  2.0299823549484106e-03 
2016  11  16  12   0   0  1.8928185675255249e-03 
2016  11  16  12  30   0  1.9201004289321206e-03 
2016  11  16  13   0   0  1.7148690511672611e-03 
2016  11  16  13  30   0  2.3583350735276337e-03 
2016  11  16  14   0   0  2.6936443693605641e-03 
2016  11  16  14  30   0  2.8251919424844749e-03 
2016  11  16  15   0   0  2.8773828490017985e-03 
2016  11  16  15  30   0  2.5000709264699664e-03 
2016  11  16  16   0   0  2.1754735025996891e-03 
2016  11  16  16  30   0  2.2505491701191849e-03 
2016  11  16  17   0   0  2.5772798388187454e-03 
2016  11  16  17  30   0  2.9245724572069666e-03 
2016  11  16  18   0   0  2.0711920349779037e-03 
2016  11  16  18  30   0  2.3309632942260790e-03 
2016  11  16  19   0   0  3.2597538071995002e-03 
2016  11  16  19  30   0  2.5697363773003667e-03 
2016  11  16  20   0   0  2.5832049510407444e-03 
2016  11  16  20  30   0  2.6758656083222146e-03 
2016  11  16  21   0   0  2.5265541013576656e-03 
2016  11  16  21  30   0  2.7709788286217883e-03 
2016  11  16  22   0   0  3.2963579835005937e-03 
2016  11  16  22  30   0  2.7453476572225988e-03 
2016  11  16  23   0   0  2.4447065230952273e-03 
2016  11  16  23  30   0  3.4058186625021817e-03 
2016  11  17   0   0   0  3.2678147438907840e-03 
2016  11  17   0  30   0  2.8852990305823071e-03 
2016  11  17   1   0   0  2.5591768965394315e-03 
2016  11  17   1  30   0  2.6962778323890999e-03 
2016  11  17   2   0   0  2.4580204839640260e-03 
2016  11  17   2  30   0  2.3509361995471480e-03 
2016  11  17   3   0   0  2.3006665864035137e-03 
2016  11  17   3  30   0  2.2884081391564980e-03 
2016  11  17   4   0   0  2.1662093729460309e-03 
2016  11  17   4  30   0  1.6595893240970215e-03 
2016  11  17   5   0   0  1.5273193470815433e-03 
2016  11  17   5  30   0  1.5179501528540047e-03 
2016  11  17   6   0   0  1.4765208563315877e-03 
2016  11  17   6  30   0  1.3083524684872662e-03 
2016  11  17   7   0   0  1.1926370979312103e-03 
2016  11  17   7  30   0  9.9177207464968176e-04 
2016  11  17   8   0   0  9.7202463173034668e-04 
2016  11  17   8  30   0  9.1759058680242244e-04 
2016  11  17   9   0   0  9.0137085088682332e-04 
2016  11  17   9  30   0  8.3817200414247552e-04 
2016  11  17  10   0   0  6.6387034069474997e-04 
2016  11  17  10  30   0  9.6175146803926300e-04 
2016  11  17  11   0   0  1.1700398030718665e-03 
2016  11  17  11  30   0  1.0821705410186493e-03 
2016  11  17  12   0   0  1.5488699159344208e-03 
2016  11  17  12  30   0  1.2655034489246824e-03 
2016  11  17  13   0   0  1.3176043338802999e-03 
2016  11  17  13  30   0  2.3527971182904931e-03 
2016  11  17  14   0   0  1.3451848195057321e-03 
2016  11  17  14  30   0  1.5151180347848594e-03 
2016  11  17  15   0   0  1.6631624384728543e-03 
2016  11  17  15  30   0  1.5989456664138714e-03 
2016  11  17  16   0   0  1.5789794301213338e-03 
2016  11  17  16  30   0  1.7444927826773067e-03 
2016  11  17  17   0   0  1.6451788557877922e-03 
2016  11  17  17  30   0  3.2550877726410334e-03 
2016  11  17  18   0   0  1.7409224188578267e-03 
2016  11  17  18  30   0  3.8295005068395174e-03 
2016  11  17  19   0   0  1.8188494597595089e-03 
2016  11  17  19  30   0  2.6073909816189812e-03 
2016  11  17  20   0   0  2.3382533224864817e-03 
2016  11  17  20  30   0  1.4616731086458245e-03 
2016  11  17  21   0   0  1.6821811477010244e-03 
2016  11  17  21  30   0  3.7245179981344771e-03 
2016  11  17  22   0   0  2.3660999951008919e-03 
2016  11  17  22  30   0  1.4514336126765079e-03 
2016  11  17  23   0   0  2.0285180248050300e-03 
2016  11  17  23  30   0  1.7068652730340124e-03 
2016  11  18   0   0   0  1.7093557137585265e-03 
2016  11  18   0  30   0  1.6310918567838269e-03 
2016  11  18   1   0   0  1.5505954906062406e-03 
2016  11  18   1  30   0  1.7529206916087475e-03 
2016  11  18   2   0   0  1.7595655761240751e-03 
2016  11  18   2  30   0  1.7353908083211616e-03 
2016  11  18   3   0   0  1.8123323419306863e-03 
2016  11  18   3  30   0  1.9227658531653675e-03 
2016  11  18   4   0   0  2.0511579168398511e-03 
2016  11  18   4  30   0  2.2162369966233406e-03 
2016  11  18   5   0   0  2.0153499274082856e-03 
2016  11  18   5  30   0  2.0742445226445173e-03 
2016  11  18   6   0   0  2.2219887605181973e-03 
2016  11  18   6  30   0  2.2539306838623295e-03 
2016  11  18   7   0   0  2.4316771591835623e-03 
2016  11  18   7  30   0  2.6605846146335976e-03 
2016  11  18   8   0   0  3.1417675274675858e-03 
2016  11  18   8  30   0  2.9939914489121198e-03 
2016  11  18   9   0   0  2.9499863565245975e-03 
2016  11  18   9  30   0  2.7740970484946871e-03 
2016  11  18  10   0   0  2.9237232449090206e-03 
2016  11  18  10  30   0  3.0597411168747624e-03 
2016  11  18  11   0   0  3.0130321303337040e-03 
2016  11  18  11  30   0  3.1372046385748143e-03 
2016  11  18  12   0   0  3.2169392073593543e-03 
2016  11  18  12  30   0  2.9226267937193335e-03 
2016  11  18  13   0   0  3.3007355802429370e-03 
2016  11  18  13  30   0  3.1786033422429652e-03 
2016  11  18  14   0   0  2.0280999475277240e-03 
2016  11  18  14  30   0  1.6929774074205806e-03 
2016  11  18  15   0   0  1.5194981504348501e-03 
2016  11  18  15  30   0  1.4243595604681251e-03 
2016  11  18  16   0   0  1.5819345289524458e-03 
2016  11  18  16  30   0  1.9284591275387823e-03 
2016  11  18  17   0   0  2.4623643983040888e-03 
2016  11  18  17  30   0  2.5200906934719687e-03 
2016  11  18  18   0   0  2.2393655870188338e-03 
2016  11  18  18  30   0  2.2404911431917274e-03 
2016  11  18  19   0   0  2.2429853104795178e-03 
2016  11  18  19  30   0  2.9321933889695992e-03 
2016  11  18  20   0   0  3.6714378972750733e-03 
2016  11  18  20  30   0  3.8930052862507360e-03 
2016  11  18  21   0   0  3.3960634901370086e-03 
2016  11  18  21  30   0  2.8980289244211910e-03 
2016  11  18  22   0   0  3.0881000345093323e-03 
2016  11  18  22  30   0  3.1504936776379413e-03 
2016  11  18  23   0   0  2.5605894857263392e-03 
2016  11  18  23  30   0  2.3457436748258046e-03 
2016  11  19   0   0   0  2.6645094561872345e-03 
2016  11  19   0  30   0  3.0781421302721271e-03 
2016  11  19   1   0   0  3.1642879249518144e-03 
2016  11  19   1  30   0  3.3160038516859645e-03 
2016  11  19   2   0   0  3.3427086372623928e-03 
2016  11  19   2  30   0  3.1422160207154990e-03 
2016  11  19   3   0   0  1.7440248203769600e-03 
2016  11  19   3  30   0  1.1067795963837000e-03 
2016  11  19   4   0   0  1.1052553656684823e-03 
2016  11  19   4  30   0  8.8271026596441887e-04 
2016  11  19   5   0   0  9.7369691718445504e-04 
2016  11  19   5  30   0  1.0002880003386768e-03 
2016  11  19   6   0   0  1.0426911037894496e-03 
2016  11  19   6  30   0  1.2002639554257086e-03 
2016  11  19   7   0   0  1.3450533130300510e-03 
2016  11  19   7  30   0  1.4809816589633014e-03 
2016  11  19   8   0   0  1.6145675372295628e-03 
2016  11  19   8  30   0  1.7068107273667174e-03 
2016  11  19   9   0   0  1.8315172768858733e-03 
2016  11  19   9  30   0  1.2869588100055892e-03 
2016  11  19  10   0   0  1.6035611055185757e-03 
2016  11  19  10  30   0  1.9326442197114936e-03 
2016  11  19  11   0   0  1.7201551416144473e-03 
2016  11  19  11  30   0  1.7989683655300979e-03 
2016  11  19  12   0   0  1.5706269837151823e-03 
2016  11  19  12  30   0  1.5275788546887002e-03 
2016  11  19  13   0   0  1.7903149574922395e-03 
2016  11  19  13  30   0  1.7128301430026553e-03 
2016  11  19  14   0   0  1.3668521388165190e-03 
2016  11  19  14  30   0  1.9035166682261555e-03 
2016  11  19  15   0   0  2.2171602983267970e-03 
2016  11  19  15  30   0  2.1712664633197526e-03 
2016  11  19  16   0   0  1.9067206287724560e-03 
2016  11  19  16  30   0  2.0143478734353615e-03 
2016  11  19  17   0   0  1.8579612472385955e-03 
2016  11  19  17  30   0  1.7062533279599390e-03 
2016  11  19  18   0   0  1.6390433267151241e-03 
2016  11  19  18  30   0  1.5138070107019264e-03 
2016  11  19  19   0   0  1.7544177769282996e-03 
2016  11  19  19  30   0  1.7920648040760621e-03 
2016  11  19  20   0   0  1.6603531086466419e-03 
2016  11  19  20  30   0  1.5183243128728658e-03 
2016  11  19  21   0   0  1.6928641832489790e-03 
2016  11  19  21  30   0  1.7207488156457307e-03 
2016  11  19  22   0   0  1.5249142892154188e-03 
2016  11  19  22  30   0  1.4033562375113170e-03 
2016  11  19  23   0   0  1.3901686044087650e-03 
2016  11  19  23  30   0  1.4285424576964305e-03 
2016  11  20   0   0   0  1.5237136236485344e-03 
2016  11  20   0  30   0  1.7173408397334960e-03 
2016  11  20   1   0   0  1.8455234784642205e-03 
2016  11  20   1  30   0  1.9384161232487004e-03 
2016  11  20   2   0   0  2.1418528913374041e-03 
2016  11  20   2  30   0  2.5121796406981770e-03 
2016  11  20   3   0   0  2.6009260628813038e-03 
2016  11  20   3  30   0  2.5316718066096143e-03 
2016  11  20   4   0   0  2.8365587756770502e-03 
2016  11  20   4  30   0  2.9901828787132216e-03 
2016  11  20   5   0   0  3.1195442879064336e-03 
2016  11  20   5  30   0  3.1524241872971388e-03 
2016  11  20   6   0   0  3.3170566255174574e-03 
2016  11  20   6  30   0  3.5129448968722037e-03 
2016  11  20   7   0   0  5.2137388703144124e-03 
2016  11  20   7  30   0  4.4951486637933476e-03 
2016  11  20   8   0   0  3.8406703164381912e-03 
2016  11  20   8  30   0  5.6339210841697736e-03 
2016  11  20   9   0   0  4.4923864143838546e-03 
2016  11  20   9  30   0  3.7617854080564716e-03 
2016  11  20  10   0   0  3.5136064139735684e-03 
2016  11  20  10  30   0  3.2004878472863445e-03 
2016  11  20  11   0   0  2.9388696410498935e-03 
2016  11  20  11  30   0  2.5535386721944543e-03 
2016  11  20  12   0   0  2.4306953088458322e-03 
2016  11  20  12  30   0  2.2315250049556234e-03 
2016  11  20  13   0   0  2.2852132293837940e-03 
2016  11  20  13  30   0  2.2724565456907131e-03 
2016  11  20  14   0   0  2.1389670874824903e-03 
2016  11  20  14  30   0  1.9340886633733062e-03 
2016  11  20  15   0   0  1.7301012860991367e-03 
2016  11  20  15  30   0  1.9279239364665514e-03 
2016  11  20  16   0   0  2.6419223496782357e-03 
2016  11  20  16  30   0  3.4761376506947479e-03 
2016  11  20  17   0   0  3.0357746628314405e-03 
2016  11  20  17  30   0  2.5004984384837982e-03 
2016  11  20  18   0   0  2.8034557413925141e-03 
2016  11  20  18  30   0  2.8172351987093120e-03 
2016  11  20  19   0   0  2.5579036275626237e-03 
2016  11  20  19  30   0  2.3652510196507446e-03 
2016  11  20  20   0   0  2.4518643898532645e-03 
2016  11  20  20  30   0  2.6845988567246407e-03 
2016  11  20  21   0   0  2.8342767535510013e-03 
2016  11  20  21  30   0  2.8855683444813794e-03 
2016  11  20  22   0   0  3.0697886595958878e-03 
2016  11  20  22  30   0  3.2961647724163777e-03 
2016  11  20  23   0   0  3.1596223548514654e-03 
2016  11  20  23  30   0  3.2652507986395394e-03 
2016  11  21   0   0   0  3.3053532102203342e-03 
2016  11  21   0  30   0  3.3187198258522060e-03 
2016  11  21   1   0   0  3.6008150475290708e-03 
2016  11  21   1  30   0  3.6138405840762493e-03 
2016  11  21   2   0   0  3.4983017392683775e-03 
2016  11  21   2  30   0  3.5651649714255030e-03 
2016  11  21   3   0   0  3.6813277699210916e-03 
2016  11  21   3  30   0  4.1823541619006579e-03 
2016  11  21   4   0   0  5.0603179051763271e-03 
2016  11  21   4  30   0  4.0698186460325974e-03 
2016  11  21   5   0   0  3.5001166367665294e-03 
2016  11  21   5  30   0  3.5862132792439452e-03 
2016  11  21   6   0   0  3.7001590041004424e-03 
2016  11  21   6  30   0  3.3864403519349461e-03 
2016  11  21   7   0   0  2.6031373031580522e-03 
2016  11  21   7  30   0  2.8639062825257257e-03 
2016  11  21   8   0   0  2.6105245865829653e-03 
2016  11  21   8  30   0  1.7229621862678345e-03 
2016  11  21   9   0   0  1.5274849023360563e-03 
2016  11  21   9  30   0  1.9634970126106272e-03 
2016  11  21  10   0   0  2.2264552158773069e-03 
2016  11  21  10  30   0  2.5787001595071260e-03 
2016  11  21  11   0   0  3.3954597629306605e-03 
2016  11  21  11  30   0  4.5083748479347752e-03 
2016  11  21  12   0   0  5.8044486551679609e-03 
2016  11  21  12  30   0  7.1935346557421946e-03 
2016  11  21  13   0   0  8.5827041984927570e-03 
2016  11  21  13  30   0  9.9388760683448880e-03 
2016  11  21  14   0   0  1.1296370471512681e-02 
2016  11  21  14  30   0  1.1245116318011930e-02 
2016  11  21  15   0   0  1.1243992752467662e-02 
2016  11  21  15  30   0  1.0807020960958019e-02 
2016  11  21  16   0   0  1.0396783689900668e-02 
2016  11  21  16  30   0  1.0160385986282213e-02 
2016  11  21  17   0   0  1.0248194757869280e-02 
2016  11  21  17  30   0  1.0239230435705375e-02 
2016  11  21  18   0   0  1.0122029038026396e-02 
2016  11  21  18  30   0  9.9119940206902866e-03 
2016  11  21  19   0   0  8.7701497935329439e-03 
2016  11  21  19  30   0  8.1955387214490590e-03 
2016  11  21  20   0   0  8.2596819752443415e-03 
2016  11  21  20  30   0  8.1212762177083810e-03 
2016  11  21  21   0   0  8.0390711877652947e-03 
2016  11  21  21  30   0  7.4806448319575409e-03 
2016  11  21  22   0   0  8.1487171255379479e-03 
2016  11  21  22  30   0  9.8257641976434822e-03 
2016  11  21  23   0   0  1.1036820401007860e-02 
2016  11  21  23  30   0  1.1555968385412216e-02 
2016  11  22   0   0   0  1.0579002622400106e-02 
2016  11  22   0  30   0  1.1672998710070189e-02 
2016  11  22   1   0   0  1.2401549155459393e-02 
2016  11  22   1  30   0  1.0745906538378697e-02 
2016  11  22   2   0   0  9.3538369374609430e-03 
2016  11  22   2  30   0  9.1479892595363356e-03 
2016  11  22   3   0   0  8.7619787938206430e-03 
2016  11  22   3  30   0  8.5061282504829971e-03 
2016  11  22   4   0   0  8.2009825671196974e-03 
2016  11  22   4  30   0  8.1956586596171575e-03 
2016  11  22   5   0   0  8.5620147661855384e-03 
2016  11  22   5  30   0  8.1502258991619798e-03 
2016  11  22   6   0   0  7.0727592161773066e-03 
2016  11  22   6  30   0  6.9733330383209176e-03 
2016  11  22   7   0   0  7.0082387466654291e-03 
2016  11  22   7  30   0  7.2029034951884190e-03 
2016  11  22   8   0   0  7.4775001927816567e-03 
2016  11  22   8  30   0  7.4344967048654721e-03 
2016  11  22   9   0   0  7.3357158685018855e-03 
2016  11  22   9  30   0  7.2161443327491432e-03 
2016  11  22  10   0   0  7.2000572722579941e-03 
2016  11  22  10  30   0  6.7028294685996066e-03 
2016  11  22  11   0   0  6.4568969239524815e-03 
2016  11  22  11  30   0  6.0303537411605145e-03 
2016  11  22  12   0   0  5.5562880119577485e-03 
2016  11  22  12  30   0  5.2498728597757654e-03 
2016  11  22  13   0   0  4.8449908922122715e-03 
2016  11  22  13  30   0  4.4587237028503755e-03 
2016  11  22  14   0   0  4.3271628946670616e-03 
2016  11  22  14  30   0  4.0132668182696818e-03 
2016  11  22  15   0   0  3.9141319513782951e-03 
2016  11  22  15  30   0  3.9625727880275973e-03 
2016  11  22  16   0   0  3.9504345982872150e-03 
2016  11  22  16  30   0  4.0443888683076665e-03 
2016  11  22  17   0   0  3.7175450335422888e-03 
2016  11  22  17  30   0  3.3709605318291013e-03 
2016  11  22  18   0   0  3.2406702264334768e-03 
2016  11  22  18  30   0  3.5569256287210811e-03 
2016  11  22  19   0   0  4.3695325105685273e-03 
2016  11  22  19  30   0  4.2422052957122331e-03 
2016  11  22  20   0   0  4.0813916184718651e-03 
2016  11  22  20  30   0  3.5999474070755291e-03 
2016  11  22  21   0   0  2.8117757709506010e-03 
2016  11  22  21  30   0  2.9172862554415232e-03 
2016  11  22  22   0   0  2.6874531942877324e-03 
2016  11  22  22  30   0  2.8342214082121100e-03 
2016  11  22  23   0   0  3.2639331821984145e-03 
2016  11  22  23  30   0  3.6784278684762728e-03 
2016  11  23   0   0   0  4.1863131539133860e-03 
2016  11  23   0  30   0  4.6652390414432306e-03 
2016  11  23   1   0   0  4.8336791930710743e-03 
2016  11  23   1  30   0  4.8106920996789648e-03 
2016  11  23   2   0   0  4.9069405595862483e-03 
2016  11  23   2  30   0  4.7738449880558387e-03 
2016  11  23   3   0   0  4.7308608226209652e-03 
2016  11  23   3  30   0  4.7296327696602853e-03 
2016  11  23   4   0   0  4.7597537739707263e-03 
2016  11  23   4  30   0  4.9843117345682846e-03 
2016  11  23   5   0   0  5.1061002242108276e-03 
2016  11  23   5  30   0  4.4793307435398201e-03 
2016  11  23   6   0   0  4.2248097957110946e-03 
2016  11  23   6  30   0  3.2096243786773112e-03 
2016  11  23   7   0   0  2.7006031097338914e-03 
2016  11  23   7  30   0  2.7263032059385716e-03 
2016  11  23   8   0   0  3.1774528150260634e-03 
2016  11  23   8  30   0  3.8374861014219296e-03 
2016  11  23   9   0   0  4.1411535520604762e-03 
2016  11  23   9  30   0  4.6144391591033214e-03 
2016  11  23  10   0   0  5.2565977356152224e-03 
2016  11  23  10  30   0  5.8059644036262048e-03 
2016  11  23  11   0   0  6.1353506632187216e-03 
2016  11  23  11  30   0  6.0223853646178896e-03 
2016  11  23  12   0   0  5.2836284291879598e-03 
2016  11  23  12  30   0  5.1978120070750077e-03 
2016  11  23  13   0   0  5.0842746083896969e-03 
2016  11  23  13  30   0  5.0810296309265349e-03 
2016  11  23  14   0   0  5.0898727690616118e-03 
2016  11  23  14  30   0  5.1377425523468261e-03 
2016  11  23  15   0   0  5.1181684888862823e-03 
2016  11  23  15  30   0  4.9773108397279126e-03 
2016  11  23  16   0   0  4.9095468911727232e-03 
2016  11  23  16  30   0  4.8176714063629346e-03 
2016  11  23  17   0   0  4.8532807906400462e-03 
2016  11  23  17  30   0  4.7799007058847917e-03 
2016  11  23  18   0   0  4.7784208924149078e-03 
2016  11  23  18  30   0  5.3676458845815867e-03 
2016  11  23  19   0   0  5.8980139085397483e-03 
2016  11  23  19  30   0  5.9331673438634902e-03 
2016  11  23  20   0   0  6.2208012743803125e-03 
2016  11  23  20  30   0  6.1025018345507182e-03 
2016  11  23  21   0   0  5.7533765685422802e-03 
2016  11  23  21  30   0  5.8741168207011672e-03 
2016  11  23  22   0   0  5.6918683009016969e-03 
2016  11  23  22  30   0  5.4227130422574588e-03 
2016  11  23  23   0   0  5.3963720964893130e-03 
2016  11  23  23  30   0  4.7069624006451918e-03 
2016  11  24   0   0   0  4.4606009707069951e-03 
2016  11  24   0  30   0  4.7736378247234543e-03 
2016  11  24   1   0   0  4.4483163410511603e-03 
2016  11  24   1  30   0  4.5860702101071620e-03 
2016  11  24   2   0   0  4.2922660474905899e-03 
2016  11  24   2  30   0  4.4943118617064475e-03 
2016  11  24   3   0   0  3.8567174870508666e-03 
2016  11  24   3  30   0  3.7458104901641177e-03 
2016  11  24   4   0   0  3.4136274545236555e-03 
2016  11  24   4  30   0  3.8383431324010755e-03 
2016  11  24   5   0   0  3.8862553748520304e-03 
2016  11  24   5  30   0  3.5174274561176936e-03 
2016  11  24   6   0   0  3.6094593672138372e-03 
2016  11  24   6  30   0  3.0962687342259545e-03 
2016  11  24   7   0   0  3.0857607383547388e-03 
2016  11  24   7  30   0  2.9998689869011764e-03 
2016  11  24   8   0   0  2.8350985527853222e-03 
2016  11  24   8  30   0  2.5871053680842104e-03 
2016  11  24   9   0   0  2.3829859307097361e-03 
2016  11  24   9  30   0  2.4985423662814083e-03 
2016  11  24  10   0   0  1.8261516873166940e-03 
2016  11  24  10  30   0  1.4733899653815907e-03 
2016  11  24  11   0   0  4.9629871067090911e-04 
2016  11  24  11  30   0  3.5949800474635162e-04 
2016  11  24  12   0   0  3.7102580452929527e-04 
2016  11  24  12  30   0  3.1428245631686584e-04 
2016  11  24  13   0   0  3.0643881906744068e-04 
2016  11  24  13  30   0  3.8493892336487331e-04 
2016  11  24  14   0   0  6.9234464962059593e-04 
2016  11  24  14  30   0  1.0029145213659135e-03 
2016  11  24  15   0   0  9.6503724097563210e-04 
2016  11  24  15  30   0  1.2371828722951416e-03 
2016  11  24  16   0   0  1.2440668603203421e-03 
2016  11  24  16  30   0  1.5144184897035293e-03 
2016  11  24  17   0   0  1.7908189010344612e-03 
2016  11  24  17  30   0  1.4351364920666169e-03 
2016  11  24  18   0   0  1.2744242336874538e-03 
2016  11  24  18  30   0  1.2118514762624005e-03 
2016  11  24  19   0   0  1.2524046578727883e-03 
2016  11  24  19  30   0  1.2383753885847099e-03 
2016  11  24  20   0   0  1.1156168058300416e-03 
2016  11  24  20  30   0  1.0414488087527477e-03 
2016  11  24  21   0   0  1.5014687103929018e-03 
2016  11  24  21  30   0  1.5770752235853083e-03 
2016  11  24  22   0   0  1.2826058127347884e-03 
2016  11  24  22  30   0  1.2427048059901048e-03 
2016  11  24  23   0   0  1.2880480670941570e-03 
2016  11  24  23  30   0  1.2549460691406410e-03 
2016  11  25   0   0   0  1.2009438990764987e-03 
2016  11  25   0  30   0  1.1670562764731348e-03 
2016  11  25   1   0   0  8.3205171225234585e-04 
2016  11  25   1  30   0  6.7449348810339469e-04 
2016  11  25   2   0   0  7.2232984683550153e-04 
2016  11  25   2  30   0  7.3686270216040666e-04 
2016  11  25   3   0   0  6.5412516147831073e-04 
2016  11  25   3  30   0  6.2871864574167325e-04 
2016  11  25   4   0   0  7.9479267391982815e-04 
2016  11  25   4  30   0  8.9535466985024798e-04 
2016  11  25   5   0   0  9.7535716837372506e-04 
2016  11  25   5  30   0  1.0708789121413366e-03 
2016  11  25   6   0   0  1.1611485394854627e-03 
2016  11  25   6  30   0  1.2422415507564427e-03 
2016  11  25   7   0   0  1.1600221791798981e-03 
2016  11  25   7  30   0  9.9191590760882914e-04 
2016  11  25   8   0   0  9.6657543836776300e-04 
2016  11  25   8  30   0  9.0348782829748162e-04 
2016  11  25   9   0   0  9.4641562752137117e-04 
2016  11  25   9  30   0  9.6811998633114418e-04 
2016  11  25  10   0   0  9.9059797048561176e-04 
2016  11  25  10  30   0  1.0127298701612510e-03 
2016  11  25  11   0   0  1.0355312951479127e-03 
2016  11  25  11  30   0  1.0583373349683945e-03 
2016  11  25  12   0   0  1.0796245137991273e-03 
2016  11  25  12  30   0  1.1047310077802355e-03 
2016  11  25  13   0   0  1.1142435110274131e-03 
2016  11  25  13  30   0  9.7912615548303170e-04 
2016  11  25  14   0   0  9.0301165314253236e-04 
2016  11  25  14  30   0  9.6226260331023898e-04 
2016  11  25  15   0   0  1.1817554051581304e-03 
2016  11  25  15  30   0  1.4470309363477335e-03 
2016  11  25  16   0   0  1.4523107150350163e-03 
2016  11  25  16  30   0  1.4961522628758315e-03 
2016  11  25  17   0   0  1.3790475190076927e-03 
2016  11  25  17  30   0  1.6759066156213686e-03 
2016  11  25  18   0   0  1.4362632822732650e-03 
2016  11  25  18  30   0  1.9023315472797204e-03 
2016  11  25  19   0   0  2.3012459910043193e-03 
2016  11  25  19  30   0  2.4648949890644818e-03 
2016  11  25  20   0   0  2.6298363744492971e-03 
2016  11  25  20  30   0  3.2201696798043735e-03 
2016  11  25  21   0   0  2.3314745988019000e-03 
2016  11  25  21  30   0  2.4485866578758380e-03 
2016  11  25  22   0   0  2.0987925632151715e-03 
2016  11  25  22  30   0  1.6749981289950065e-03 
2016  11  25  23   0   0  1.7378726301862093e-03 
2016  11  25  23  30   0  1.5298623138741013e-03 
2016  11  26   0   0   0  1.4811337773098919e-03 
2016  11  26   0  30   0  1.3687903906466237e-03 
2016  11  26   1   0   0  1.2673641310840555e-03 
2016  11  26   1  30   0  1.2020523386382996e-03 
2016  11  26   2   0   0  1.0991972187431062e-03 
2016  11  26   2  30   0  8.8545425820191811e-04 
2016  11  26   3   0   0  6.5271323102987239e-04 
2016  11  26   3  30   0  4.7953224008759956e-04 
2016  11  26   4   0   0  3.9015468102390223e-04 
2016  11  26   4  30   0  3.9337226102051278e-04 
2016  11  26   5   0   0  4.0147683569404365e-04 
2016  11  26   5  30   0  4.3791897597122016e-04 
2016  11  26   6   0   0  4.4004119849898771e-04 
2016  11  26   6  30   0  6.2547429032359665e-04 
2016  11  26   7   0   0  7.1318728403105909e-04 
2016  11  26   7  30   0  9.6778966816441956e-04 
2016  11  26   8   0   0  1.3918127609983356e-03 
2016  11  26   8  30   0  1.7702775571866616e-03 
2016  11  26   9   0   0  1.8753573881831668e-03 
2016  11  26   9  30   0  1.6820342397728431e-03 
2016  11  26  10   0   0  1.5876494722781274e-03 
2016  11  26  10  30   0  1.3625434700492817e-03 
2016  11  26  11   0   0  1.2016775065053910e-03 
2016  11  26  11  30   0  1.0438779566125747e-03 
2016  11  26  12   0   0  1.0983355897036524e-03 
2016  11  26  12  30   0  1.0367713614862907e-03 
2016  11  26  13   0   0  9.1197666608400793e-04 
2016  11  26  13  30   0  7.3850828825976211e-04 
2016  11  26  14   0   0  6.8932714542513113e-04 
2016  11  26  14  30   0  5.2763539480882348e-04 
2016  11  26  15   0   0  4.1928684790282325e-04 
2016  11  26  15  30   0  3.7591332690181689e-04 
2016  11  26  16   0   0  4.4348059786859117e-04 
2016  11  26  16  30   0  5.4151432868077584e-04 
2016  11  26  17   0   0  9.1660547344217644e-04 
2016  11  26  17  30   0  8.7579297688881379e-04 
2016  11  26  18   0   0  9.4665790701057933e-04 
2016  11  26  18  30   0  9.5411263455423166e-04 
2016  11  26  19   0   0  8.0642454682039856e-04 
2016  11  26  19  30   0  7.4399183252089256e-04 
2016  11  26  20   0   0  8.5885015938908329e-04 
2016  11  26  20  30   0  8.5057094147857678e-04 
2016  11  26  21   0   0  7.8212506788105521e-04 
2016  11  26  21  30   0  6.2643441208376971e-04 
2016  11  26  22   0   0  5.9026708095585194e-04 
2016  11  26  22  30   0  6.2890825968194724e-04 
2016  11  26  23   0   0  7.8582943215661566e-04 
2016  11  26  23  30   0  7.7103355160069846e-04 
2016  11  27   0   0   0  6.8726030421736362e-04 
2016  11  27   0  30   0  9.9709924709579065e-04 
2016  11  27   1   0   0  1.3069214510420223e-03 
2016  11  27   1  30   0  1.4342114109068414e-03 
2016  11  27   2   0   0  1.5601017352280101e-03 
2016  11  27   2  30   0  1.7481461221752629e-03 
2016  11  27   3   0   0  1.6540564648721869e-03 
2016  11  27   3  30   0  1.5179846763020248e-03 
2016  11  27   4   0   0  1.3760136637092448e-03 
2016  11  27   4  30   0  1.0975089481145618e-03 
2016  11  27   5   0   0  9.5797769811790565e-04 
2016  11  27   5  30   0  7.8499165507083261e-04 
2016  11  27   6   0   0  7.9687129112192788e-04 
2016  11  27   6  30   0  8.9973777541680255e-04 
2016  11  27   7   0   0  1.0344297437022934e-03 
2016  11  27   7  30   0  1.1287165667481743e-03 
2016  11  27   8   0   0  1.0776161677376304e-03 
2016  11  27   8  30   0  1.0896421340741999e-03 
2016  11  27   9   0   0  1.1959110979511418e-03 
2016  11  27   9  30   0  1.3213546846955920e-03 
2016  11  27  10   0   0  1.4020883308556199e-03 
2016  11  27  10  30   0  1.5638492156305026e-03 
2016  11  27  11   0   0  1.7576884057681702e-03 
2016  11  27  11  30   0  1.7372289232149131e-03 
2016  11  27  12   0   0  1.7129501485457425e-03 
2016  11  27  12  30   0  1.5703733242793604e-03 
2016  11  27  13   0   0  1.4664715638228166e-03 
2016  11  27  13  30   0  1.4937870740205797e-03 
2016  11  27  14   0   0  1.3677837367908614e-03 
2016  11  27  14  30   0  1.2212697085345742e-03 
2016  11  27  15   0   0  9.0404408557687188e-04 
2016  11  27  15  30   0  8.1483090847910033e-04 
2016  11  27  16   0   0  8.4748865213956303e-04 
2016  11  27  16  30   0  8.9913784536962862e-04 
2016  11  27  17   0   0  1.0132959268422982e-03 
2016  11  27  17  30   0  1.0870042858842784e-03 
2016  11  27  18   0   0  1.2252276858928037e-03 
2016  11  27  18  30   0  1.4175085181776974e-03 
2016  11  27  19   0   0  1.5773030241890394e-03 
2016  11  27  19  30   0  1.5991274126237666e-03 
2016  11  27  20   0   0  1.6448212862159334e-03 
2016  11  27  20  30   0  1.7397774263926825e-03 
2016  11  27  21   0   0  1.8101584311495909e-03 
2016  11  27  21  30   0  1.7602449702323157e-03 
2016  11  27  22   0   0  1.7813266908548021e-03 
2016  11  27  22  30   0  1.7276329628057206e-03 
2016  11  27  23   0   0  1.6950258629361710e-03 
2016  11  27  23  30   0  1.6717614960705628e-03 
2016  11  28   0   0   0  1.5615126341292258e-03 
2016  11  28   0  30   0  1.5775177713889042e-03 
2016  11  28   1   0   0  1.7790931302234137e-03 
2016  11  28   1  30   0  1.7049676748226610e-03 
2016  11  28   2   0   0  1.5804180504595899e-03 
2016  11  28   2  30   0  1.3726499966713241e-03 
2016  11  28   3   0   0  1.2297496356377590e-03 
2016  11  28   3  30   0  1.2207546897207620e-03 
2016  11  28   4   0   0  1.1205225982008867e-03 
2016  11  28   4  30   0  9.5550041439286819e-04 
2016  11  28   5   0   0  9.3670636416206231e-04 
2016  11  28   5  30   0  9.2925584711451442e-04 
2016  11  28   6   0   0  9.4105660932345715e-04 
2016  11  28   6  30   0  1.0327782552245093e-03 
2016  11  28   7   0   0  1.3439696501435783e-03 
2016  11  28   7  30   0  1.3733909203092762e-03 
2016  11  28   8   0   0  1.2629695143611906e-03 
2016  11  28   8  30   0  1.2463742697817349e-03 
2016  11  28   9   0   0  1.2684823637534981e-03 
2016  11  28   9  30   0  1.0821977051842784e-03 
2016  11  28  10   0   0  1.0129864717619299e-03 
2016  11  28  10  30   0  9.5832922994777182e-04 
2016  11  28  11   0   0  1.0898559153942752e-03 
2016  11  28  11  30   0  9.7731638226723956e-04 
2016  11  28  12   0   0  1.1306869969441549e-03 
2016  11  28  12  30   0  1.1206635506268094e-03 
2016  11  28  13   0   0  1.1648581913286252e-03 
2016  11  28  13  30   0  1.2177249588456560e-03 
2016  11  28  14   0   0  1.1387857949860833e-03 
2016  11  28  14  30   0  1.3482283997639751e-03 
2016  11  28  15   0   0  1.3725140602959115e-03 
2016  11  28  15  30   0  1.2255917858032251e-03 
2016  11  28  16   0   0  1.1847119835605188e-03 
2016  11  28  16  30   0  1.2855840019554273e-03 
2016  11  28  17   0   0  1.4241985002854775e-03 
2016  11  28  17  30   0  1.7167372434528146e-03 
2016  11  28  18   0   0  1.7482769431644383e-03 
2016  11  28  18  30   0  1.7115227525979189e-03 
2016  11  28  19   0   0  1.6015742167447458e-03 
2016  11  28  19  30   0  1.0098163658956740e-03 
2016  11  28  20   0   0  8.3206738101218461e-04 
2016  11  28  20  30   0  7.4331965035675217e-04 
2016  11  28  21   0   0  7.6313077156389523e-04 
2016  11  28  21  30   0  7.5968993092197018e-04 
2016  11  28  22   0   0  7.5271098529410170e-04 
2016  11  28  22  30   0  7.7125569786246572e-04 
2016  11  28  23   0   0  7.2714235170622833e-04 
2016  11  28  23  30   0  7.0983084664663360e-04 
2016  11  29   0   0   0  8.5582687162841253e-04 
2016  11  29   0  30   0  9.4223388160573449e-04 
2016  11  29   1   0   0  9.9814290289479022e-04 
2016  11  29   1  30   0  9.9172297155276489e-04 
2016  11  29   2   0   0  1.0398106422082848e-03 
2016  11  29   2  30   0  1.0947236168367543e-03 
2016  11  29   3   0   0  1.0952820925178559e-03 
2016  11  29   3  30   0  9.8364508638880735e-04 
2016  11  29   4   0   0  1.0051755091895773e-03 
2016  11  29   4  30   0  1.1368154347814173e-03 
2016  11  29   5   0   0  1.1390650273909013e-03 
2016  11  29   5  30   0  1.1696173328569249e-03 
2016  11  29   6   0   0  1.3107014349119019e-03 
2016  11  29   6  30   0  1.5419311288253276e-03 
2016  11  29   7   0   0  1.4157691168544318e-03 
2016  11  29   7  30   0  1.3406995168397141e-03 
2016  11  29   8   0   0  1.2807279795914335e-03 
2016  11  29   8  30   0  1.2425860557876334e-03 
2016  11  29   9   0   0  1.2062307570905450e-03 
2016  11  29   9  30   0  1.1892266261352047e-03 
2016  11  29  10   0   0  1.1996973303817393e-03 
2016  11  29  10  30   0  1.0892024508333234e-03 
2016  11  29  11   0   0  1.8516826082721940e-03 
2016  11  29  11  30   0  1.0842101384398672e-03 
2016  11  29  12   0   0  1.1967494885088339e-03 
2016  11  29  12  30   0  1.9565456876517984e-03 
2016  11  29  13   0   0  2.2089689265801671e-03 
2016  11  29  13  30   0  2.9456713377431472e-03 
2016  11  29  14   0   0  3.8491129816293577e-03 
2016  11  29  14  30   0  4.2089756841672881e-03 
2016  11  29  15   0   0  4.8887855418167040e-03 
2016  11  29  15  30   0  4.7936001114810686e-03 
2016  11  29  16   0   0  3.9734324959187868e-03 
2016  11  29  16  30   0  3.7648771979431781e-03 
2016  11  29  17   0   0  3.8048782154036448e-03 
2016  11  29  17  30   0  4.3450217859275411e-03 
2016  11  29  18   0   0  4.6387358520149791e-03 
2016  11  29  18  30   0  4.7741596782062143e-03 
2016  11  29  19   0   0  4.6228074352980663e-03 
2016  11  29  19  30   0  4.5914720831217197e-03 
2016  11  29  20   0   0  4.4277645065716603e-03 
2016  11  29  20  30   0  4.1380153435548947e-03 
2016  11  29  21   0   0  3.8746200266182489e-03 
2016  11  29  21  30   0  3.6228750968960626e-03 
2016  11  29  22   0   0  3.3262561698269447e-03 
2016  11  29  22  30   0  3.0301899046288462e-03 
2016  11  29  23   0   0  2.5884915042284230e-03 
2016  11  29  23  30   0  2.1688280184220783e-03 
2016  11  30   0   0   0  2.2143915966853947e-03 
2016  11  30   0  30   0  2.3251048855596704e-03 
2016  11  30   1   0   0  2.4285447730130402e-03 
2016  11  30   1  30   0  2.4319779044063689e-03 
2016  11  30   2   0   0  2.5553435713219774e-03 
2016  11  30   2  30   0  2.7487470798121727e-03 
2016  11  30   3   0   0  2.9343913415043939e-03 
2016  11  30   3  30   0  3.2144035056692914e-03 
2016  11  30   4   0   0  3.3920162551427128e-03 
2016  11  30   4  30   0  3.8976039460786125e-03 
2016  11  30   5   0   0  4.3625973288910092e-03 
2016  11  30   5  30   0  4.1710939602103104e-03 
2016  11  30   6   0   0  5.5497672736814175e-03 
2016  11  30   6  30   0  5.3111835263874923e-03 
2016  11  30   7   0   0  4.1794091362188784e-03 
2016  11  30   7  30   0  3.3632985762035283e-03 
2016  11  30   8   0   0  3.2454867853238495e-03 
2016  11  30   8  30   0  5.0447384523668150e-03 
2016  11  30   9   0   0  3.9060322500977522e-03 
2016  11  30   9  30   0  2.5081938101991748e-03 
2016  11  30  10   0   0  1.9716040398095082e-03 
2016  11  30  10  30   0  1.6588929481193661e-03 
2016  11  30  11   0   0  1.5107434439205981e-03 
2016  11  30  11  30   0  1.3830393713135493e-03 
2016  11  30  12   0   0  1.1704964001468402e-03 
2016  11  30  12  30   0  1.1392332424694047e-03 
2016  11  30  13   0   0  1.0884638292481777e-03 
2016  11  30  13  30   0  1.0253444823879907e-03 
2016  11  30  14   0   0  1.0001444977990755e-03 
2016  11  30  14  30   0  9.7635688442950473e-04 
2016  11  30  15   0   0  1.0234172896388238e-03 
2016  11  30  15  30   0  9.6437051147940731e-04 
2016  11  30  16   0   0  1.0141864888698162e-03 
2016  11  30  16  30   0  1.3436557226233713e-03 
2016  11  30  17   0   0  1.6968867049043507e-03 
2016  11  30  17  30   0  1.5431631813496761e-03 
2016  11  30  18   0   0  1.4750304307369732e-03 
2016  11  30  18  30   0  1.5335865822288168e-03 
2016  11  30  19   0   0  1.6163235052971553e-03 
2016  11  30  19  30   0  1.6752579573614389e-03 
2016  11  30  20   0   0  1.7426561108948467e-03 
2016  11  30  20  30   0  1.7107797113458856e-03 
2016  11  30  21   0   0  1.5827578812821759e-03 
2016  11  30  21  30   0  1.5070915132145595e-03 
2016  11  30  22   0   0  1.3693498800938682e-03 
2016  11  30  22  30   0  1.2633921613786473e-03 
2016  11  30  23   0   0  1.4241767985875521e-03 
2016  11  30  23  30   0  1.5066616754393280e-03 
2016  12   1   0   0   0  1.5066616754393280e-03 
