   0   0   0   0   0   0  0.000147 
2016  11   1   0   0   0  1.4698582113084748e-04 
2016  11   1   0  30   0  1.3293063718432263e-04 
2016  11   1   1   0   0  1.2445598294424942e-04 
2016  11   1   1  30   0  1.1958750498311685e-04 
2016  11   1   2   0   0  1.1452049676830938e-04 
2016  11   1   2  30   0  1.1136962247068437e-04 
2016  11   1   3   0   0  1.1297587279094257e-04 
2016  11   1   3  30   0  1.1530222294666418e-04 
2016  11   1   4   0   0  1.1383297060283842e-04 
2016  11   1   4  30   0  1.1643943066321275e-04 
2016  11   1   5   0   0  1.3007574144080673e-04 
2016  11   1   5  30   0  1.5821821724837899e-04 
2016  11   1   6   0   0  1.7617219436057396e-04 
2016  11   1   6  30   0  1.8630377949838286e-04 
2016  11   1   7   0   0  2.0345515109486113e-04 
2016  11   1   7  30   0  2.2999788904870289e-04 
2016  11   1   8   0   0  2.5192479464982071e-04 
2016  11   1   8  30   0  2.6448252496103668e-04 
2016  11   1   9   0   0  2.7375512969961144e-04 
2016  11   1   9  30   0  2.6750303161045291e-04 
2016  11   1  10   0   0  2.5629604424875010e-04 
2016  11   1  10  30   0  2.6821607523967706e-04 
2016  11   1  11   0   0  2.9258892431188705e-04 
2016  11   1  11  30   0  2.6924309202255549e-04 
2016  11   1  12   0   0  2.2272878406701685e-04 
2016  11   1  12  30   0  1.7535137956201560e-04 
2016  11   1  13   0   0  1.4602668044926085e-04 
2016  11   1  13  30   0  1.1635015235696817e-04 
2016  11   1  14   0   0  9.8237503217198286e-05 
2016  11   1  14  30   0  9.7545773804884496e-05 
2016  11   1  15   0   0  1.2076124662516193e-04 
2016  11   1  15  30   0  1.1741286660453980e-04 
2016  11   1  16   0   0  8.8790160311796561e-05 
2016  11   1  16  30   0  9.3590269764493435e-05 
2016  11   1  17   0   0  9.8132947779726773e-05 
2016  11   1  17  30   0  1.0566652887541863e-04 
2016  11   1  18   0   0  1.4765195380482841e-04 
2016  11   1  18  30   0  1.4957430563179101e-04 
2016  11   1  19   0   0  1.4178474383623932e-04 
2016  11   1  19  30   0  1.5150735988852179e-04 
2016  11   1  20   0   0  1.8318696635049320e-04 
2016  11   1  20  30   0  1.9354993726210275e-04 
2016  11   1  21   0   0  2.4270234728610384e-04 
2016  11   1  21  30   0  2.8860248830083992e-04 
2016  11   1  22   0   0  3.3948168116024917e-04 
2016  11   1  22  30   0  3.8761302666981694e-04 
2016  11   1  23   0   0  4.2295592213584276e-04 
2016  11   1  23  30   0  4.8260824289834828e-04 
2016  11   2   0   0   0  5.0632564046789938e-04 
2016  11   2   0  30   0  5.0092817299504362e-04 
2016  11   2   1   0   0  4.9215028200407537e-04 
2016  11   2   1  30   0  5.0302445468076735e-04 
2016  11   2   2   0   0  4.8708867183664995e-04 
2016  11   2   2  30   0  4.8810559537337090e-04 
2016  11   2   3   0   0  4.8572076755831674e-04 
2016  11   2   3  30   0  4.8741274295849513e-04 
2016  11   2   4   0   0  4.8096758324451069e-04 
2016  11   2   4  30   0  4.8930019602002738e-04 
2016  11   2   5   0   0  4.9566771629935618e-04 
2016  11   2   5  30   0  4.9812614218208088e-04 
2016  11   2   6   0   0  4.9196520262650414e-04 
2016  11   2   6  30   0  4.9084351140221824e-04 
2016  11   2   7   0   0  4.9174072155716813e-04 
2016  11   2   7  30   0  5.0122907699876040e-04 
2016  11   2   8   0   0  4.9327273830609096e-04 
2016  11   2   8  30   0  4.7361166831104418e-04 
2016  11   2   9   0   0  4.7328494260053374e-04 
2016  11   2   9  30   0  3.9759222144505039e-04 
2016  11   2  10   0   0  3.1652004768847463e-04 
2016  11   2  10  30   0  3.2388211993413727e-04 
2016  11   2  11   0   0  2.8896601651513370e-04 
2016  11   2  11  30   0  2.7707743282037620e-04 
2016  11   2  12   0   0  2.9317124312656597e-04 
2016  11   2  12  30   0  2.8447872159590381e-04 
2016  11   2  13   0   0  2.8194369065101256e-04 
2016  11   2  13  30   0  2.6695679927702819e-04 
2016  11   2  14   0   0  2.7256644575845675e-04 
2016  11   2  14  30   0  2.7007547324350037e-04 
2016  11   2  15   0   0  2.6815255048293546e-04 
2016  11   2  15  30   0  2.6434979591264258e-04 
2016  11   2  16   0   0  2.6264517217625323e-04 
2016  11   2  16  30   0  2.5926497725471697e-04 
2016  11   2  17   0   0  2.5531552432018269e-04 
2016  11   2  17  30   0  2.5126350636867317e-04 
2016  11   2  18   0   0  2.5591417123467801e-04 
2016  11   2  18  30   0  2.6389798209207181e-04 
2016  11   2  19   0   0  2.5782478508894435e-04 
2016  11   2  19  30   0  2.2703319310347813e-04 
2016  11   2  20   0   0  2.3084343956753089e-04 
2016  11   2  20  30   0  2.3034516088492896e-04 
2016  11   2  21   0   0  2.2962509783665266e-04 
2016  11   2  21  30   0  2.2609986706534065e-04 
2016  11   2  22   0   0  2.4153937905039972e-04 
2016  11   2  22  30   0  2.3562505585753753e-04 
2016  11   2  23   0   0  2.4015787467642787e-04 
2016  11   2  23  30   0  2.4019973259266402e-04 
2016  11   3   0   0   0  2.3327035045147385e-04 
2016  11   3   0  30   0  2.3272095143933707e-04 
2016  11   3   1   0   0  2.4302740963206724e-04 
2016  11   3   1  30   0  2.4945381741498429e-04 
2016  11   3   2   0   0  2.5244138644104155e-04 
2016  11   3   2  30   0  2.5632863691712842e-04 
2016  11   3   3   0   0  2.5846947424713109e-04 
2016  11   3   3  30   0  2.6264181667989410e-04 
2016  11   3   4   0   0  2.6358396530940355e-04 
2016  11   3   4  30   0  2.8352583106785285e-04 
2016  11   3   5   0   0  2.9514696419598167e-04 
2016  11   3   5  30   0  2.9258620188241119e-04 
2016  11   3   6   0   0  3.1576623675939571e-04 
2016  11   3   6  30   0  3.1468318395739593e-04 
2016  11   3   7   0   0  3.1597284746784956e-04 
2016  11   3   7  30   0  3.1990424074052954e-04 
2016  11   3   8   0   0  3.2409434349816099e-04 
2016  11   3   8  30   0  3.1764912346268781e-04 
2016  11   3   9   0   0  3.1575661796792753e-04 
2016  11   3   9  30   0  3.1584934701716304e-04 
2016  11   3  10   0   0  2.8265506315824012e-04 
2016  11   3  10  30   0  2.7417122662121824e-04 
2016  11   3  11   0   0  2.7835151455971605e-04 
2016  11   3  11  30   0  2.8786547851837981e-04 
2016  11   3  12   0   0  2.9120187146872807e-04 
2016  11   3  12  30   0  2.8046160708679698e-04 
2016  11   3  13   0   0  2.7642405466373745e-04 
2016  11   3  13  30   0  2.7374466121199133e-04 
2016  11   3  14   0   0  2.6983296928988020e-04 
2016  11   3  14  30   0  2.7073875094727292e-04 
2016  11   3  15   0   0  2.5615414754873514e-04 
2016  11   3  15  30   0  2.3473551975470252e-04 
2016  11   3  16   0   0  2.2808672196222087e-04 
2016  11   3  16  30   0  2.2904538940843016e-04 
2016  11   3  17   0   0  2.3184892939174978e-04 
2016  11   3  17  30   0  2.2921662433802924e-04 
2016  11   3  18   0   0  2.3388667317031736e-04 
2016  11   3  18  30   0  2.2916866222165942e-04 
2016  11   3  19   0   0  2.3976232495077641e-04 
2016  11   3  19  30   0  2.4239583160431193e-04 
2016  11   3  20   0   0  2.6157343015020389e-04 
2016  11   3  20  30   0  2.5683233147166660e-04 
2016  11   3  21   0   0  2.6680778308936813e-04 
2016  11   3  21  30   0  2.6183595656463667e-04 
2016  11   3  22   0   0  2.3935014946503862e-04 
2016  11   3  22  30   0  2.3834243690777515e-04 
2016  11   3  23   0   0  2.3241713795714696e-04 
2016  11   3  23  30   0  2.6869871588689522e-04 
2016  11   4   0   0   0  2.3832995701903749e-04 
2016  11   4   0  30   0  2.2781547831871751e-04 
2016  11   4   1   0   0  2.1399876744560597e-04 
2016  11   4   1  30   0  2.0421741379691592e-04 
2016  11   4   2   0   0  1.9613354598799375e-04 
2016  11   4   2  30   0  1.9407185743568978e-04 
2016  11   4   3   0   0  1.9570517620328396e-04 
2016  11   4   3  30   0  1.9228075408634339e-04 
2016  11   4   4   0   0  1.8989959933903158e-04 
2016  11   4   4  30   0  1.9298957096572069e-04 
2016  11   4   5   0   0  1.9128318592539809e-04 
2016  11   4   5  30   0  1.9248944742685943e-04 
2016  11   4   6   0   0  1.9077017578661290e-04 
2016  11   4   6  30   0  2.0398829110117677e-04 
2016  11   4   7   0   0  1.9444141681293112e-04 
2016  11   4   7  30   0  1.9847907857377284e-04 
2016  11   4   8   0   0  2.0063670672441572e-04 
2016  11   4   8  30   0  1.8074818061396321e-04 
2016  11   4   9   0   0  1.8551481983706319e-04 
2016  11   4   9  30   0  1.8223679439363278e-04 
2016  11   4  10   0   0  1.8388750820680328e-04 
2016  11   4  10  30   0  1.8441574660748417e-04 
2016  11   4  11   0   0  1.7943605553123932e-04 
2016  11   4  11  30   0  1.8769817997855255e-04 
2016  11   4  12   0   0  1.6790170615927193e-04 
2016  11   4  12  30   0  1.5703101752268520e-04 
2016  11   4  13   0   0  1.3361737543679596e-04 
2016  11   4  13  30   0  9.3375792410221688e-05 
2016  11   4  14   0   0  6.7344494320005255e-05 
2016  11   4  14  30   0  7.0186680111998479e-05 
2016  11   4  15   0   0  6.7911342673801086e-05 
2016  11   4  15  30   0  6.6833683138894020e-05 
2016  11   4  16   0   0  7.1740226076874765e-05 
2016  11   4  16  30   0  9.2987152450429704e-05 
2016  11   4  17   0   0  1.4681812433990654e-04 
2016  11   4  17  30   0  1.3845174176192558e-04 
2016  11   4  18   0   0  1.4565408254387321e-04 
2016  11   4  18  30   0  1.5582314243968312e-04 
2016  11   4  19   0   0  1.6000445587848974e-04 
2016  11   4  19  30   0  1.7007229132658995e-04 
2016  11   4  20   0   0  1.7478512150902824e-04 
2016  11   4  20  30   0  1.9349083173445487e-04 
2016  11   4  21   0   0  2.1069596039435988e-04 
2016  11   4  21  30   0  2.5154992676066344e-04 
2016  11   4  22   0   0  2.3774898352342460e-04 
2016  11   4  22  30   0  2.3843410894523330e-04 
2016  11   4  23   0   0  2.5601736814624020e-04 
2016  11   4  23  30   0  2.7633097911374806e-04 
2016  11   5   0   0   0  2.8297143105377094e-04 
2016  11   5   0  30   0  2.7984684775993223e-04 
2016  11   5   1   0   0  2.7319208327168003e-04 
2016  11   5   1  30   0  2.6631665079266558e-04 
2016  11   5   2   0   0  2.5273709469167735e-04 
2016  11   5   2  30   0  2.3753821664398601e-04 
2016  11   5   3   0   0  2.3893336396250384e-04 
2016  11   5   3  30   0  2.5322562974984959e-04 
2016  11   5   4   0   0  2.5782756849809210e-04 
2016  11   5   4  30   0  2.7328604137703843e-04 
2016  11   5   5   0   0  2.8259394920848610e-04 
2016  11   5   5  30   0  2.9630437321240179e-04 
2016  11   5   6   0   0  2.8227523443885073e-04 
2016  11   5   6  30   0  2.8205986596306523e-04 
2016  11   5   7   0   0  2.7659550841972134e-04 
2016  11   5   7  30   0  2.7961295773305805e-04 
2016  11   5   8   0   0  2.8503501000928035e-04 
2016  11   5   8  30   0  2.8789385547711488e-04 
2016  11   5   9   0   0  2.7909265104612125e-04 
2016  11   5   9  30   0  2.7690631702343804e-04 
2016  11   5  10   0   0  2.7323050206930829e-04 
2016  11   5  10  30   0  2.6241232680939151e-04 
2016  11   5  11   0   0  2.5856928621327053e-04 
2016  11   5  11  30   0  2.5591199588042033e-04 
2016  11   5  12   0   0  2.5912544083047669e-04 
2016  11   5  12  30   0  2.7859244495509212e-04 
2016  11   5  13   0   0  2.4945901280759629e-04 
2016  11   5  13  30   0  2.2963292910602032e-04 
2016  11   5  14   0   0  2.2603001031775571e-04 
2016  11   5  14  30   0  2.3099829581053226e-04 
2016  11   5  15   0   0  2.3941844430385752e-04 
2016  11   5  15  30   0  2.3272859458970378e-04 
2016  11   5  16   0   0  2.2749532703985291e-04 
2016  11   5  16  30   0  2.2796526172249646e-04 
2016  11   5  17   0   0  2.5349706530708227e-04 
2016  11   5  17  30   0  2.7879134926373818e-04 
2016  11   5  18   0   0  2.8032495474544707e-04 
2016  11   5  18  30   0  2.8813781028043275e-04 
2016  11   5  19   0   0  2.6184110429656505e-04 
2016  11   5  19  30   0  2.7330210419572454e-04 
2016  11   5  20   0   0  2.8213153270680870e-04 
2016  11   5  20  30   0  3.0963977291163027e-04 
2016  11   5  21   0   0  3.0446682835546770e-04 
2016  11   5  21  30   0  2.8329597934690319e-04 
2016  11   5  22   0   0  2.9308515985903519e-04 
2016  11   5  22  30   0  2.8588882970359276e-04 
2016  11   5  23   0   0  2.8446199905209540e-04 
2016  11   5  23  30   0  2.7473278391302518e-04 
2016  11   6   0   0   0  2.7430815720113255e-04 
2016  11   6   0  30   0  2.7299244571349314e-04 
2016  11   6   1   0   0  2.7419862557376002e-04 
2016  11   6   1  30   0  2.6726797096636722e-04 
2016  11   6   2   0   0  2.6006260156898324e-04 
2016  11   6   2  30   0  2.4841218623425994e-04 
2016  11   6   3   0   0  2.3949210704161182e-04 
2016  11   6   3  30   0  2.5151553510239556e-04 
2016  11   6   4   0   0  2.4888202841646717e-04 
2016  11   6   4  30   0  2.4529425526194284e-04 
2016  11   6   5   0   0  2.3737320914121168e-04 
2016  11   6   5  30   0  2.2642968909030388e-04 
2016  11   6   6   0   0  2.1523978074543373e-04 
2016  11   6   6  30   0  2.1308971026009934e-04 
2016  11   6   7   0   0  2.1953513619164366e-04 
2016  11   6   7  30   0  2.2542836887759599e-04 
2016  11   6   8   0   0  2.2203616654154740e-04 
2016  11   6   8  30   0  2.2216879222506573e-04 
2016  11   6   9   0   0  2.2591468393344221e-04 
2016  11   6   9  30   0  2.2288682216126753e-04 
2016  11   6  10   0   0  2.1746197528452427e-04 
2016  11   6  10  30   0  2.1810612914813021e-04 
2016  11   6  11   0   0  2.1131119527812442e-04 
2016  11   6  11  30   0  2.1044379173296737e-04 
2016  11   6  12   0   0  2.0081679843193914e-04 
2016  11   6  12  30   0  2.1382000754667345e-04 
2016  11   6  13   0   0  2.0358381295005489e-04 
2016  11   6  13  30   0  1.9980363760481728e-04 
2016  11   6  14   0   0  1.9417541387443490e-04 
2016  11   6  14  30   0  1.9174592213564703e-04 
2016  11   6  15   0   0  1.9637198395351974e-04 
2016  11   6  15  30   0  1.9883549284464177e-04 
2016  11   6  16   0   0  1.9527086452111533e-04 
2016  11   6  16  30   0  2.1477127692088826e-04 
2016  11   6  17   0   0  2.2074746536296380e-04 
2016  11   6  17  30   0  2.1967917669725453e-04 
2016  11   6  18   0   0  2.2662552929686859e-04 
2016  11   6  18  30   0  2.3470850014918154e-04 
2016  11   6  19   0   0  2.5838280811894089e-04 
2016  11   6  19  30   0  2.5135130904946085e-04 
2016  11   6  20   0   0  2.4077902232831687e-04 
2016  11   6  20  30   0  2.3380489447849323e-04 
2016  11   6  21   0   0  2.2853719081148555e-04 
2016  11   6  21  30   0  2.2907148744309095e-04 
2016  11   6  22   0   0  2.3286733039473657e-04 
2016  11   6  22  30   0  2.4732732765480952e-04 
2016  11   6  23   0   0  2.6476088628094144e-04 
2016  11   6  23  30   0  2.7658913427252771e-04 
2016  11   7   0   0   0  2.9409312487486391e-04 
2016  11   7   0  30   0  3.0382637121652403e-04 
2016  11   7   1   0   0  3.1352392039170546e-04 
2016  11   7   1  30   0  3.1820107724854800e-04 
2016  11   7   2   0   0  3.2488355583866040e-04 
2016  11   7   2  30   0  3.2038647011557644e-04 
2016  11   7   3   0   0  3.1545726386778000e-04 
2016  11   7   3  30   0  3.1218844194163999e-04 
2016  11   7   4   0   0  3.0982108483417050e-04 
2016  11   7   4  30   0  3.1765739767394407e-04 
2016  11   7   5   0   0  3.1619595123020964e-04 
2016  11   7   5  30   0  3.2643641169089523e-04 
2016  11   7   6   0   0  3.3677508474948373e-04 
2016  11   7   6  30   0  3.4485857010104723e-04 
2016  11   7   7   0   0  3.4023123340805664e-04 
2016  11   7   7  30   0  3.4243023159892386e-04 
2016  11   7   8   0   0  3.3967036382045031e-04 
2016  11   7   8  30   0  3.1653071746159489e-04 
2016  11   7   9   0   0  2.9164399525089766e-04 
2016  11   7   9  30   0  2.8297932753264683e-04 
2016  11   7  10   0   0  2.9280600159383097e-04 
2016  11   7  10  30   0  2.9649337495589678e-04 
2016  11   7  11   0   0  2.7985647884813501e-04 
2016  11   7  11  30   0  2.9252745454866563e-04 
2016  11   7  12   0   0  2.9820788624882160e-04 
2016  11   7  12  30   0  3.0485235182588227e-04 
2016  11   7  13   0   0  3.0183708356257689e-04 
2016  11   7  13  30   0  3.0802220169534974e-04 
2016  11   7  14   0   0  3.0981261906427290e-04 
2016  11   7  14  30   0  3.1350452322586589e-04 
2016  11   7  15   0   0  3.1545603532949886e-04 
2016  11   7  15  30   0  3.4138927951321666e-04 
2016  11   7  16   0   0  3.7514518674045845e-04 
2016  11   7  16  30   0  3.8332356500974285e-04 
2016  11   7  17   0   0  3.9528253364164812e-04 
2016  11   7  17  30   0  3.8117028488354792e-04 
2016  11   7  18   0   0  3.4177602517790849e-04 
2016  11   7  18  30   0  3.1680568765821626e-04 
2016  11   7  19   0   0  3.2487166268315533e-04 
2016  11   7  19  30   0  3.2687602056477306e-04 
2016  11   7  20   0   0  3.3618664485977873e-04 
2016  11   7  20  30   0  3.4043462332669058e-04 
2016  11   7  21   0   0  3.4684326644180335e-04 
2016  11   7  21  30   0  3.5535170029834298e-04 
2016  11   7  22   0   0  3.7950737907656176e-04 
2016  11   7  22  30   0  4.0050190788158403e-04 
2016  11   7  23   0   0  4.2304410580789762e-04 
2016  11   7  23  30   0  4.3485309268897023e-04 
2016  11   8   0   0   0  4.4342222789468360e-04 
2016  11   8   0  30   0  4.5517111599010346e-04 
2016  11   8   1   0   0  4.6944443912671406e-04 
2016  11   8   1  30   0  4.7035132630071999e-04 
2016  11   8   2   0   0  4.6635561660268010e-04 
2016  11   8   2  30   0  4.6346012049356501e-04 
2016  11   8   3   0   0  4.5473234263448915e-04 
2016  11   8   3  30   0  4.4264681502465192e-04 
2016  11   8   4   0   0  4.4293193359490297e-04 
2016  11   8   4  30   0  4.4077144887648103e-04 
2016  11   8   5   0   0  4.4706617441122150e-04 
2016  11   8   5  30   0  4.4455282670284162e-04 
2016  11   8   6   0   0  4.4941114047482251e-04 
2016  11   8   6  30   0  4.5614274524895395e-04 
2016  11   8   7   0   0  4.4520556589752025e-04 
2016  11   8   7  30   0  4.3403600346606533e-04 
2016  11   8   8   0   0  4.1855387118118953e-04 
2016  11   8   8  30   0  4.0909982632315758e-04 
2016  11   8   9   0   0  4.0757822638655519e-04 
2016  11   8   9  30   0  3.9857312166155880e-04 
2016  11   8  10   0   0  3.8158866685194886e-04 
2016  11   8  10  30   0  3.3854459994684121e-04 
2016  11   8  11   0   0  2.8411192706746027e-04 
2016  11   8  11  30   0  2.3319079071664546e-04 
2016  11   8  12   0   0  2.0146902692507953e-04 
2016  11   8  12  30   0  1.7289933880030881e-04 
2016  11   8  13   0   0  1.5974902818210787e-04 
2016  11   8  13  30   0  1.4374736830474806e-04 
2016  11   8  14   0   0  1.3248879715709993e-04 
2016  11   8  14  30   0  1.3295638791083178e-04 
2016  11   8  15   0   0  1.3610659853820415e-04 
2016  11   8  15  30   0  1.2478978924394124e-04 
2016  11   8  16   0   0  1.1210976227793677e-04 
2016  11   8  16  30   0  1.0081272455176141e-04 
2016  11   8  17   0   0  8.9767682404514741e-05 
2016  11   8  17  30   0  8.2706078575680471e-05 
2016  11   8  18   0   0  7.7357967460163520e-05 
2016  11   8  18  30   0  7.0424784759653245e-05 
2016  11   8  19   0   0  6.5902146274930882e-05 
2016  11   8  19  30   0  6.6525144129795207e-05 
2016  11   8  20   0   0  6.6108111889060162e-05 
2016  11   8  20  30   0  7.0935011444728138e-05 
2016  11   8  21   0   0  7.4189626201020092e-05 
2016  11   8  21  30   0  7.7275050018994542e-05 
2016  11   8  22   0   0  7.4708732367042923e-05 
2016  11   8  22  30   0  7.1125764496475857e-05 
2016  11   8  23   0   0  7.2685104732486450e-05 
2016  11   8  23  30   0  7.5186373926084657e-05 
2016  11   9   0   0   0  7.6590149269283264e-05 
2016  11   9   0  30   0  7.2887741845961582e-05 
2016  11   9   1   0   0  7.1184553305712325e-05 
2016  11   9   1  30   0  7.5350984386244829e-05 
2016  11   9   2   0   0  7.0379838688300366e-05 
2016  11   9   2  30   0  6.7988326155161269e-05 
2016  11   9   3   0   0  6.9047680132464404e-05 
2016  11   9   3  30   0  6.8329651783624633e-05 
2016  11   9   4   0   0  7.3960115642975613e-05 
2016  11   9   4  30   0  7.9488265051046034e-05 
2016  11   9   5   0   0  8.1749554512244505e-05 
2016  11   9   5  30   0  9.0629594359296212e-05 
2016  11   9   6   0   0  9.2090664223791591e-05 
2016  11   9   6  30   0  9.3336769336475550e-05 
2016  11   9   7   0   0  9.4165537996083532e-05 
2016  11   9   7  30   0  9.4032910561009145e-05 
2016  11   9   8   0   0  1.0178277598260511e-04 
2016  11   9   8  30   0  1.0935152752444180e-04 
2016  11   9   9   0   0  1.1273614234419595e-04 
2016  11   9   9  30   0  1.1558697439174069e-04 
2016  11   9  10   0   0  1.2235081152468116e-04 
2016  11   9  10  30   0  1.3018788587664784e-04 
2016  11   9  11   0   0  1.3111460573806151e-04 
2016  11   9  11  30   0  1.3015374896482374e-04 
2016  11   9  12   0   0  1.3461998619026982e-04 
2016  11   9  12  30   0  1.4737848301051229e-04 
2016  11   9  13   0   0  1.4910654483708954e-04 
2016  11   9  13  30   0  1.9297409304756206e-04 
2016  11   9  14   0   0  2.3902655911177000e-04 
2016  11   9  14  30   0  3.4499442832340175e-04 
2016  11   9  15   0   0  2.5506887332002475e-04 
2016  11   9  15  30   0  2.1715621163007970e-04 
2016  11   9  16   0   0  1.9411822361215490e-04 
2016  11   9  16  30   0  1.8027981613642714e-04 
2016  11   9  17   0   0  1.7756324809602928e-04 
2016  11   9  17  30   0  1.9014924754454863e-04 
2016  11   9  18   0   0  1.9575133735723864e-04 
2016  11   9  18  30   0  2.1058173869884715e-04 
2016  11   9  19   0   0  2.3336505559803440e-04 
2016  11   9  19  30   0  2.4563150007419056e-04 
2016  11   9  20   0   0  2.5450019193483533e-04 
2016  11   9  20  30   0  2.7390503409471345e-04 
2016  11   9  21   0   0  2.8532101850381816e-04 
2016  11   9  21  30   0  2.9951362528804211e-04 
2016  11   9  22   0   0  3.0782515632531257e-04 
2016  11   9  22  30   0  3.2410947748758755e-04 
2016  11   9  23   0   0  3.4318635147274532e-04 
2016  11   9  23  30   0  3.6465493528317476e-04 
2016  11  10   0   0   0  3.8003150890530735e-04 
2016  11  10   0  30   0  4.2666419512852146e-04 
2016  11  10   1   0   0  4.7148301258935022e-04 
2016  11  10   1  30   0  4.9354951338681432e-04 
2016  11  10   2   0   0  5.0967543592118122e-04 
2016  11  10   2  30   0  5.3455363332788124e-04 
2016  11  10   3   0   0  5.3378351947808362e-04 
2016  11  10   3  30   0  5.3707651684852366e-04 
2016  11  10   4   0   0  5.4029118795743394e-04 
2016  11  10   4  30   0  5.3460372593216586e-04 
2016  11  10   5   0   0  5.2538934621149266e-04 
2016  11  10   5  30   0  5.2479143625823671e-04 
2016  11  10   6   0   0  5.0535563694345976e-04 
2016  11  10   6  30   0  4.8258808899929545e-04 
2016  11  10   7   0   0  4.2410268990359702e-04 
2016  11  10   7  30   0  4.3630145726626201e-04 
2016  11  10   8   0   0  4.4010852211658362e-04 
2016  11  10   8  30   0  3.9009943112064627e-04 
2016  11  10   9   0   0  3.8875755600879087e-04 
2016  11  10   9  30   0  3.8266822768243710e-04 
2016  11  10  10   0   0  3.7864277595995238e-04 
2016  11  10  10  30   0  3.6488616016761005e-04 
2016  11  10  11   0   0  3.5405680040594243e-04 
2016  11  10  11  30   0  3.1844441162124759e-04 
2016  11  10  12   0   0  3.2331015241661193e-04 
2016  11  10  12  30   0  3.3051412163842602e-04 
2016  11  10  13   0   0  3.5762028538230807e-04 
2016  11  10  13  30   0  3.4838001040025837e-04 
2016  11  10  14   0   0  3.4767821758134983e-04 
2016  11  10  14  30   0  3.3185684383025930e-04 
2016  11  10  15   0   0  3.4470610461912512e-04 
2016  11  10  15  30   0  3.2688037208644405e-04 
2016  11  10  16   0   0  3.2684577753733782e-04 
2016  11  10  16  30   0  3.4195982356863611e-04 
2016  11  10  17   0   0  3.3138953431442877e-04 
2016  11  10  17  30   0  3.4929452735771484e-04 
2016  11  10  18   0   0  3.2646127555137328e-04 
2016  11  10  18  30   0  3.1960309562418339e-04 
2016  11  10  19   0   0  3.1737543327451642e-04 
2016  11  10  19  30   0  3.2139980380072286e-04 
2016  11  10  20   0   0  3.1688943382991757e-04 
2016  11  10  20  30   0  3.2146979336206930e-04 
2016  11  10  21   0   0  3.1895363172275903e-04 
2016  11  10  21  30   0  3.1238038019241408e-04 
2016  11  10  22   0   0  3.0593287465874221e-04 
2016  11  10  22  30   0  2.9375672533830965e-04 
2016  11  10  23   0   0  2.8556378547966321e-04 
2016  11  10  23  30   0  2.7727909774599756e-04 
2016  11  11   0   0   0  2.6617215856090145e-04 
2016  11  11   0  30   0  2.5511422826069135e-04 
2016  11  11   1   0   0  2.4933335403514161e-04 
2016  11  11   1  30   0  2.4534437447174570e-04 
2016  11  11   2   0   0  2.4241661486632996e-04 
2016  11  11   2  30   0  2.3964114506642737e-04 
2016  11  11   3   0   0  2.3109839189564433e-04 
2016  11  11   3  30   0  2.3315573624033224e-04 
2016  11  11   4   0   0  2.2433664213748094e-04 
2016  11  11   4  30   0  2.1886730030448219e-04 
2016  11  11   5   0   0  2.0941456545092043e-04 
2016  11  11   5  30   0  2.0540656651152415e-04 
2016  11  11   6   0   0  1.9793280981116669e-04 
2016  11  11   6  30   0  2.1552861115996813e-04 
2016  11  11   7   0   0  1.8700925304797198e-04 
2016  11  11   7  30   0  2.1242630748750615e-04 
2016  11  11   8   0   0  2.2383713064748722e-04 
2016  11  11   8  30   0  2.2329850873138566e-04 
2016  11  11   9   0   0  2.1461499179279900e-04 
2016  11  11   9  30   0  2.1059036588179036e-04 
2016  11  11  10   0   0  1.9492606398496926e-04 
2016  11  11  10  30   0  1.9475356043083619e-04 
2016  11  11  11   0   0  1.9794701982086142e-04 
2016  11  11  11  30   0  1.8349762067432806e-04 
2016  11  11  12   0   0  1.7074313993538593e-04 
2016  11  11  12  30   0  1.6681843296870486e-04 
2016  11  11  13   0   0  1.4610955977283690e-04 
2016  11  11  13  30   0  1.2840663547117789e-04 
2016  11  11  14   0   0  1.2355101213569253e-04 
2016  11  11  14  30   0  1.1648879419165589e-04 
2016  11  11  15   0   0  1.2336204607078148e-04 
2016  11  11  15  30   0  1.2508733429916736e-04 
2016  11  11  16   0   0  1.1728137583543681e-04 
2016  11  11  16  30   0  1.2098879224988100e-04 
2016  11  11  17   0   0  1.3171564663698863e-04 
2016  11  11  17  30   0  1.4768357985023981e-04 
2016  11  11  18   0   0  1.5316173790126691e-04 
2016  11  11  18  30   0  1.3665541171095896e-04 
2016  11  11  19   0   0  1.2656755534216083e-04 
2016  11  11  19  30   0  1.2028659926118449e-04 
2016  11  11  20   0   0  9.2905885340365058e-05 
2016  11  11  20  30   0  9.7398345419968499e-05 
2016  11  11  21   0   0  9.5294422958144107e-05 
2016  11  11  21  30   0  9.2072995545160356e-05 
2016  11  11  22   0   0  1.0600929527202910e-04 
2016  11  11  22  30   0  1.0678075136353640e-04 
2016  11  11  23   0   0  1.1150713449367539e-04 
2016  11  11  23  30   0  1.1607766821078142e-04 
2016  11  12   0   0   0  1.1012597902013782e-04 
2016  11  12   0  30   0  1.1615406779404668e-04 
2016  11  12   1   0   0  1.3980340002965844e-04 
2016  11  12   1  30   0  1.6537772464789375e-04 
2016  11  12   2   0   0  1.6957970760911290e-04 
2016  11  12   2  30   0  1.9819092432755726e-04 
2016  11  12   3   0   0  1.8576942931576977e-04 
2016  11  12   3  30   0  1.9379210845887651e-04 
2016  11  12   4   0   0  1.9688287515055625e-04 
2016  11  12   4  30   0  1.9779739536866564e-04 
2016  11  12   5   0   0  2.0369036644276233e-04 
2016  11  12   5  30   0  2.1208078553177257e-04 
2016  11  12   6   0   0  2.1776626194972750e-04 
2016  11  12   6  30   0  2.6634356665998981e-04 
2016  11  12   7   0   0  3.8426666734036349e-04 
2016  11  12   7  30   0  4.1924005390645821e-04 
2016  11  12   8   0   0  4.1658960543802749e-04 
2016  11  12   8  30   0  4.0258685926531252e-04 
2016  11  12   9   0   0  3.7684886280204758e-04 
2016  11  12   9  30   0  3.6322134049540975e-04 
2016  11  12  10   0   0  3.5369209730778050e-04 
2016  11  12  10  30   0  3.2970507600244643e-04 
2016  11  12  11   0   0  3.2847918760221117e-04 
2016  11  12  11  30   0  2.6638718890616012e-04 
2016  11  12  12   0   0  2.5122025184362611e-04 
2016  11  12  12  30   0  2.5593076650022920e-04 
2016  11  12  13   0   0  2.7709814807956113e-04 
2016  11  12  13  30   0  3.2918269127287734e-04 
2016  11  12  14   0   0  2.2727801961820853e-04 
2016  11  12  14  30   0  1.7256343811125038e-04 
2016  11  12  15   0   0  1.7190076201048502e-04 
2016  11  12  15  30   0  1.5123274287024902e-04 
2016  11  12  16   0   0  1.4483209888482580e-04 
2016  11  12  16  30   0  1.5102458995980836e-04 
2016  11  12  17   0   0  1.7902694460345743e-04 
2016  11  12  17  30   0  1.5900180156598002e-04 
2016  11  12  18   0   0  1.4636346459775745e-04 
2016  11  12  18  30   0  1.3579115334667042e-04 
2016  11  12  19   0   0  1.3379429352875427e-04 
2016  11  12  19  30   0  1.4520918204983569e-04 
2016  11  12  20   0   0  1.6123371303569726e-04 
2016  11  12  20  30   0  2.1178643729283264e-04 
2016  11  12  21   0   0  2.2911907083708540e-04 
2016  11  12  21  30   0  1.8302664999471710e-04 
2016  11  12  22   0   0  1.7075241213085796e-04 
2016  11  12  22  30   0  1.5274886372056636e-04 
2016  11  12  23   0   0  1.5369206622170621e-04 
2016  11  12  23  30   0  1.3569579745762998e-04 
2016  11  13   0   0   0  1.2831102337104331e-04 
2016  11  13   0  30   0  1.2623570050917393e-04 
2016  11  13   1   0   0  1.3192387293718059e-04 
2016  11  13   1  30   0  1.3317122109972421e-04 
2016  11  13   2   0   0  1.1791778429941049e-04 
2016  11  13   2  30   0  1.1321408408995573e-04 
2016  11  13   3   0   0  1.1458454477496995e-04 
2016  11  13   3  30   0  1.2415140689593545e-04 
2016  11  13   4   0   0  1.2898375712242443e-04 
2016  11  13   4  30   0  1.3089097018488169e-04 
2016  11  13   5   0   0  1.4129910254504426e-04 
2016  11  13   5  30   0  1.3545933729117803e-04 
2016  11  13   6   0   0  1.2938003284655142e-04 
2016  11  13   6  30   0  1.3421472639961563e-04 
2016  11  13   7   0   0  1.2395637170444919e-04 
2016  11  13   7  30   0  1.2320856025072093e-04 
2016  11  13   8   0   0  1.1029175510033371e-04 
2016  11  13   8  30   0  1.0615090855450536e-04 
2016  11  13   9   0   0  9.8343202479353627e-05 
2016  11  13   9  30   0  1.0138636781496241e-04 
2016  11  13  10   0   0  1.0164290608203998e-04 
2016  11  13  10  30   0  1.1264040711657418e-04 
2016  11  13  11   0   0  9.3929930738088138e-05 
2016  11  13  11  30   0  9.6225252717665121e-05 
2016  11  13  12   0   0  1.0631457960331139e-04 
2016  11  13  12  30   0  8.9837636690596676e-05 
2016  11  13  13   0   0  1.0443982698176185e-04 
2016  11  13  13  30   0  1.0719542094889966e-04 
2016  11  13  14   0   0  1.0485344775140593e-04 
2016  11  13  14  30   0  8.3797474863718806e-05 
2016  11  13  15   0   0  8.2040801994422540e-05 
2016  11  13  15  30   0  6.7828408254832408e-05 
2016  11  13  16   0   0  6.6644149340206672e-05 
2016  11  13  16  30   0  7.2436454566095806e-05 
2016  11  13  17   0   0  5.2986990206870564e-05 
2016  11  13  17  30   0  6.1400081330509196e-05 
2016  11  13  18   0   0  6.1184453363116365e-05 
2016  11  13  18  30   0  6.3945323830122059e-05 
2016  11  13  19   0   0  6.9750671875656864e-05 
2016  11  13  19  30   0  8.1663990742344075e-05 
2016  11  13  20   0   0  9.2289451309496254e-05 
2016  11  13  20  30   0  1.0314900735031686e-04 
2016  11  13  21   0   0  1.0534843308028895e-04 
2016  11  13  21  30   0  1.2967268289688612e-04 
2016  11  13  22   0   0  1.3825559031151470e-04 
2016  11  13  22  30   0  1.5286921186417963e-04 
2016  11  13  23   0   0  1.7328439218388205e-04 
2016  11  13  23  30   0  1.2639431818471813e-04 
2016  11  14   0   0   0  9.5481947499572863e-05 
2016  11  14   0  30   0  9.5394041757849337e-05 
2016  11  14   1   0   0  1.0828035794236702e-04 
2016  11  14   1  30   0  1.1775990972554382e-04 
2016  11  14   2   0   0  1.1392480229519870e-04 
2016  11  14   2  30   0  1.2418690387816083e-04 
2016  11  14   3   0   0  1.4874321759348995e-04 
2016  11  14   3  30   0  1.5861040954340795e-04 
2016  11  14   4   0   0  1.6798851420093868e-04 
2016  11  14   4  30   0  1.8127816822809012e-04 
2016  11  14   5   0   0  1.8497321776276020e-04 
2016  11  14   5  30   0  1.9257235996603350e-04 
2016  11  14   6   0   0  2.0808462138163368e-04 
2016  11  14   6  30   0  2.0621863773567550e-04 
2016  11  14   7   0   0  2.1462972615323878e-04 
2016  11  14   7  30   0  2.2646722356182752e-04 
2016  11  14   8   0   0  2.4756442235994067e-04 
2016  11  14   8  30   0  2.6768492522050874e-04 
2016  11  14   9   0   0  2.4651417557398431e-04 
2016  11  14   9  30   0  2.6325050019725642e-04 
2016  11  14  10   0   0  3.1853906742701510e-04 
2016  11  14  10  30   0  2.5218276909263657e-04 
2016  11  14  11   0   0  2.0281074286798776e-04 
2016  11  14  11  30   0  1.9066650983492613e-04 
2016  11  14  12   0   0  1.9573632761367871e-04 
2016  11  14  12  30   0  1.7750702106026598e-04 
2016  11  14  13   0   0  1.9033208510406660e-04 
2016  11  14  13  30   0  1.8235358532617911e-04 
2016  11  14  14   0   0  2.0198301259600888e-04 
2016  11  14  14  30   0  2.1227555891897314e-04 
2016  11  14  15   0   0  2.2207988409726819e-04 
2016  11  14  15  30   0  2.0091052917629198e-04 
2016  11  14  16   0   0  1.9131254112066804e-04 
2016  11  14  16  30   0  1.8814957096218907e-04 
2016  11  14  17   0   0  1.9087318505160139e-04 
2016  11  14  17  30   0  2.3961486747490015e-04 
2016  11  14  18   0   0  2.4654294568064234e-04 
2016  11  14  18  30   0  2.7386665401214961e-04 
2016  11  14  19   0   0  2.7354023783798624e-04 
2016  11  14  19  30   0  2.5153488818600850e-04 
2016  11  14  20   0   0  2.3813878203488858e-04 
2016  11  14  20  30   0  2.3662416893580586e-04 
2016  11  14  21   0   0  2.2261135638020768e-04 
2016  11  14  21  30   0  2.3008306965718189e-04 
2016  11  14  22   0   0  2.2607492623723369e-04 
2016  11  14  22  30   0  2.2921597785832633e-04 
2016  11  14  23   0   0  2.3312842657254718e-04 
2016  11  14  23  30   0  2.1596970033007008e-04 
2016  11  15   0   0   0  2.3663975369304674e-04 
2016  11  15   0  30   0  2.6197934082005997e-04 
2016  11  15   1   0   0  2.9726118769202978e-04 
2016  11  15   1  30   0  3.2279399274944546e-04 
2016  11  15   2   0   0  3.3372345729914063e-04 
2016  11  15   2  30   0  3.2074035395770366e-04 
2016  11  15   3   0   0  2.7802012254100791e-04 
2016  11  15   3  30   0  2.3610645866883103e-04 
2016  11  15   4   0   0  2.3992507700100899e-04 
2016  11  15   4  30   0  3.1592302088238639e-04 
2016  11  15   5   0   0  3.7880250906764803e-04 
2016  11  15   5  30   0  2.8913413514826999e-04 
2016  11  15   6   0   0  2.4279084922759647e-04 
2016  11  15   6  30   0  2.7850942611434148e-04 
2016  11  15   7   0   0  3.5550730153000449e-04 
2016  11  15   7  30   0  3.7649718461949292e-04 
2016  11  15   8   0   0  3.6346654413707210e-04 
2016  11  15   8  30   0  3.2458455287550210e-04 
2016  11  15   9   0   0  3.2908164415931638e-04 
2016  11  15   9  30   0  3.3523623571156874e-04 
2016  11  15  10   0   0  3.3510140986412314e-04 
2016  11  15  10  30   0  3.7312271623580215e-04 
2016  11  15  11   0   0  4.0948344780964530e-04 
2016  11  15  11  30   0  4.0648089618885481e-04 
2016  11  15  12   0   0  3.8841978224807641e-04 
2016  11  15  12  30   0  3.4324476114195197e-04 
2016  11  15  13   0   0  3.0723892295330822e-04 
2016  11  15  13  30   0  2.8541864693535924e-04 
2016  11  15  14   0   0  2.7879311128686129e-04 
2016  11  15  14  30   0  2.7070997963741210e-04 
2016  11  15  15   0   0  2.4974150246283679e-04 
2016  11  15  15  30   0  2.4174309904334375e-04 
2016  11  15  16   0   0  1.9270251137209140e-04 
2016  11  15  16  30   0  1.9114843852571046e-04 
2016  11  15  17   0   0  2.0736808299873837e-04 
2016  11  15  17  30   0  2.1729538233999948e-04 
2016  11  15  18   0   0  2.1229679135650078e-04 
2016  11  15  18  30   0  1.9301590966457985e-04 
2016  11  15  19   0   0  2.0205282483284735e-04 
2016  11  15  19  30   0  2.6100124480899509e-04 
2016  11  15  20   0   0  2.7565096271966647e-04 
2016  11  15  20  30   0  2.5304451589528934e-04 
2016  11  15  21   0   0  2.4370421829880383e-04 
2016  11  15  21  30   0  2.3901356472809602e-04 
2016  11  15  22   0   0  2.0331165427017037e-04 
2016  11  15  22  30   0  1.7923018945651735e-04 
2016  11  15  23   0   0  1.4953754416266977e-04 
2016  11  15  23  30   0  1.3007525293496695e-04 
2016  11  16   0   0   0  1.2031860723585034e-04 
2016  11  16   0  30   0  1.1028605885326880e-04 
2016  11  16   1   0   0  1.0672283754138786e-04 
2016  11  16   1  30   0  9.9445233117111004e-05 
2016  11  16   2   0   0  1.0527789752068650e-04 
2016  11  16   2  30   0  1.2390397453130057e-04 
2016  11  16   3   0   0  1.4288982024556016e-04 
2016  11  16   3  30   0  1.6479679547870297e-04 
2016  11  16   4   0   0  1.8629523351893916e-04 
2016  11  16   4  30   0  2.0654829927769139e-04 
2016  11  16   5   0   0  2.2576530385080536e-04 
2016  11  16   5  30   0  2.4072786068547920e-04 
2016  11  16   6   0   0  2.5304158395354152e-04 
2016  11  16   6  30   0  2.5586062570255287e-04 
2016  11  16   7   0   0  2.4494836550161767e-04 
2016  11  16   7  30   0  2.3455553285064328e-04 
2016  11  16   8   0   0  2.3369271349052927e-04 
2016  11  16   8  30   0  2.2657680980273960e-04 
2016  11  16   9   0   0  2.1011661762886273e-04 
2016  11  16   9  30   0  1.9807445283361716e-04 
2016  11  16  10   0   0  1.7153199410779955e-04 
2016  11  16  10  30   0  1.6289779042329269e-04 
2016  11  16  11   0   0  1.4270550398410783e-04 
2016  11  16  11  30   0  1.5427865897607921e-04 
2016  11  16  12   0   0  1.4385421113193990e-04 
2016  11  16  12  30   0  1.4592763259884116e-04 
2016  11  16  13   0   0  1.3033004788871183e-04 
2016  11  16  13  30   0  1.7923346558810019e-04 
2016  11  16  14   0   0  2.0471697207140286e-04 
2016  11  16  14  30   0  2.1471458762882008e-04 
2016  11  16  15   0   0  2.1868109652413669e-04 
2016  11  16  15  30   0  1.9000539041171745e-04 
2016  11  16  16   0   0  1.6533598619757636e-04 
2016  11  16  16  30   0  1.7104173692905809e-04 
2016  11  16  17   0   0  1.9587326775022463e-04 
2016  11  16  17  30   0  2.1320133213038791e-04 
2016  11  16  18   0   0  1.5709991585307397e-04 
2016  11  16  18  30   0  1.7715321036118199e-04 
2016  11  16  19   0   0  2.4774128934716206e-04 
2016  11  16  19  30   0  1.9529996467482788e-04 
2016  11  16  20   0   0  1.9632357627909656e-04 
2016  11  16  20  30   0  2.0336578623248830e-04 
2016  11  16  21   0   0  1.9201811170318258e-04 
2016  11  16  21  30   0  2.1059439097525592e-04 
2016  11  16  22   0   0  2.5052320674604520e-04 
2016  11  16  22  30   0  2.0864642194891753e-04 
2016  11  16  23   0   0  1.8579769575523727e-04 
2016  11  16  23  30   0  2.5884221835016581e-04 
2016  11  17   0   0   0  2.4835392053569957e-04 
2016  11  17   0  30   0  2.1928272632425536e-04 
2016  11  17   1   0   0  1.9449744413699678e-04 
2016  11  17   1  30   0  2.0491711526157157e-04 
2016  11  17   2   0   0  1.8680955678126597e-04 
2016  11  17   2  30   0  1.7867115116558326e-04 
2016  11  17   3   0   0  1.7485066056666703e-04 
2016  11  17   3  30   0  1.7391901857589383e-04 
2016  11  17   4   0   0  1.6463191234389836e-04 
2016  11  17   4  30   0  1.2612878863137362e-04 
2016  11  17   5   0   0  1.1607627037819729e-04 
2016  11  17   5  30   0  1.1536421161690438e-04 
2016  11  17   6   0   0  1.1221558508120067e-04 
2016  11  17   6  30   0  9.9434787605032215e-05 
2016  11  17   7   0   0  9.0640419442771991e-05 
2016  11  17   7  30   0  7.5374677673375817e-05 
2016  11  17   8   0   0  7.3873872011506341e-05 
2016  11  17   8  30   0  6.9736884596984108e-05 
2016  11  17   9   0   0  6.8504184667398581e-05 
2016  11  17   9  30   0  6.3701072314828136e-05 
2016  11  17  10   0   0  5.0454145892801002e-05 
2016  11  17  10  30   0  7.3093111570984005e-05 
2016  11  17  11   0   0  8.8923025033461851e-05 
2016  11  17  11  30   0  8.2244961117417336e-05 
2016  11  17  12   0   0  1.1771411361101599e-04 
2016  11  17  12  30   0  9.6178262118275869e-05 
2016  11  17  13   0   0  1.0013792937490281e-04 
2016  11  17  13  30   0  1.7881258099007748e-04 
2016  11  17  14   0   0  1.0223404628243564e-04 
2016  11  17  14  30   0  1.1514897064364933e-04 
2016  11  17  15   0   0  1.2640034532393691e-04 
2016  11  17  15  30   0  1.2151987064745424e-04 
2016  11  17  16   0   0  1.2000243668922139e-04 
2016  11  17  16  30   0  1.3258145148347530e-04 
2016  11  17  17   0   0  1.2503359303987221e-04 
2016  11  17  17  30   0  2.4738667072071849e-04 
2016  11  17  18   0   0  1.3231010383319485e-04 
2016  11  17  18  30   0  2.9104203851980338e-04 
2016  11  17  19   0   0  1.3823255894172270e-04 
2016  11  17  19  30   0  1.9816171460304257e-04 
2016  11  17  20   0   0  1.7770725250897262e-04 
2016  11  17  20  30   0  1.1108715625708266e-04 
2016  11  17  21   0   0  1.2784576722527785e-04 
2016  11  17  21  30   0  2.8306336785822024e-04 
2016  11  17  22   0   0  1.7982359962766779e-04 
2016  11  17  22  30   0  1.1030895456341460e-04 
2016  11  17  23   0   0  1.5416736988518225e-04 
2016  11  17  23  30   0  1.2972176075058494e-04 
2016  11  18   0   0   0  1.2991103424564801e-04 
2016  11  18   0  30   0  1.2396298111557087e-04 
2016  11  18   1   0   0  1.1784525728607429e-04 
2016  11  18   1  30   0  1.3322197256226482e-04 
2016  11  18   2   0   0  1.3372698378542972e-04 
2016  11  18   2  30   0  1.3188970143240827e-04 
2016  11  18   3   0   0  1.3773725798673216e-04 
2016  11  18   3  30   0  1.4613020484056791e-04 
2016  11  18   4   0   0  1.5588800167982869e-04 
2016  11  18   4  30   0  1.6843401174337385e-04 
2016  11  18   5   0   0  1.5316659448302969e-04 
2016  11  18   5  30   0  1.5764258372098333e-04 
2016  11  18   6   0   0  1.6887114579938300e-04 
2016  11  18   6  30   0  1.7129873197353702e-04 
2016  11  18   7   0   0  1.8480746409795074e-04 
2016  11  18   7  30   0  2.0220443071215346e-04 
2016  11  18   8   0   0  2.3877433208753651e-04 
2016  11  18   8  30   0  2.2754335011732109e-04 
2016  11  18   9   0   0  2.2419896309586941e-04 
2016  11  18   9  30   0  2.1083137568559624e-04 
2016  11  18  10   0   0  2.2220296661308556e-04 
2016  11  18  10  30   0  2.3254032488248197e-04 
2016  11  18  11   0   0  2.2899044190536152e-04 
2016  11  18  11  30   0  2.3842755253168586e-04 
2016  11  18  12   0   0  2.4448737975931090e-04 
2016  11  18  12  30   0  2.2211963632266934e-04 
2016  11  18  13   0   0  2.5085590409846316e-04 
2016  11  18  13  30   0  2.4157385401046534e-04 
2016  11  18  14   0   0  1.5413559601210701e-04 
2016  11  18  14  30   0  1.2866628296396410e-04 
2016  11  18  15   0   0  1.1548185943304861e-04 
2016  11  18  15  30   0  1.0825132659557750e-04 
2016  11  18  16   0   0  1.2022702420038588e-04 
2016  11  18  16  30   0  1.4656289369294743e-04 
2016  11  18  17   0   0  1.8713969427111077e-04 
2016  11  18  17  30   0  1.9152689270386964e-04 
2016  11  18  18   0   0  1.7019178461343134e-04 
2016  11  18  18  30   0  1.7027732688257126e-04 
2016  11  18  19   0   0  1.7046688359644333e-04 
2016  11  18  19  30   0  2.2284669756168952e-04 
2016  11  18  20   0   0  2.7902928019290558e-04 
2016  11  18  20  30   0  2.9586840175505595e-04 
2016  11  18  21   0   0  2.5810082525041264e-04 
2016  11  18  21  30   0  2.2025019825601053e-04 
2016  11  18  22   0   0  2.3469560262270926e-04 
2016  11  18  22  30   0  2.3943751950048354e-04 
2016  11  18  23   0   0  1.9460480091520178e-04 
2016  11  18  23  30   0  1.7827651928676111e-04 
2016  11  19   0   0   0  2.0250271867022985e-04 
2016  11  19   0  30   0  2.3393880190068170e-04 
2016  11  19   1   0   0  2.4048588229633790e-04 
2016  11  19   1  30   0  2.5201629272813333e-04 
2016  11  19   2   0   0  2.5404585643194180e-04 
2016  11  19   2  30   0  2.3880841757437790e-04 
2016  11  19   3   0   0  1.3254588634864893e-04 
2016  11  19   3  30   0  8.4115249325161188e-05 
2016  11  19   4   0   0  8.3999407790804644e-05 
2016  11  19   4  30   0  6.7085980213295838e-05 
2016  11  19   5   0   0  7.4000965706018580e-05 
2016  11  19   5  30   0  7.6021888025739432e-05 
2016  11  19   6   0   0  7.9244523887998171e-05 
2016  11  19   6  30   0  9.1220060612353851e-05 
2016  11  19   7   0   0  1.0222405179028387e-04 
2016  11  19   7  30   0  1.1255460608121090e-04 
2016  11  19   8   0   0  1.2270713282944680e-04 
2016  11  19   8  30   0  1.2971761527987051e-04 
2016  11  19   9   0   0  1.3919531304332639e-04 
2016  11  19   9  30   0  9.7808869560424774e-05 
2016  11  19  10   0   0  1.2187064401941174e-04 
2016  11  19  10  30   0  1.4688096069807353e-04 
2016  11  19  11   0   0  1.3073179076269800e-04 
2016  11  19  11  30   0  1.3672159578028743e-04 
2016  11  19  12   0   0  1.1936765076235386e-04 
2016  11  19  12  30   0  1.1609599295634123e-04 
2016  11  19  13   0   0  1.3606393676941021e-04 
2016  11  19  13  30   0  1.3017509086820180e-04 
2016  11  19  14   0   0  1.0388076255005544e-04 
2016  11  19  14  30   0  1.4466726678518779e-04 
2016  11  19  15   0   0  1.6850418267283656e-04 
2016  11  19  15  30   0  1.6501625121230119e-04 
2016  11  19  16   0   0  1.4491076778670663e-04 
2016  11  19  16  30   0  1.5309043838108744e-04 
2016  11  19  17   0   0  1.4120505479013325e-04 
2016  11  19  17  30   0  1.2967525292495536e-04 
2016  11  19  18   0   0  1.2456729283034942e-04 
2016  11  19  18  30   0  1.1504933281334638e-04 
2016  11  19  19   0   0  1.3333575104655074e-04 
2016  11  19  19  30   0  1.3619692510978071e-04 
2016  11  19  20   0   0  1.2618683625714475e-04 
2016  11  19  20  30   0  1.1539264777833780e-04 
2016  11  19  21   0   0  1.2865767792692243e-04 
2016  11  19  21  30   0  1.3077690998907553e-04 
2016  11  19  22   0   0  1.1589348598037183e-04 
2016  11  19  22  30   0  1.0665507405086009e-04 
2016  11  19  23   0   0  1.0565281393506614e-04 
2016  11  19  23  30   0  1.0856922678492872e-04 
2016  11  20   0   0   0  1.1580223539728862e-04 
2016  11  20   0  30   0  1.3051790381974569e-04 
2016  11  20   1   0   0  1.4025978436328073e-04 
2016  11  20   1  30   0  1.4731962536690120e-04 
2016  11  20   2   0   0  1.6278081974164271e-04 
2016  11  20   2  30   0  1.9092565269306148e-04 
2016  11  20   3   0   0  1.9767038077897906e-04 
2016  11  20   3  30   0  1.9240705730233068e-04 
2016  11  20   4   0   0  2.1557846695145579e-04 
2016  11  20   4  30   0  2.2725389878220484e-04 
2016  11  20   5   0   0  2.3708536588088898e-04 
2016  11  20   5  30   0  2.3958423823458255e-04 
2016  11  20   6   0   0  2.5209630353932675e-04 
2016  11  20   6  30   0  2.6698381216228750e-04 
2016  11  20   7   0   0  3.9624415414389532e-04 
2016  11  20   7  30   0  3.4163129844829446e-04 
2016  11  20   8   0   0  2.9189094404930254e-04 
2016  11  20   8  30   0  4.2817800239690275e-04 
2016  11  20   9   0   0  3.4142136749317295e-04 
2016  11  20   9  30   0  2.8589569101229181e-04 
2016  11  20  10   0   0  2.6703408746199119e-04 
2016  11  20  10  30   0  2.4323707639376218e-04 
2016  11  20  11   0   0  2.2335409271979190e-04 
2016  11  20  11  30   0  1.9406893908677854e-04 
2016  11  20  12   0   0  1.8473284347228326e-04 
2016  11  20  12  30   0  1.6959590037662737e-04 
2016  11  20  13   0   0  1.7367620543316836e-04 
2016  11  20  13  30   0  1.7270669747249421e-04 
2016  11  20  14   0   0  1.6256149864866924e-04 
2016  11  20  14  30   0  1.4699073841637126e-04 
2016  11  20  15   0   0  1.3148769774353440e-04 
2016  11  20  15  30   0  1.4652221917145792e-04 
2016  11  20  16   0   0  2.0078609857554594e-04 
2016  11  20  16  30   0  2.6418646145280080e-04 
2016  11  20  17   0   0  2.3071887437518950e-04 
2016  11  20  17  30   0  1.9003788132476867e-04 
2016  11  20  18   0   0  2.1306263634583106e-04 
2016  11  20  18  30   0  2.1410987510190772e-04 
2016  11  20  19   0   0  1.9440067569475943e-04 
2016  11  20  19  30   0  1.7975907749345665e-04 
2016  11  20  20   0   0  1.8634169362884812e-04 
2016  11  20  20  30   0  2.0402951311107270e-04 
2016  11  20  21   0   0  2.1540503326987609e-04 
2016  11  20  21  30   0  2.1930319418058484e-04 
2016  11  20  22   0   0  2.3330393812928741e-04 
2016  11  20  22  30   0  2.5050852270364473e-04 
2016  11  20  23   0   0  2.4013129896871140e-04 
2016  11  20  23  30   0  2.4815906069660499e-04 
2016  11  21   0   0   0  2.5120684397674544e-04 
2016  11  21   0  30   0  2.5222270676476767e-04 
2016  11  21   1   0   0  2.7366194361220939e-04 
2016  11  21   1  30   0  2.7465188438979496e-04 
2016  11  21   2   0   0  2.6587093218439676e-04 
2016  11  21   2  30   0  2.7095253782833821e-04 
2016  11  21   3   0   0  2.7978091051400293e-04 
2016  11  21   3  30   0  3.1785891630444998e-04 
2016  11  21   4   0   0  3.8458416079340094e-04 
2016  11  21   4  30   0  3.0930621709847740e-04 
2016  11  21   5   0   0  2.6600886439425629e-04 
2016  11  21   5  30   0  2.7255220922253981e-04 
2016  11  21   6   0   0  2.8121208431163361e-04 
2016  11  21   6  30   0  2.5736946674705590e-04 
2016  11  21   7   0   0  1.9783843504001198e-04 
2016  11  21   7  30   0  2.1765687747195517e-04 
2016  11  21   8   0   0  1.9839986858030535e-04 
2016  11  21   8  30   0  1.3094512615635542e-04 
2016  11  21   9   0   0  1.1608885257754030e-04 
2016  11  21   9  30   0  1.4922577295840766e-04 
2016  11  21  10   0   0  1.6921059640667531e-04 
2016  11  21  10  30   0  1.9598121212254158e-04 
2016  11  21  11   0   0  2.5805494198273017e-04 
2016  11  21  11  30   0  3.4263648844304296e-04 
2016  11  21  12   0   0  4.4113809779276503e-04 
2016  11  21  12  30   0  5.4670863383640667e-04 
2016  11  21  13   0   0  6.5228551908544960e-04 
2016  11  21  13  30   0  7.5535458119421154e-04 
2016  11  21  14   0   0  8.5852415583496369e-04 
2016  11  21  14  30   0  8.5462884016890674e-04 
2016  11  21  15   0   0  8.5454344918754234e-04 
2016  11  21  15  30   0  8.2133359303280943e-04 
2016  11  21  16   0   0  7.9015556043245073e-04 
2016  11  21  16  30   0  7.7218933495744823e-04 
2016  11  21  17   0   0  7.7886280159806533e-04 
2016  11  21  17  30   0  7.7818151311360843e-04 
2016  11  21  18   0   0  7.6927420689000602e-04 
2016  11  21  18  30   0  7.5331154557246177e-04 
2016  11  21  19   0   0  6.6653138430850379e-04 
2016  11  21  19  30   0  6.2286094283012846e-04 
2016  11  21  20   0   0  6.2773583011857005e-04 
2016  11  21  20  30   0  6.1721699254583694e-04 
2016  11  21  21   0   0  6.1096941027016240e-04 
2016  11  21  21  30   0  5.6852900722877305e-04 
2016  11  21  22   0   0  6.1930250154088398e-04 
2016  11  21  22  30   0  7.4675807902090466e-04 
2016  11  21  23   0   0  8.3879835047659726e-04 
2016  11  21  23  30   0  8.7825359729132844e-04 
2016  11  22   0   0   0  8.0400419930240800e-04 
2016  11  22   0  30   0  8.8714790196533437e-04 
2016  11  22   1   0   0  9.4251773581491380e-04 
2016  11  22   1  30   0  8.1668889691678106e-04 
2016  11  22   2   0   0  7.1089160724703180e-04 
2016  11  22   2  30   0  6.9524718372476150e-04 
2016  11  22   3   0   0  6.6591038833036886e-04 
2016  11  22   3  30   0  6.4646574703670771e-04 
2016  11  22   4   0   0  6.2327467510109704e-04 
2016  11  22   4  30   0  6.2287005813090393e-04 
2016  11  22   5   0   0  6.5071312223010085e-04 
2016  11  22   5  30   0  6.1941716833631031e-04 
2016  11  22   6   0   0  5.3752970042947540e-04 
2016  11  22   6  30   0  5.2997331091238979e-04 
2016  11  22   7   0   0  5.3262614474657260e-04 
2016  11  22   7  30   0  5.4742066563431987e-04 
2016  11  22   8   0   0  5.6829001465140590e-04 
2016  11  22   8  30   0  5.6502174956977590e-04 
2016  11  22   9   0   0  5.5751440600614337e-04 
2016  11  22   9  30   0  5.4842696928893478e-04 
2016  11  22  10   0   0  5.4720435269160750e-04 
2016  11  22  10  30   0  5.0941503961357006e-04 
2016  11  22  11   0   0  4.9072416622038847e-04 
2016  11  22  11  30   0  4.5830688432819911e-04 
2016  11  22  12   0   0  4.2227788890878890e-04 
2016  11  22  12  30   0  3.9899033734295820e-04 
2016  11  22  13   0   0  3.6821930780813264e-04 
2016  11  22  13  30   0  3.3886300141662849e-04 
2016  11  22  14   0   0  3.2886437999469673e-04 
2016  11  22  14  30   0  3.0500827818849584e-04 
2016  11  22  15   0   0  2.9747402830475035e-04 
2016  11  22  15  30   0  3.0115553189009734e-04 
2016  11  22  16   0   0  3.0023302946982833e-04 
2016  11  22  16  30   0  3.0737355399138266e-04 
2016  11  22  17   0   0  2.8253342254921395e-04 
2016  11  22  17  30   0  2.5619300041901166e-04 
2016  11  22  18   0   0  2.4629093720894422e-04 
2016  11  22  18  30   0  2.7032634778280216e-04 
2016  11  22  19   0   0  3.3208447080320817e-04 
2016  11  22  19  30   0  3.2240760247412975e-04 
2016  11  22  20   0   0  3.1018576300386168e-04 
2016  11  22  20  30   0  2.7359600293774025e-04 
2016  11  22  21   0   0  2.1369495859224568e-04 
2016  11  22  21  30   0  2.2171375541355577e-04 
2016  11  22  22   0   0  2.0424644276586764e-04 
2016  11  22  22  30   0  2.1540082702412036e-04 
2016  11  22  23   0   0  2.4805892184707952e-04 
2016  11  22  23  30   0  2.7956051800419671e-04 
2016  11  23   0   0   0  3.1815979969741738e-04 
2016  11  23   0  30   0  3.5455816714968557e-04 
2016  11  23   1   0   0  3.6735961867340167e-04 
2016  11  23   1  30   0  3.6561259957560132e-04 
2016  11  23   2   0   0  3.7292748252855488e-04 
2016  11  23   2  30   0  3.6281221909224376e-04 
2016  11  23   3   0   0  3.5954542251919331e-04 
2016  11  23   3  30   0  3.5945209049418166e-04 
2016  11  23   4   0   0  3.6174128682177516e-04 
2016  11  23   4  30   0  3.7880769182718961e-04 
2016  11  23   5   0   0  3.8806361704002293e-04 
2016  11  23   5  30   0  3.4042913650902636e-04 
2016  11  23   6   0   0  3.2108554447404325e-04 
2016  11  23   6  30   0  2.4393145277947566e-04 
2016  11  23   7   0   0  2.0524583633977576e-04 
2016  11  23   7  30   0  2.0719904365133144e-04 
2016  11  23   8   0   0  2.4148641394198077e-04 
2016  11  23   8  30   0  2.9164894370806664e-04 
2016  11  23   9   0   0  3.1472766995659616e-04 
2016  11  23   9  30   0  3.5069737609185245e-04 
2016  11  23  10   0   0  3.9950142790675698e-04 
2016  11  23  10  30   0  4.4125329467559161e-04 
2016  11  23  11   0   0  4.6628665040462285e-04 
2016  11  23  11  30   0  4.5770128771095969e-04 
2016  11  23  12   0   0  4.0155576061828488e-04 
2016  11  23  12  30   0  3.8723699452708818e-04 
2016  11  23  13   0   0  3.8322719860737348e-04 
2016  11  23  13  30   0  3.8615825195041669e-04 
2016  11  23  14   0   0  3.7690507854901237e-04 
2016  11  23  14  30   0  3.8417469935173395e-04 
2016  11  23  15   0   0  3.8898080515535751e-04 
2016  11  23  15  30   0  3.7827562381932131e-04 
2016  11  23  16   0   0  3.7312556372912689e-04 
2016  11  23  16  30   0  3.6614302688358301e-04 
2016  11  23  17   0   0  3.6884934008864348e-04 
2016  11  23  17  30   0  3.6327245364724421e-04 
2016  11  23  18   0   0  3.6315998782353304e-04 
2016  11  23  18  30   0  4.0794108722820062e-04 
2016  11  23  19   0   0  4.4824905704902090e-04 
2016  11  23  19  30   0  4.5092071813362526e-04 
2016  11  23  20   0   0  4.7278089685290380e-04 
2016  11  23  20  30   0  4.6379013942585460e-04 
2016  11  23  21   0   0  4.1726363563352890e-04 
2016  11  23  21  30   0  3.8813226892782962e-04 
2016  11  23  22   0   0  3.7082521980374544e-04 
2016  11  23  22  30   0  3.4962942339954964e-04 
2016  11  23  23   0   0  3.5184346069110333e-04 
2016  11  23  23  30   0  3.0724697070211478e-04 
2016  11  24   0   0   0  2.4076093739391004e-04 
2016  11  24   0  30   0  2.6243073941417195e-04 
2016  11  24   1   0   0  2.7034642562738422e-04 
2016  11  24   1  30   0  3.0520297248263166e-04 
2016  11  24   2   0   0  2.9777595704465963e-04 
2016  11  24   2  30   0  3.2808476590457064e-04 
2016  11  24   3   0   0  2.9291769314151333e-04 
2016  11  24   3  30   0  2.7381874683099700e-04 
2016  11  24   4   0   0  2.4501311054843540e-04 
2016  11  24   4  30   0  2.8077480013513867e-04 
2016  11  24   5   0   0  2.9389806272318473e-04 
2016  11  24   5  30   0  2.6732448666494466e-04 
2016  11  24   6   0   0  2.7431891190825161e-04 
2016  11  24   6  30   0  2.3531642380117252e-04 
2016  11  24   7   0   0  2.3451781611496015e-04 
2016  11  24   7  30   0  2.2799004300448942e-04 
2016  11  24   8   0   0  2.1546749001168447e-04 
2016  11  24   8  30   0  1.9662000797440000e-04 
2016  11  24   9   0   0  1.8110693073393995e-04 
2016  11  24   9  30   0  1.8988921983738701e-04 
2016  11  24  10   0   0  1.3878752823606874e-04 
2016  11  24  10  30   0  1.1197763736900088e-04 
2016  11  24  11   0   0  3.7718702010989081e-05 
2016  11  24  11  30   0  2.7321848360722724e-05 
2016  11  24  12   0   0  2.8197961144226441e-05 
2016  11  24  12  30   0  2.3885466680081802e-05 
2016  11  24  13   0   0  2.3289350249125493e-05 
2016  11  24  13  30   0  2.9255358175730371e-05 
2016  11  24  14   0   0  5.2618193371165289e-05 
2016  11  24  14  30   0  7.6221503623809418e-05 
2016  11  24  15   0   0  7.3342830314148048e-05 
2016  11  24  15  30   0  9.4025898294430765e-05 
2016  11  24  16   0   0  9.4549081384346005e-05 
2016  11  24  16  30   0  1.1509580521746823e-04 
2016  11  24  17   0   0  1.3610223647861905e-04 
2016  11  24  17  30   0  1.0907037339706287e-04 
2016  11  24  18   0   0  9.6856241760246488e-05 
2016  11  24  18  30   0  9.2100712195942441e-05 
2016  11  24  19   0   0  9.5182753998331894e-05 
2016  11  24  19  30   0  9.4116529532437936e-05 
2016  11  24  20   0   0  8.4786877243083172e-05 
2016  11  24  20  30   0  7.9150109465208815e-05 
2016  11  24  21   0   0  1.1411162198986051e-04 
2016  11  24  21  30   0  1.1985771699248343e-04 
2016  11  24  22   0   0  9.7478041767843921e-05 
2016  11  24  22  30   0  9.4445565255247985e-05 
2016  11  24  23   0   0  9.7891653099155935e-05 
2016  11  24  23  30   0  9.5375901254688732e-05 
2016  11  25   0   0   0  9.1271736329813909e-05 
2016  11  25   0  30   0  8.8696277011958245e-05 
2016  11  25   1   0   0  6.3235930131178282e-05 
2016  11  25   1  30   0  5.1261505095857991e-05 
2016  11  25   2   0   0  5.4897068359498116e-05 
2016  11  25   2  30   0  5.6001565364190910e-05 
2016  11  25   3   0   0  4.9713512272351617e-05 
2016  11  25   3  30   0  4.7782617076367161e-05 
2016  11  25   4   0   0  6.0404243217906935e-05 
2016  11  25   4  30   0  6.8046954908618844e-05 
2016  11  25   5   0   0  7.4127144796403116e-05 
2016  11  25   5  30   0  8.1386797322741586e-05 
2016  11  25   6   0   0  8.8247289000895152e-05 
2016  11  25   6  30   0  9.4410357857489639e-05 
2016  11  25   7   0   0  8.8161685617672267e-05 
2016  11  25   7  30   0  7.5385608978271020e-05 
2016  11  25   8   0   0  7.3459733315949985e-05 
2016  11  25   8  30   0  6.8665074950608607e-05 
2016  11  25   9   0   0  7.1927587691624197e-05 
2016  11  25   9  30   0  7.3577118961166957e-05 
2016  11  25  10   0   0  7.5285445756906479e-05 
2016  11  25  10  30   0  7.6967470132255063e-05 
2016  11  25  11   0   0  7.8700378431241383e-05 
2016  11  25  11  30   0  8.0433637457597986e-05 
2016  11  25  12   0   0  8.2051463048733679e-05 
2016  11  25  12  30   0  8.3959556591297899e-05 
2016  11  25  13   0   0  8.4682506838083398e-05 
2016  11  25  13  30   0  7.4413587816710421e-05 
2016  11  25  14   0   0  6.8628885638832461e-05 
2016  11  25  14  30   0  7.3131957851578153e-05 
2016  11  25  15   0   0  8.9813410792017917e-05 
2016  11  25  15  30   0  1.0997435116242775e-04 
2016  11  25  16   0   0  1.1037561434266124e-04 
2016  11  25  16  30   0  1.1370757197856319e-04 
2016  11  25  17   0   0  1.0480761144458464e-04 
2016  11  25  17  30   0  1.2736890278722398e-04 
2016  11  25  18   0   0  1.0915600945276814e-04 
2016  11  25  18  30   0  1.4457719759325879e-04 
2016  11  25  19   0   0  1.7489469531632829e-04 
2016  11  25  19  30   0  1.8733201916890061e-04 
2016  11  25  20   0   0  1.9986756445814662e-04 
2016  11  25  20  30   0  2.4473289566513234e-04 
2016  11  25  21   0   0  1.7719206950894442e-04 
2016  11  25  21  30   0  1.8609258599856367e-04 
2016  11  25  22   0   0  1.5950823480435304e-04 
2016  11  25  22  30   0  1.2729985780362052e-04 
2016  11  25  23   0   0  1.3207831989415190e-04 
2016  11  25  23  30   0  1.1626953585443170e-04 
2016  11  26   0   0   0  1.1256616707555179e-04 
2016  11  26   0  30   0  1.0402806968914339e-04 
2016  11  26   1   0   0  9.6319673962388228e-05 
2016  11  26   1  30   0  9.1355977736510782e-05 
2016  11  26   2   0   0  8.3538988624476051e-05 
2016  11  26   2  30   0  6.7294523623345797e-05 
2016  11  26   3   0   0  4.9606205558270308e-05 
2016  11  26   3  30   0  3.6444450246657569e-05 
2016  11  26   4   0   0  2.9651755757816569e-05 
2016  11  26   4  30   0  2.9896291837558971e-05 
2016  11  26   5   0   0  3.0512239512747314e-05 
2016  11  26   5  30   0  3.3281842173812731e-05 
2016  11  26   6   0   0  3.3443131085923059e-05 
2016  11  26   6  30   0  4.7536046064593343e-05 
2016  11  26   7   0   0  5.4202233586360494e-05 
2016  11  26   7  30   0  7.3552014780495909e-05 
2016  11  26   8   0   0  1.0577776983587349e-04 
2016  11  26   8  30   0  1.3454109434618628e-04 
2016  11  26   9   0   0  1.4252716150192071e-04 
2016  11  26   9  30   0  1.2783460222273610e-04 
2016  11  26  10   0   0  1.2066135989313769e-04 
2016  11  26  10  30   0  1.0355330372374543e-04 
2016  11  26  11   0   0  9.1327490494409711e-05 
2016  11  26  11  30   0  7.9334724702555666e-05 
2016  11  26  12   0   0  8.3473504817477593e-05 
2016  11  26  12  30   0  7.8794623472958081e-05 
2016  11  26  13   0   0  6.9310226622384594e-05 
2016  11  26  13  30   0  5.6126629907741911e-05 
2016  11  26  14   0   0  5.2388863052309964e-05 
2016  11  26  14  30   0  4.0100290005470578e-05 
2016  11  26  15   0   0  3.1865800440614568e-05 
2016  11  26  15  30   0  2.8569412844538080e-05 
2016  11  26  16   0   0  3.3704525438012925e-05 
2016  11  26  16  30   0  4.1155088979738957e-05 
2016  11  26  17   0   0  6.9662015981605401e-05 
2016  11  26  17  30   0  6.6560266243549844e-05 
2016  11  26  18   0   0  7.1946000932804024e-05 
2016  11  26  18  30   0  7.2512560226121596e-05 
2016  11  26  19   0   0  6.1288265558350280e-05 
2016  11  26  19  30   0  5.6543379271587834e-05 
2016  11  26  20   0   0  6.5272612113570329e-05 
2016  11  26  20  30   0  6.4643391552371822e-05 
2016  11  26  21   0   0  5.9441505158960190e-05 
2016  11  26  21  30   0  4.7609015318366493e-05 
2016  11  26  22   0   0  4.4860298152644745e-05 
2016  11  26  22  30   0  4.7797027735827981e-05 
2016  11  26  23   0   0  5.9723036843902790e-05 
2016  11  26  23  30   0  5.8598549921653086e-05 
2016  11  27   0   0   0  5.2231783120519633e-05 
2016  11  27   0  30   0  7.5779542779280093e-05 
2016  11  27   1   0   0  9.9326030279193707e-05 
2016  11  27   1  30   0  1.0900006722891996e-04 
2016  11  27   2   0   0  1.1856773187732877e-04 
2016  11  27   2  30   0  1.3285910528531994e-04 
2016  11  27   3   0   0  1.2570829133028619e-04 
2016  11  27   3  30   0  1.1536683539895388e-04 
2016  11  27   4   0   0  1.0457703844190261e-04 
2016  11  27   4  30   0  8.3410680056706697e-05 
2016  11  27   5   0   0  7.2806305056960833e-05 
2016  11  27   5  30   0  5.9659365785383278e-05 
2016  11  27   6   0   0  6.0562218125266520e-05 
2016  11  27   6  30   0  6.8380070931677001e-05 
2016  11  27   7   0   0  7.8616660521374312e-05 
2016  11  27   7  30   0  8.5782459072861268e-05 
2016  11  27   8   0   0  8.1898828748059905e-05 
2016  11  27   8  30   0  8.2812802189639184e-05 
2016  11  27   9   0   0  9.0889243444286773e-05 
2016  11  27   9  30   0  1.0042295603686498e-04 
2016  11  27  10   0   0  1.0655871314502711e-04 
2016  11  27  10  30   0  1.1885254038791819e-04 
2016  11  27  11   0   0  1.3358431883838095e-04 
2016  11  27  11  30   0  1.3202939816433338e-04 
2016  11  27  12   0   0  1.3018421128947643e-04 
2016  11  27  12  30   0  1.1934837264523141e-04 
2016  11  27  13   0   0  1.1145183885053404e-04 
2016  11  27  13  30   0  1.1352781762556407e-04 
2016  11  27  14   0   0  1.0395156399610548e-04 
2016  11  27  14  30   0  9.2816497848627639e-05 
2016  11  27  15   0   0  6.8707350503842264e-05 
2016  11  27  15  30   0  6.1927149044411638e-05 
2016  11  27  16   0   0  6.4409137562606786e-05 
2016  11  27  16  30   0  6.8334476248091771e-05 
2016  11  27  17   0   0  7.7010490440014673e-05 
2016  11  27  17  30   0  8.2612325727205178e-05 
2016  11  27  18   0   0  9.3117304127853079e-05 
2016  11  27  18  30   0  1.0773064738150501e-04 
2016  11  27  19   0   0  1.1987502983836698e-04 
2016  11  27  19  30   0  1.2153368335940626e-04 
2016  11  27  20   0   0  1.2500641775241094e-04 
2016  11  27  20  30   0  1.3222308440584388e-04 
2016  11  27  21   0   0  1.3757204076736892e-04 
2016  11  27  21  30   0  1.3377861773765598e-04 
2016  11  27  22   0   0  1.3538082850496493e-04 
2016  11  27  22  30   0  1.3130010517323475e-04 
2016  11  27  23   0   0  1.2882196558314902e-04 
2016  11  27  23  30   0  1.2705387370136280e-04 
2016  11  28   0   0   0  1.1867496019382115e-04 
2016  11  28   0  30   0  1.1989135062555671e-04 
2016  11  28   1   0   0  1.3521107789697944e-04 
2016  11  28   1  30   0  1.2957754328652224e-04 
2016  11  28   2   0   0  1.2011177183492884e-04 
2016  11  28   2  30   0  1.0432139974702065e-04 
2016  11  28   3   0   0  9.3460972308469689e-05 
2016  11  28   3  30   0  9.2777356418777924e-05 
2016  11  28   4   0   0  8.5159717463267402e-05 
2016  11  28   4  30   0  7.2618031493857992e-05 
2016  11  28   5   0   0  7.1189683676316744e-05 
2016  11  28   5  30   0  7.0623444380703098e-05 
2016  11  28   6   0   0  7.1520302308582742e-05 
2016  11  28   6  30   0  7.8491147397062699e-05 
2016  11  28   7   0   0  1.0214169341091195e-04 
2016  11  28   7  30   0  1.0437770994350499e-04 
2016  11  28   8   0   0  9.5985683091450480e-05 
2016  11  28   8  30   0  9.4724444503411858e-05 
2016  11  28   9   0   0  9.6404659645265854e-05 
2016  11  28   9  30   0  8.2247025594005174e-05 
2016  11  28  10   0   0  7.6986971853906674e-05 
2016  11  28  10  30   0  7.2833021476030656e-05 
2016  11  28  11   0   0  8.2829049569964889e-05 
2016  11  28  11  30   0  7.4276045052310195e-05 
2016  11  28  12   0   0  8.5932211767755787e-05 
2016  11  28  12  30   0  8.5170429847637532e-05 
2016  11  28  13   0   0  8.8529222540975508e-05 
2016  11  28  13  30   0  9.2547096872269843e-05 
2016  11  28  14   0   0  8.6547720418942339e-05 
2016  11  28  14  30   0  1.0246535838206211e-04 
2016  11  28  15   0   0  1.0431106858248927e-04 
2016  11  28  15  30   0  9.3144975721045113e-05 
2016  11  28  16   0   0  9.0038110750599427e-05 
2016  11  28  16  30   0  9.7704384148612495e-05 
2016  11  28  17   0   0  1.0823908602169631e-04 
2016  11  28  17  30   0  1.3047203050241393e-04 
2016  11  28  18   0   0  1.3286904768049728e-04 
2016  11  28  18  30   0  1.3007572919744185e-04 
2016  11  28  19   0   0  1.2171964047260069e-04 
2016  11  28  19  30   0  7.6746043808071212e-05 
2016  11  28  20   0   0  6.3237120956926025e-05 
2016  11  28  20  30   0  5.6492293427113167e-05 
2016  11  28  21   0   0  5.7997938638856033e-05 
2016  11  28  21  30   0  5.7736434750069736e-05 
2016  11  28  22   0   0  5.7206034882351742e-05 
2016  11  28  22  30   0  5.8615433037547397e-05 
2016  11  28  23   0   0  5.5262818729673359e-05 
2016  11  28  23  30   0  5.3947144345144151e-05 
2016  11  29   0   0   0  6.5042842243759346e-05 
2016  11  29   0  30   0  7.1609775002035839e-05 
2016  11  29   1   0   0  7.5858860620004045e-05 
2016  11  29   1  30   0  7.5370945838010119e-05 
2016  11  29   2   0   0  7.9025608807829626e-05 
2016  11  29   2  30   0  8.3198994879593352e-05 
2016  11  29   3   0   0  8.3241439031357030e-05 
2016  11  29   3  30   0  7.4757026565549351e-05 
2016  11  29   4   0   0  7.6393338698407874e-05 
2016  11  29   4  30   0  8.6397973043387733e-05 
2016  11  29   5   0   0  8.6568942081708503e-05 
2016  11  29   5  30   0  8.8890917297126303e-05 
2016  11  29   6   0   0  9.9613309053304551e-05 
2016  11  29   6  30   0  1.1718676579072490e-04 
2016  11  29   7   0   0  1.0759845288093681e-04 
2016  11  29   7  30   0  1.0189316327981829e-04 
2016  11  29   8   0   0  9.7335326448948944e-05 
2016  11  29   8  30   0  9.4436540239860119e-05 
2016  11  29   9   0   0  9.1673537538881409e-05 
2016  11  29   9  30   0  9.0381223586275566e-05 
2016  11  29  10   0   0  9.1176997109012202e-05 
2016  11  29  10  30   0  8.2779386263332559e-05 
2016  11  29  11   0   0  1.4072787822868674e-04 
2016  11  29  11  30   0  8.2399970521429913e-05 
2016  11  29  12   0   0  9.0952961126671366e-05 
2016  11  29  12  30   0  1.4869747226153662e-04 
2016  11  29  13   0   0  1.6788163842009271e-04 
2016  11  29  13  30   0  2.2387102166847918e-04 
2016  11  29  14   0   0  2.9253258660383118e-04 
2016  11  29  14  30   0  3.1988215199671389e-04 
2016  11  29  15   0   0  3.7154770117806956e-04 
2016  11  29  15  30   0  3.6431360847256113e-04 
2016  11  29  16   0   0  3.0198086968982778e-04 
2016  11  29  16  30   0  2.8613066704368157e-04 
2016  11  29  17   0   0  2.8917074437067702e-04 
2016  11  29  17  30   0  3.3022165573049313e-04 
2016  11  29  18   0   0  3.5254392475313841e-04 
2016  11  29  18  30   0  3.6283613554367227e-04 
2016  11  29  19   0   0  3.5133336508265308e-04 
2016  11  29  19  30   0  3.4895187831725070e-04 
2016  11  29  20   0   0  3.3651010249944620e-04 
2016  11  29  20  30   0  3.1448916611017199e-04 
2016  11  29  21   0   0  2.9447112202298686e-04 
2016  11  29  21  30   0  2.7533850736410074e-04 
2016  11  29  22   0   0  2.5279546890684775e-04 
2016  11  29  22  30   0  2.3029443275179233e-04 
2016  11  29  23   0   0  1.9672535432136015e-04 
2016  11  29  23  30   0  1.6483092940007795e-04 
2016  11  30   0   0   0  1.6829376134808996e-04 
2016  11  30   0  30   0  1.7670797130253497e-04 
2016  11  30   1   0   0  1.8456940274899105e-04 
2016  11  30   1  30   0  1.8483032073488402e-04 
2016  11  30   2   0   0  1.9420611142047028e-04 
2016  11  30   2  30   0  2.0890477806572512e-04 
2016  11  30   3   0   0  2.2301374195433398e-04 
2016  11  30   3  30   0  2.4429466643086610e-04 
2016  11  30   4   0   0  2.5779323539084617e-04 
2016  11  30   4  30   0  2.9621789990197448e-04 
2016  11  30   5   0   0  3.3155739699571669e-04 
2016  11  30   5  30   0  3.1700314097598365e-04 
2016  11  30   6   0   0  4.2178231279978775e-04 
2016  11  30   6  30   0  4.0364994800544943e-04 
2016  11  30   7   0   0  3.1763509435263468e-04 
2016  11  30   7  30   0  2.5561069179146816e-04 
2016  11  30   8   0   0  2.4665699568461260e-04 
2016  11  30   8  30   0  3.8340012237987787e-04 
2016  11  30   9   0   0  2.9685845100742921e-04 
2016  11  30   9  30   0  1.9062272957513733e-04 
2016  11  30  10   0   0  1.4984190702552259e-04 
2016  11  30  10  30   0  1.2607586405707181e-04 
2016  11  30  11   0   0  1.1481650173796544e-04 
2016  11  30  11  30   0  1.0511099221982974e-04 
2016  11  30  12   0   0  8.8957726411159857e-05 
2016  11  30  12  30   0  8.6581726427674758e-05 
2016  11  30  13   0   0  8.2723251022861501e-05 
2016  11  30  13  30   0  7.7926180661487302e-05 
2016  11  30  14   0   0  7.6010981832729728e-05 
2016  11  30  14  30   0  7.4203123216642368e-05 
2016  11  30  15   0   0  7.7779714012550611e-05 
2016  11  30  15  30   0  7.3292158872434958e-05 
2016  11  30  16   0   0  7.7078173154106026e-05 
2016  11  30  16  30   0  1.0211783491937624e-04 
2016  11  30  17   0   0  1.2896338957273066e-04 
2016  11  30  17  30   0  1.1728040178257538e-04 
2016  11  30  18   0   0  1.1210231273600993e-04 
2016  11  30  18  30   0  1.1655258024939009e-04 
2016  11  30  19   0   0  1.2284058640258378e-04 
2016  11  30  19  30   0  1.2731960475946937e-04 
2016  11  30  20   0   0  1.3244186442800838e-04 
2016  11  30  20  30   0  1.3001925806228730e-04 
2016  11  30  21   0   0  1.2028959897744536e-04 
2016  11  30  21  30   0  1.1453895500430653e-04 
2016  11  30  22   0   0  1.0407059088713399e-04 
2016  11  30  22  30   0  9.6017804264777185e-05 
2016  11  30  23   0   0  1.0823743669265396e-04 
2016  11  30  23  30   0  1.1450628733338891e-04 
2016  12   1   0   0   0  1.1450628733338891e-04 
