   0   0   0   0   0   0  0.000111 
2016  12   1   0   0   0  1.1077961787996214e-04 
2016  12   1   0  30   0  8.1979918205572457e-05 
2016  12   1   1   0   0  7.2775493950588175e-05 
2016  12   1   1  30   0  6.5683046940212487e-05 
2016  12   1   2   0   0  5.8215833525545607e-05 
2016  12   1   2  30   0  5.5389955375473449e-05 
2016  12   1   3   0   0  4.9295344068258884e-05 
2016  12   1   3  30   0  3.9663286903192619e-05 
2016  12   1   4   0   0  5.4615183981952962e-05 
2016  12   1   4  30   0  5.3775908076281724e-05 
2016  12   1   5   0   0  6.2985961632545641e-05 
2016  12   1   5  30   0  6.1145365517761496e-05 
2016  12   1   6   0   0  6.3642997667227977e-05 
2016  12   1   6  30   0  5.0855228099699766e-05 
2016  12   1   7   0   0  5.6256066740719916e-05 
2016  12   1   7  30   0  5.7253633094110118e-05 
2016  12   1   8   0   0  5.3166730917612038e-05 
2016  12   1   8  30   0  5.6220637727214909e-05 
2016  12   1   9   0   0  6.4197762922591362e-05 
2016  12   1   9  30   0  6.8643407820340947e-05 
2016  12   1  10   0   0  7.3908887086612105e-05 
2016  12   1  10  30   0  7.9066265655636762e-05 
2016  12   1  11   0   0  8.6314344971857667e-05 
2016  12   1  11  30   0  9.1972847685787768e-05 
2016  12   1  12   0   0  1.0292857884628337e-04 
2016  12   1  12  30   0  1.0648243219466786e-04 
2016  12   1  13   0   0  1.1861924182926509e-04 
2016  12   1  13  30   0  1.4433908981316689e-04 
2016  12   1  14   0   0  1.4016438216973463e-04 
2016  12   1  14  30   0  1.4586712756472421e-04 
2016  12   1  15   0   0  1.6813737910132280e-04 
2016  12   1  15  30   0  1.6586512719634602e-04 
2016  12   1  16   0   0  1.4114050669343511e-04 
2016  12   1  16  30   0  1.6473878276396497e-04 
2016  12   1  17   0   0  1.8978365752750034e-04 
2016  12   1  17  30   0  2.5112833311009440e-04 
2016  12   1  18   0   0  1.9414228640360684e-04 
2016  12   1  18  30   0  1.4975712015910934e-04 
2016  12   1  19   0   0  1.4061036405391383e-04 
2016  12   1  19  30   0  1.5779088727882338e-04 
2016  12   1  20   0   0  1.3034329463617868e-04 
2016  12   1  20  30   0  2.7319690834729600e-04 
2016  12   1  21   0   0  3.4078087497068401e-04 
2016  12   1  21  30   0  2.8853803053861739e-04 
2016  12   1  22   0   0  2.9189250000019210e-04 
2016  12   1  22  30   0  4.0160472486271690e-04 
2016  12   1  23   0   0  6.1124935870095871e-04 
2016  12   1  23  30   0  6.8541462195823954e-04 
2016  12   2   0   0   0  6.7066359808223039e-04 
2016  12   2   0  30   0  6.7675903803811690e-04 
2016  12   2   1   0   0  6.4082556638515528e-04 
2016  12   2   1  30   0  6.0141818412089826e-04 
2016  12   2   2   0   0  5.8014404225842212e-04 
2016  12   2   2  30   0  4.9279973736605757e-04 
2016  12   2   3   0   0  3.2922726090565908e-04 
2016  12   2   3  30   0  2.3558655134498435e-04 
2016  12   2   4   0   0  2.5292464546261323e-04 
2016  12   2   4  30   0  2.8435243389563376e-04 
2016  12   2   5   0   0  2.9740203133560284e-04 
2016  12   2   5  30   0  2.4025647244739796e-04 
2016  12   2   6   0   0  2.2041653410969798e-04 
2016  12   2   6  30   0  2.0024032941496280e-04 
2016  12   2   7   0   0  1.9583842680705163e-04 
2016  12   2   7  30   0  1.7440006710392681e-04 
2016  12   2   8   0   0  1.5259803130432230e-04 
2016  12   2   8  30   0  1.5390688424821245e-04 
2016  12   2   9   0   0  1.4626419450507105e-04 
2016  12   2   9  30   0  1.3313445198610087e-04 
2016  12   2  10   0   0  1.2790531102552759e-04 
2016  12   2  10  30   0  1.2174102497577674e-04 
2016  12   2  11   0   0  1.1659630843389945e-04 
2016  12   2  11  30   0  1.1171195425825874e-04 
2016  12   2  12   0   0  1.0706834284160906e-04 
2016  12   2  12  30   0  1.0686204321430222e-04 
2016  12   2  13   0   0  1.3389506194690559e-04 
2016  12   2  13  30   0  1.4287845634317398e-04 
2016  12   2  14   0   0  1.5012493606520832e-04 
2016  12   2  14  30   0  1.7079622448773786e-04 
2016  12   2  15   0   0  1.7202393718475178e-04 
2016  12   2  15  30   0  1.5505845584363163e-04 
2016  12   2  16   0   0  7.2338443506474653e-05 
2016  12   2  16  30   0  5.0314521136013486e-05 
2016  12   2  17   0   0  6.2073554511282689e-05 
2016  12   2  17  30   0  6.2475244085487662e-05 
2016  12   2  18   0   0  6.2753005132180177e-05 
2016  12   2  18  30   0  6.6394966322093241e-05 
2016  12   2  19   0   0  6.3483311148598520e-05 
2016  12   2  19  30   0  8.1143155522812299e-05 
2016  12   2  20   0   0  1.0924398117445387e-04 
2016  12   2  20  30   0  1.2799593231552708e-04 
2016  12   2  21   0   0  1.2742612805510817e-04 
2016  12   2  21  30   0  1.2458830040041390e-04 
2016  12   2  22   0   0  1.1005262772639369e-04 
2016  12   2  22  30   0  9.6863641374571533e-05 
2016  12   2  23   0   0  9.9314357717283859e-05 
2016  12   2  23  30   0  1.0192115340830689e-04 
2016  12   3   0   0   0  9.4696677570583519e-05 
2016  12   3   0  30   0  8.2453271117295245e-05 
2016  12   3   1   0   0  7.7177684290994728e-05 
2016  12   3   1  30   0  8.7915577750376337e-05 
2016  12   3   2   0   0  9.6187710392924084e-05 
2016  12   3   2  30   0  9.9481755058706658e-05 
2016  12   3   3   0   0  9.4486466478692414e-05 
2016  12   3   3  30   0  9.1478521231646122e-05 
2016  12   3   4   0   0  8.4740124586291850e-05 
2016  12   3   4  30   0  8.3952410066052036e-05 
2016  12   3   5   0   0  8.5099263111905533e-05 
2016  12   3   5  30   0  8.4702209914047722e-05 
2016  12   3   6   0   0  8.5518388544457273e-05 
2016  12   3   6  30   0  8.8821860427593468e-05 
2016  12   3   7   0   0  9.5396684059550953e-05 
2016  12   3   7  30   0  1.0219467645183918e-04 
2016  12   3   8   0   0  1.0262168658871246e-04 
2016  12   3   8  30   0  1.0622681064294059e-04 
2016  12   3   9   0   0  1.0949559945529486e-04 
2016  12   3   9  30   0  1.2512555460415982e-04 
2016  12   3  10   0   0  1.2639927807161179e-04 
2016  12   3  10  30   0  1.2510159932008035e-04 
2016  12   3  11   0   0  1.2363984555419999e-04 
2016  12   3  11  30   0  1.1878368041781467e-04 
2016  12   3  12   0   0  1.2767556591992003e-04 
2016  12   3  12  30   0  1.1682495468594333e-04 
2016  12   3  13   0   0  1.1560975063792813e-04 
2016  12   3  13  30   0  1.1687955851850613e-04 
2016  12   3  14   0   0  1.1171514971930539e-04 
2016  12   3  14  30   0  1.1505009237135761e-04 
2016  12   3  15   0   0  1.1951821215419442e-04 
2016  12   3  15  30   0  1.2117909904970622e-04 
2016  12   3  16   0   0  1.2033302193715569e-04 
2016  12   3  16  30   0  1.2828302346712511e-04 
2016  12   3  17   0   0  1.5507702222765932e-04 
2016  12   3  17  30   0  1.4909431150814139e-04 
2016  12   3  18   0   0  1.4825418105873905e-04 
2016  12   3  18  30   0  1.4935337014348232e-04 
2016  12   3  19   0   0  1.5634163838243318e-04 
2016  12   3  19  30   0  1.6651168638297833e-04 
2016  12   3  20   0   0  1.7416347791014922e-04 
2016  12   3  20  30   0  2.0266527823652674e-04 
2016  12   3  21   0   0  2.0623200073419711e-04 
2016  12   3  21  30   0  2.0359387634945217e-04 
2016  12   3  22   0   0  2.1799488541071014e-04 
2016  12   3  22  30   0  2.2063638059227392e-04 
2016  12   3  23   0   0  2.0259113250062233e-04 
2016  12   3  23  30   0  1.8222054565677443e-04 
2016  12   4   0   0   0  1.6737264934440786e-04 
2016  12   4   0  30   0  1.6601583380788335e-04 
2016  12   4   1   0   0  2.1331121452977146e-04 
2016  12   4   1  30   0  2.3303734873086470e-04 
2016  12   4   2   0   0  2.4270583396912592e-04 
2016  12   4   2  30   0  2.4267005173033815e-04 
2016  12   4   3   0   0  2.5096658759921531e-04 
2016  12   4   3  30   0  2.5922226800090411e-04 
2016  12   4   4   0   0  2.5213859092101590e-04 
2016  12   4   4  30   0  2.5425333787014345e-04 
2016  12   4   5   0   0  2.4776101994589101e-04 
2016  12   4   5  30   0  2.3772322696198774e-04 
2016  12   4   6   0   0  2.3723212632236306e-04 
2016  12   4   6  30   0  2.3696098175369682e-04 
2016  12   4   7   0   0  2.2073138401721942e-04 
2016  12   4   7  30   0  2.1542180117798169e-04 
2016  12   4   8   0   0  2.1728568060267370e-04 
2016  12   4   8  30   0  1.9662444494485703e-04 
2016  12   4   9   0   0  2.0079452993175073e-04 
2016  12   4   9  30   0  2.3863200707049847e-04 
2016  12   4  10   0   0  2.2258455686786658e-04 
2016  12   4  10  30   0  1.9956149865468049e-04 
2016  12   4  11   0   0  1.8863023744315768e-04 
2016  12   4  11  30   0  1.6470501603885719e-04 
2016  12   4  12   0   0  1.4075744334222549e-04 
2016  12   4  12  30   0  1.4599872467275423e-04 
2016  12   4  13   0   0  1.6958306717246410e-04 
2016  12   4  13  30   0  2.3813490001729445e-04 
2016  12   4  14   0   0  3.0837734526345946e-04 
2016  12   4  14  30   0  2.9635845682705002e-04 
2016  12   4  15   0   0  2.6653640340816858e-04 
2016  12   4  15  30   0  2.6114609836838285e-04 
2016  12   4  16   0   0  2.4509155377588969e-04 
2016  12   4  16  30   0  2.2377700927963959e-04 
2016  12   4  17   0   0  2.0818388685260212e-04 
2016  12   4  17  30   0  2.1629690141363386e-04 
2016  12   4  18   0   0  2.3256368912625289e-04 
2016  12   4  18  30   0  2.3243631585985748e-04 
2016  12   4  19   0   0  1.9029774393091294e-04 
2016  12   4  19  30   0  1.6711147258155384e-04 
2016  12   4  20   0   0  1.6580500969962594e-04 
2016  12   4  20  30   0  1.5090155410646072e-04 
2016  12   4  21   0   0  1.4175304721313981e-04 
2016  12   4  21  30   0  1.6805964289137116e-04 
2016  12   4  22   0   0  1.8842213744135755e-04 
2016  12   4  22  30   0  1.8221467532675048e-04 
2016  12   4  23   0   0  1.6178885755662687e-04 
2016  12   4  23  30   0  1.5354544440408135e-04 
2016  12   5   0   0   0  1.4213179383376403e-04 
2016  12   5   0  30   0  1.2109501350215699e-04 
2016  12   5   1   0   0  1.0479888864459997e-04 
2016  12   5   1  30   0  9.8274417252129496e-05 
2016  12   5   2   0   0  9.1286162439231235e-05 
2016  12   5   2  30   0  8.6417325816816028e-05 
2016  12   5   3   0   0  8.3587908038074878e-05 
2016  12   5   3  30   0  6.9114300905747628e-05 
2016  12   5   4   0   0  6.0351691733588519e-05 
2016  12   5   4  30   0  5.9365750344433131e-05 
2016  12   5   5   0   0  5.2311439956689950e-05 
2016  12   5   5  30   0  6.7068254737013414e-05 
2016  12   5   6   0   0  3.3066624261981353e-05 
2016  12   5   6  30   0  3.2654259497693342e-05 
2016  12   5   7   0   0  3.1892698444347733e-05 
2016  12   5   7  30   0  3.1331649440931394e-05 
2016  12   5   8   0   0  3.0704878684977572e-05 
2016  12   5   8  30   0  2.7403502295466158e-05 
2016  12   5   9   0   0  4.1085926666519530e-05 
2016  12   5   9  30   0  5.9682240134859807e-05 
2016  12   5  10   0   0  6.3243979800665939e-05 
2016  12   5  10  30   0  5.3586813703521790e-05 
2016  12   5  11   0   0  7.2713420802489703e-05 
2016  12   5  11  30   0  5.5541755206225066e-05 
2016  12   5  12   0   0  5.3538617176120860e-05 
2016  12   5  12  30   0  5.8264613040535128e-05 
2016  12   5  13   0   0  6.0609212589340393e-05 
2016  12   5  13  30   0  7.4601831822525681e-05 
2016  12   5  14   0   0  5.9561745569060924e-05 
2016  12   5  14  30   0  6.0721719776228579e-05 
2016  12   5  15   0   0  5.3896268184233535e-05 
2016  12   5  15  30   0  5.3040268489885524e-05 
2016  12   5  16   0   0  6.3939454272671386e-05 
2016  12   5  16  30   0  8.7029649415797257e-05 
2016  12   5  17   0   0  1.0287734170998078e-04 
2016  12   5  17  30   0  1.3158791052303510e-04 
2016  12   5  18   0   0  1.5753495425041447e-04 
2016  12   5  18  30   0  1.6030720124544885e-04 
2016  12   5  19   0   0  1.6527568753810657e-04 
2016  12   5  19  30   0  1.4674703533650748e-04 
2016  12   5  20   0   0  1.3591498323388176e-04 
2016  12   5  20  30   0  1.3740241927746359e-04 
2016  12   5  21   0   0  1.3609863331875079e-04 
2016  12   5  21  30   0  1.3441770843445166e-04 
2016  12   5  22   0   0  1.3945471024074616e-04 
2016  12   5  22  30   0  1.3051468604838366e-04 
2016  12   5  23   0   0  1.2932116980969384e-04 
2016  12   5  23  30   0  1.2467059619599842e-04 
2016  12   6   0   0   0  1.2118746924931766e-04 
2016  12   6   0  30   0  1.2106600190613247e-04 
2016  12   6   1   0   0  1.1883439741025982e-04 
2016  12   6   1  30   0  1.2024075367658876e-04 
2016  12   6   2   0   0  1.2285322139004030e-04 
2016  12   6   2  30   0  1.1832272733187405e-04 
2016  12   6   3   0   0  1.2267943876913617e-04 
2016  12   6   3  30   0  1.2665359747216409e-04 
2016  12   6   4   0   0  1.2377973665757646e-04 
2016  12   6   4  30   0  1.2704144740184020e-04 
2016  12   6   5   0   0  1.2925003008890920e-04 
2016  12   6   5  30   0  1.3304064939287065e-04 
2016  12   6   6   0   0  1.3856492680502361e-04 
2016  12   6   6  30   0  1.4387182366568400e-04 
2016  12   6   7   0   0  1.4889981533908357e-04 
2016  12   6   7  30   0  1.5834175593292953e-04 
2016  12   6   8   0   0  1.5851574227267881e-04 
2016  12   6   8  30   0  1.7244990703439800e-04 
2016  12   6   9   0   0  1.7713059863813183e-04 
2016  12   6   9  30   0  1.8945521966208469e-04 
2016  12   6  10   0   0  1.9719294371033650e-04 
2016  12   6  10  30   0  2.1440716049422634e-04 
2016  12   6  11   0   0  1.9087454777810448e-04 
2016  12   6  11  30   0  2.4398785748787900e-04 
2016  12   6  12   0   0  4.0629135629793926e-04 
2016  12   6  12  30   0  2.9972934872978256e-04 
2016  12   6  13   0   0  2.4978794965093814e-04 
2016  12   6  13  30   0  2.6133849056442346e-04 
2016  12   6  14   0   0  2.2568838266628815e-04 
2016  12   6  14  30   0  2.2226865532291883e-04 
2016  12   6  15   0   0  2.0313669443357022e-04 
2016  12   6  15  30   0  2.0408755137228129e-04 
2016  12   6  16   0   0  1.9247998262736471e-04 
2016  12   6  16  30   0  1.9070846803769597e-04 
2016  12   6  17   0   0  1.9369900113805856e-04 
2016  12   6  17  30   0  2.0270637490587634e-04 
2016  12   6  18   0   0  2.0153963572305036e-04 
2016  12   6  18  30   0  2.2948495056550669e-04 
2016  12   6  19   0   0  2.3794140392110195e-04 
2016  12   6  19  30   0  2.1501759750471464e-04 
2016  12   6  20   0   0  2.3701029151070789e-04 
2016  12   6  20  30   0  2.4925585506811883e-04 
2016  12   6  21   0   0  2.4501727844568962e-04 
2016  12   6  21  30   0  2.4354664076869009e-04 
2016  12   6  22   0   0  2.4858911534461614e-04 
2016  12   6  22  30   0  2.2950277618140447e-04 
2016  12   6  23   0   0  2.8711295640472539e-04 
2016  12   6  23  30   0  2.9900733299682771e-04 
2016  12   7   0   0   0  2.5705346029136962e-04 
2016  12   7   0  30   0  2.1773226887058624e-04 
2016  12   7   1   0   0  1.8745835980563195e-04 
2016  12   7   1  30   0  1.8484267963615590e-04 
2016  12   7   2   0   0  1.8050744529130849e-04 
2016  12   7   2  30   0  1.7976458713701298e-04 
2016  12   7   3   0   0  1.7897184613353210e-04 
2016  12   7   3  30   0  1.7056795652024658e-04 
2016  12   7   4   0   0  1.8497770507673369e-04 
2016  12   7   4  30   0  2.2028334130961880e-04 
2016  12   7   5   0   0  2.3101291674159152e-04 
2016  12   7   5  30   0  2.3135872383698929e-04 
2016  12   7   6   0   0  2.3331480551364180e-04 
2016  12   7   6  30   0  2.4020134842371989e-04 
2016  12   7   7   0   0  2.3819563981608051e-04 
2016  12   7   7  30   0  2.5882832905499599e-04 
2016  12   7   8   0   0  2.6550886603508839e-04 
2016  12   7   8  30   0  2.4557932742147963e-04 
2016  12   7   9   0   0  2.3299702332485323e-04 
2016  12   7   9  30   0  2.3159883851130617e-04 
2016  12   7  10   0   0  2.0753214620216218e-04 
2016  12   7  10  30   0  2.0818662555635397e-04 
2016  12   7  11   0   0  2.0744169764198771e-04 
2016  12   7  11  30   0  2.4808093025917039e-04 
2016  12   7  12   0   0  1.9844473758293983e-04 
2016  12   7  12  30   0  1.8722155103207750e-04 
2016  12   7  13   0   0  1.8855427961371820e-04 
2016  12   7  13  30   0  1.8665709531404470e-04 
2016  12   7  14   0   0  1.7711181569040468e-04 
2016  12   7  14  30   0  1.6679318688051268e-04 
2016  12   7  15   0   0  1.5799061098477828e-04 
2016  12   7  15  30   0  1.6807212542280779e-04 
2016  12   7  16   0   0  1.8023559542557299e-04 
2016  12   7  16  30   0  1.5680261085831675e-04 
2016  12   7  17   0   0  1.7246164374278792e-04 
2016  12   7  17  30   0  1.7651435615844869e-04 
2016  12   7  18   0   0  1.8790814781002475e-04 
2016  12   7  18  30   0  1.6032065287817143e-04 
2016  12   7  19   0   0  1.5432502314041680e-04 
2016  12   7  19  30   0  1.4917487215919184e-04 
2016  12   7  20   0   0  1.4050370511905708e-04 
2016  12   7  20  30   0  1.4823428646345695e-04 
2016  12   7  21   0   0  1.5918464232924021e-04 
2016  12   7  21  30   0  1.8097633634353864e-04 
2016  12   7  22   0   0  2.2367006891022134e-04 
2016  12   7  22  30   0  2.4507925160970615e-04 
2016  12   7  23   0   0  2.6915682317086106e-04 
2016  12   7  23  30   0  2.7786822964887041e-04 
2016  12   8   0   0   0  2.7364665467841565e-04 
2016  12   8   0  30   0  2.5703914995966554e-04 
2016  12   8   1   0   0  2.3078521926823622e-04 
2016  12   8   1  30   0  1.9627520898493985e-04 
2016  12   8   2   0   0  1.6992954889775101e-04 
2016  12   8   2  30   0  1.3427967441463241e-04 
2016  12   8   3   0   0  1.2270807725479974e-04 
2016  12   8   3  30   0  1.1985310300799201e-04 
2016  12   8   4   0   0  1.3197463875499915e-04 
2016  12   8   4  30   0  1.0770274880704456e-04 
2016  12   8   5   0   0  7.8858453985600695e-05 
2016  12   8   5  30   0  7.7108322701443008e-05 
2016  12   8   6   0   0  9.1027130543426486e-05 
2016  12   8   6  30   0  9.2600904716416178e-05 
2016  12   8   7   0   0  9.4629370757759934e-05 
2016  12   8   7  30   0  8.4826145821387521e-05 
2016  12   8   8   0   0  7.9364413077171204e-05 
2016  12   8   8  30   0  8.8361168778514158e-05 
2016  12   8   9   0   0  1.0028931376142456e-04 
2016  12   8   9  30   0  9.2215290373426473e-05 
2016  12   8  10   0   0  7.7421088076024436e-05 
2016  12   8  10  30   0  7.4945153827763144e-05 
2016  12   8  11   0   0  7.2452494691761964e-05 
2016  12   8  11  30   0  1.4121836491570494e-04 
2016  12   8  12   0   0  1.9707368427770015e-04 
2016  12   8  12  30   0  2.1733095872508520e-04 
2016  12   8  13   0   0  2.1412020790693376e-04 
2016  12   8  13  30   0  2.2032974532080926e-04 
2016  12   8  14   0   0  1.9549803779902851e-04 
2016  12   8  14  30   0  1.9071059323484029e-04 
2016  12   8  15   0   0  2.0105223519190934e-04 
2016  12   8  15  30   0  1.7669663654333934e-04 
2016  12   8  16   0   0  1.7185672905451030e-04 
2016  12   8  16  30   0  2.0568521175122983e-04 
2016  12   8  17   0   0  1.9551166338438867e-04 
2016  12   8  17  30   0  1.4701242987578703e-04 
2016  12   8  18   0   0  1.3096382626148962e-04 
2016  12   8  18  30   0  1.2258409106914083e-04 
2016  12   8  19   0   0  1.1917535782061541e-04 
2016  12   8  19  30   0  7.5619694771190526e-05 
2016  12   8  20   0   0  8.5472800690279606e-05 
2016  12   8  20  30   0  8.2888869597083032e-05 
2016  12   8  21   0   0  8.5303514665162003e-05 
2016  12   8  21  30   0  8.2659225580443183e-05 
2016  12   8  22   0   0  8.7745094379829236e-05 
2016  12   8  22  30   0  9.5651791295181895e-05 
2016  12   8  23   0   0  5.3613493111062599e-05 
2016  12   8  23  30   0  5.2103544322613064e-05 
2016  12   9   0   0   0  6.1686320352426110e-05 
2016  12   9   0  30   0  6.9190482859957510e-05 
2016  12   9   1   0   0  8.1647061400230169e-05 
2016  12   9   1  30   0  1.0171556657309454e-04 
2016  12   9   2   0   0  1.1701431436548932e-04 
2016  12   9   2  30   0  1.2334801597448843e-04 
2016  12   9   3   0   0  1.1072520176023449e-04 
2016  12   9   3  30   0  1.2490527822620623e-04 
2016  12   9   4   0   0  1.3398634742408335e-04 
2016  12   9   4  30   0  1.3230356653669891e-04 
2016  12   9   5   0   0  1.3990761750648563e-04 
2016  12   9   5  30   0  1.2387865189497589e-04 
2016  12   9   6   0   0  1.1513429526184045e-04 
2016  12   9   6  30   0  1.1429567943966675e-04 
2016  12   9   7   0   0  1.1915363901290592e-04 
2016  12   9   7  30   0  1.0933868778858610e-04 
2016  12   9   8   0   0  1.1513324278969527e-04 
2016  12   9   8  30   0  1.1656529851562251e-04 
2016  12   9   9   0   0  1.0510474953517469e-04 
2016  12   9   9  30   0  1.0191079100126792e-04 
2016  12   9  10   0   0  9.9941790782369380e-05 
2016  12   9  10  30   0  1.0521874735506985e-04 
2016  12   9  11   0   0  1.0884239968470573e-04 
2016  12   9  11  30   0  1.0572937650510391e-04 
2016  12   9  12   0   0  1.0040714990883624e-04 
2016  12   9  12  30   0  9.1961927885061953e-05 
2016  12   9  13   0   0  1.1015067618606052e-04 
2016  12   9  13  30   0  1.4428118891094183e-04 
2016  12   9  14   0   0  1.5601268031283924e-04 
2016  12   9  14  30   0  1.5612928649176336e-04 
2016  12   9  15   0   0  1.3577300976893751e-04 
2016  12   9  15  30   0  1.4839043104512086e-04 
2016  12   9  16   0   0  1.3828921326855485e-04 
2016  12   9  16  30   0  8.6919114550934939e-05 
2016  12   9  17   0   0  8.4534661885926114e-05 
2016  12   9  17  30   0  6.9931162159375478e-05 
2016  12   9  18   0   0  6.1618242039818328e-05 
2016  12   9  18  30   0  7.4152376557442133e-05 
2016  12   9  19   0   0  8.4172846170614812e-05 
2016  12   9  19  30   0  8.6917342665683312e-05 
2016  12   9  20   0   0  9.5354529539605737e-05 
2016  12   9  20  30   0  1.1067227912529196e-04 
2016  12   9  21   0   0  1.0349315672048877e-04 
2016  12   9  21  30   0  1.1569821802690442e-04 
2016  12   9  22   0   0  1.2668938122013264e-04 
2016  12   9  22  30   0  1.4963041800588963e-04 
2016  12   9  23   0   0  1.6455678569206886e-04 
2016  12   9  23  30   0  1.5257146687250973e-04 
2016  12  10   0   0   0  1.3754819838990637e-04 
2016  12  10   0  30   0  1.1831674453935910e-04 
2016  12  10   1   0   0  9.7628699458016620e-05 
2016  12  10   1  30   0  9.0722827572228400e-05 
2016  12  10   2   0   0  8.2352912227376808e-05 
2016  12  10   2  30   0  7.5438729803384343e-05 
2016  12  10   3   0   0  7.3770301644268842e-05 
2016  12  10   3  30   0  7.4045812290179550e-05 
2016  12  10   4   0   0  7.2109185522058392e-05 
2016  12  10   4  30   0  7.9235385497795994e-05 
2016  12  10   5   0   0  8.4645631575255907e-05 
2016  12  10   5  30   0  7.7165883254136616e-05 
2016  12  10   6   0   0  7.6220855206211104e-05 
2016  12  10   6  30   0  8.2947243928758232e-05 
2016  12  10   7   0   0  7.8079433179840572e-05 
2016  12  10   7  30   0  7.4635753863820645e-05 
2016  12  10   8   0   0  7.5440259758491243e-05 
2016  12  10   8  30   0  7.9484821332729421e-05 
2016  12  10   9   0   0  8.8059300134886337e-05 
2016  12  10   9  30   0  7.8828840332801619e-05 
2016  12  10  10   0   0  7.2626261587019778e-05 
2016  12  10  10  30   0  6.6258868989980561e-05 
2016  12  10  11   0   0  6.1566851102989341e-05 
2016  12  10  11  30   0  5.7583048097397478e-05 
2016  12  10  12   0   0  5.5785535514149730e-05 
2016  12  10  12  30   0  5.9631705361949844e-05 
2016  12  10  13   0   0  8.1450293994323543e-05 
2016  12  10  13  30   0  8.4266565963596880e-05 
2016  12  10  14   0   0  6.7991353776203516e-05 
2016  12  10  14  30   0  6.8723384855964750e-05 
2016  12  10  15   0   0  7.7755715206610234e-05 
2016  12  10  15  30   0  8.5284741055120702e-05 
2016  12  10  16   0   0  9.0678186014945866e-05 
2016  12  10  16  30   0  9.6971413524483553e-05 
2016  12  10  17   0   0  9.8503874615655238e-05 
2016  12  10  17  30   0  1.0282631476749172e-04 
2016  12  10  18   0   0  1.0634112866147644e-04 
2016  12  10  18  30   0  1.2964048418810550e-04 
2016  12  10  19   0   0  1.5592898458278436e-04 
2016  12  10  19  30   0  1.2824621950984085e-04 
2016  12  10  20   0   0  1.2196146067402507e-04 
2016  12  10  20  30   0  1.2179364546376075e-04 
2016  12  10  21   0   0  1.2227083511932841e-04 
2016  12  10  21  30   0  1.2106324065864590e-04 
2016  12  10  22   0   0  1.1429221746861889e-04 
2016  12  10  22  30   0  1.1564912544429158e-04 
2016  12  10  23   0   0  1.1256685082454003e-04 
2016  12  10  23  30   0  1.1094996231407177e-04 
2016  12  11   0   0   0  1.0947589578328286e-04 
2016  12  11   0  30   0  1.1271551315151871e-04 
2016  12  11   1   0   0  1.0555993247040186e-04 
2016  12  11   1  30   0  1.0552243576557751e-04 
2016  12  11   2   0   0  1.1163101180900886e-04 
2016  12  11   2  30   0  1.1062461529991162e-04 
2016  12  11   3   0   0  9.8965507313903721e-05 
2016  12  11   3  30   0  1.0688386696586479e-04 
2016  12  11   4   0   0  1.2387776392920260e-04 
2016  12  11   4  30   0  1.2984821744665547e-04 
2016  12  11   5   0   0  1.2780314401768695e-04 
2016  12  11   5  30   0  1.1408788670115625e-04 
2016  12  11   6   0   0  1.2908183386669796e-04 
2016  12  11   6  30   0  1.4396411359604929e-04 
2016  12  11   7   0   0  1.6049284099733978e-04 
2016  12  11   7  30   0  1.6667663056100794e-04 
2016  12  11   8   0   0  1.6749323429872455e-04 
2016  12  11   8  30   0  1.7223145951225264e-04 
2016  12  11   9   0   0  1.7098913231168944e-04 
2016  12  11   9  30   0  1.7585736336609258e-04 
2016  12  11  10   0   0  1.8116670481586376e-04 
2016  12  11  10  30   0  1.7075006193434722e-04 
2016  12  11  11   0   0  1.6364139657275609e-04 
2016  12  11  11  30   0  1.5611309758588641e-04 
2016  12  11  12   0   0  1.4070152162264335e-04 
2016  12  11  12  30   0  1.2304685507886538e-04 
2016  12  11  13   0   0  1.3051194787013051e-04 
2016  12  11  13  30   0  1.1310934224120387e-04 
2016  12  11  14   0   0  1.0412592862324766e-04 
2016  12  11  14  30   0  9.3948451734191343e-05 
2016  12  11  15   0   0  9.4568415249045713e-05 
2016  12  11  15  30   0  9.3093196509781833e-05 
2016  12  11  16   0   0  9.1002430376737931e-05 
2016  12  11  16  30   0  1.1097573051111793e-04 
2016  12  11  17   0   0  1.1023494478495413e-04 
2016  12  11  17  30   0  1.1699407300162178e-04 
2016  12  11  18   0   0  1.2089798349069273e-04 
2016  12  11  18  30   0  1.4564063663137700e-04 
2016  12  11  19   0   0  1.6343217369732226e-04 
2016  12  11  19  30   0  1.6249141571010955e-04 
2016  12  11  20   0   0  1.6062388120222207e-04 
2016  12  11  20  30   0  1.6554864578422949e-04 
2016  12  11  21   0   0  1.7980414530539599e-04 
2016  12  11  21  30   0  1.6938937938590503e-04 
2016  12  11  22   0   0  1.7309033967351288e-04 
2016  12  11  22  30   0  1.9206385184592075e-04 
2016  12  11  23   0   0  1.9998455562866079e-04 
2016  12  11  23  30   0  1.9085390600764689e-04 
2016  12  12   0   0   0  1.9255733898573406e-04 
2016  12  12   0  30   0  2.0677781696505103e-04 
2016  12  12   1   0   0  2.2758606245654251e-04 
2016  12  12   1  30   0  2.2857099917172747e-04 
2016  12  12   2   0   0  2.1683111370847863e-04 
2016  12  12   2  30   0  2.0803907326034213e-04 
2016  12  12   3   0   0  2.0834028575748221e-04 
2016  12  12   3  30   0  2.1373716977193024e-04 
2016  12  12   4   0   0  2.0167099251209582e-04 
2016  12  12   4  30   0  1.7953559751666406e-04 
2016  12  12   5   0   0  1.5613303066714960e-04 
2016  12  12   5  30   0  1.5527114439548018e-04 
2016  12  12   6   0   0  1.4218601225294262e-04 
2016  12  12   6  30   0  1.2259550429357665e-04 
2016  12  12   7   0   0  1.1251054489257636e-04 
2016  12  12   7  30   0  1.1896792534867734e-04 
2016  12  12   8   0   0  1.1671816854189607e-04 
2016  12  12   8  30   0  1.2254017428493379e-04 
2016  12  12   9   0   0  1.3429716592510378e-04 
2016  12  12   9  30   0  1.4216803397387498e-04 
2016  12  12  10   0   0  1.4099291872917324e-04 
2016  12  12  10  30   0  1.3646249861617600e-04 
2016  12  12  11   0   0  1.2875098251043365e-04 
2016  12  12  11  30   0  1.1848843114865060e-04 
2016  12  12  12   0   0  1.1393056129143010e-04 
2016  12  12  12  30   0  1.4924792802943371e-04 
2016  12  12  13   0   0  1.4937326351561667e-04 
2016  12  12  13  30   0  1.4991542144313327e-04 
2016  12  12  14   0   0  1.5024485641413739e-04 
2016  12  12  14  30   0  1.5120747957014842e-04 
2016  12  12  15   0   0  1.5230542808081720e-04 
2016  12  12  15  30   0  1.5342592278597410e-04 
2016  12  12  16   0   0  1.5487824307511337e-04 
2016  12  12  16  30   0  1.5625177741209725e-04 
2016  12  12  17   0   0  1.5761890684261906e-04 
2016  12  12  17  30   0  1.5864447095384316e-04 
2016  12  12  18   0   0  1.5966310856554880e-04 
2016  12  12  18  30   0  1.6068913567723322e-04 
2016  12  12  19   0   0  1.6153704112623960e-04 
2016  12  12  19  30   0  1.6174479394927510e-04 
2016  12  12  20   0   0  1.6184606470023838e-04 
2016  12  12  20  30   0  1.6172304644661880e-04 
2016  12  12  21   0   0  1.6182248392281208e-04 
2016  12  12  21  30   0  1.6175766643145695e-04 
2016  12  12  22   0   0  1.6150344694491710e-04 
2016  12  12  22  30   0  1.6156722554331419e-04 
2016  12  12  23   0   0  1.6125611483298115e-04 
2016  12  12  23  30   0  1.6050746888435804e-04 
2016  12  13   0   0   0  1.5987662031805231e-04 
2016  12  13   0  30   0  1.5934494688725918e-04 
2016  12  13   1   0   0  1.5856823433203437e-04 
2016  12  13   1  30   0  1.5786270926277686e-04 
2016  12  13   2   0   0  1.5648797955599325e-04 
2016  12  13   2  30   0  1.5519573908076106e-04 
2016  12  13   3   0   0  1.5403043312767128e-04 
2016  12  13   3  30   0  1.5347945860045932e-04 
2016  12  13   4   0   0  1.5241048562245722e-04 
2016  12  13   4  30   0  1.5086018601106297e-04 
2016  12  13   5   0   0  1.4987770040148434e-04 
2016  12  13   5  30   0  1.4931295906931206e-04 
2016  12  13   6   0   0  1.4937634800732448e-04 
2016  12  13   6  30   0  1.4890929428062566e-04 
2016  12  13   7   0   0  1.4934040482580933e-04 
2016  12  13   7  30   0  1.4851069249560529e-04 
2016  12  13   8   0   0  1.4911064319579146e-04 
2016  12  13   8  30   0  2.0300173287684533e-04 
2016  12  13   9   0   0  1.9372027262588661e-04 
2016  12  13   9  30   0  2.1652015121752060e-04 
2016  12  13  10   0   0  3.1154276868312469e-04 
2016  12  13  10  30   0  2.7769044625529170e-04 
2016  12  13  11   0   0  2.9624898956292643e-04 
2016  12  13  11  30   0  4.7862239968924156e-04 
2016  12  13  12   0   0  3.9335466492608403e-04 
2016  12  13  12  30   0  4.9685566568279300e-04 
2016  12  13  13   0   0  4.1293015012235811e-04 
2016  12  13  13  30   0  2.7354027011622362e-04 
2016  12  13  14   0   0  3.2869994805093664e-04 
2016  12  13  14  30   0  1.5519959847529958e-04 
2016  12  13  15   0   0  1.4487137423815566e-04 
2016  12  13  15  30   0  2.0747280596328320e-04 
2016  12  13  16   0   0  2.1416761775254616e-04 
2016  12  13  16  30   0  2.3309500133142412e-04 
2016  12  13  17   0   0  2.5411392972871230e-04 
2016  12  13  17  30   0  2.4818065514878182e-04 
2016  12  13  18   0   0  2.6089418514748888e-04 
2016  12  13  18  30   0  2.7724585668151085e-04 
2016  12  13  19   0   0  2.9103245116127689e-04 
2016  12  13  19  30   0  2.9427141334211290e-04 
2016  12  13  20   0   0  2.8523452344672931e-04 
2016  12  13  20  30   0  2.8432914490405826e-04 
2016  12  13  21   0   0  2.9373609320908228e-04 
2016  12  13  21  30   0  3.1593221355651719e-04 
2016  12  13  22   0   0  3.3119153668458126e-04 
2016  12  13  22  30   0  3.4614834260647775e-04 
2016  12  13  23   0   0  3.5925669978546538e-04 
2016  12  13  23  30   0  3.6002913502276737e-04 
2016  12  14   0   0   0  3.6483529971097846e-04 
2016  12  14   0  30   0  3.4035924699594625e-04 
2016  12  14   1   0   0  3.4009081452302382e-04 
2016  12  14   1  30   0  3.1311073889831728e-04 
2016  12  14   2   0   0  3.5260352142542307e-04 
2016  12  14   2  30   0  3.5266062758660917e-04 
2016  12  14   3   0   0  3.4890928741182915e-04 
2016  12  14   3  30   0  3.5439757539733173e-04 
2016  12  14   4   0   0  3.2911001144959596e-04 
2016  12  14   4  30   0  2.9528419868722882e-04 
2016  12  14   5   0   0  2.5884930549681634e-04 
2016  12  14   5  30   0  2.2834394715629428e-04 
2016  12  14   6   0   0  2.2426680766594312e-04 
2016  12  14   6  30   0  2.1823299578762839e-04 
2016  12  14   7   0   0  2.1262083423893773e-04 
2016  12  14   7  30   0  2.0128832190971130e-04 
2016  12  14   8   0   0  1.9508149740358810e-04 
2016  12  14   8  30   0  1.8766310985907108e-04 
2016  12  14   9   0   0  1.8364378819967070e-04 
2016  12  14   9  30   0  1.7542948664522366e-04 
2016  12  14  10   0   0  1.6380498329456440e-04 
2016  12  14  10  30   0  1.5002768673030915e-04 
2016  12  14  11   0   0  1.3135648397804214e-04 
2016  12  14  11  30   0  1.1715281671917263e-04 
2016  12  14  12   0   0  1.0766840206077209e-04 
2016  12  14  12  30   0  1.0271866491068517e-04 
2016  12  14  13   0   0  9.7683603756646193e-05 
2016  12  14  13  30   0  9.4821195941227821e-05 
2016  12  14  14   0   0  9.7770570372807952e-05 
2016  12  14  14  30   0  9.8552551010501008e-05 
2016  12  14  15   0   0  1.0094712840315812e-04 
2016  12  14  15  30   0  1.0986132345521519e-04 
2016  12  14  16   0   0  1.3105601686993682e-04 
2016  12  14  16  30   0  1.3389792414686221e-04 
2016  12  14  17   0   0  1.3699673645123489e-04 
2016  12  14  17  30   0  1.4016855378903175e-04 
2016  12  14  18   0   0  1.5228491005117703e-04 
2016  12  14  18  30   0  1.4029710542855480e-04 
2016  12  14  19   0   0  1.3356430922360484e-04 
2016  12  14  19  30   0  1.2630530266956005e-04 
2016  12  14  20   0   0  1.2778044042406961e-04 
2016  12  14  20  30   0  1.4019750096905709e-04 
2016  12  14  21   0   0  1.6002276750278011e-04 
2016  12  14  21  30   0  1.8534343747782884e-04 
2016  12  14  22   0   0  1.8320945817414304e-04 
2016  12  14  22  30   0  1.7589497292995501e-04 
2016  12  14  23   0   0  1.6756554574049422e-04 
2016  12  14  23  30   0  1.8567944170561442e-04 
2016  12  15   0   0   0  1.8042619680400132e-04 
2016  12  15   0  30   0  1.6165654761332725e-04 
2016  12  15   1   0   0  1.5533067195754900e-04 
2016  12  15   1  30   0  1.3772040399999194e-04 
2016  12  15   2   0   0  1.2785085607659163e-04 
2016  12  15   2  30   0  1.1677435971163166e-04 
2016  12  15   3   0   0  1.2065570113623467e-04 
2016  12  15   3  30   0  1.2018317308444997e-04 
2016  12  15   4   0   0  1.2074783392447785e-04 
2016  12  15   4  30   0  1.2426661409201741e-04 
2016  12  15   5   0   0  1.3045858525738131e-04 
2016  12  15   5  30   0  1.4887447051686298e-04 
2016  12  15   6   0   0  1.7591365758891080e-04 
2016  12  15   6  30   0  1.8953880283726685e-04 
2016  12  15   7   0   0  1.8974780592292300e-04 
2016  12  15   7  30   0  1.8345270426503419e-04 
2016  12  15   8   0   0  1.9001755236879589e-04 
2016  12  15   8  30   0  1.9453610363063227e-04 
2016  12  15   9   0   0  1.8529711898120814e-04 
2016  12  15   9  30   0  1.7057807286737414e-04 
2016  12  15  10   0   0  1.5993635224930498e-04 
2016  12  15  10  30   0  1.8269911939792306e-04 
2016  12  15  11   0   0  3.1765295978846613e-04 
2016  12  15  11  30   0  1.7048627115762708e-04 
2016  12  15  12   0   0  1.8687930306870941e-04 
2016  12  15  12  30   0  2.0333466765702868e-04 
2016  12  15  13   0   0  1.9821261678849023e-04 
2016  12  15  13  30   0  1.7912480368140641e-04 
2016  12  15  14   0   0  1.9584586005550830e-04 
2016  12  15  14  30   0  2.2266315215210990e-04 
2016  12  15  15   0   0  2.2783392538106278e-04 
2016  12  15  15  30   0  2.5301755870783544e-04 
2016  12  15  16   0   0  2.4623126803362169e-04 
2016  12  15  16  30   0  2.4870360512283077e-04 
2016  12  15  17   0   0  2.4513143280303982e-04 
2016  12  15  17  30   0  2.4066490166810826e-04 
2016  12  15  18   0   0  2.3438877218273605e-04 
2016  12  15  18  30   0  2.2819498694833453e-04 
2016  12  15  19   0   0  2.1184984924889022e-04 
2016  12  15  19  30   0  1.9376377650640703e-04 
2016  12  15  20   0   0  1.7630851513054246e-04 
2016  12  15  20  30   0  1.6849593209460159e-04 
2016  12  15  21   0   0  1.7223333990115430e-04 
2016  12  15  21  30   0  1.6840088100294971e-04 
2016  12  15  22   0   0  1.6204516583336840e-04 
2016  12  15  22  30   0  1.6535004475559626e-04 
2016  12  15  23   0   0  1.7128221868176937e-04 
2016  12  15  23  30   0  1.8128929998044565e-04 
2016  12  16   0   0   0  1.9100282624557615e-04 
2016  12  16   0  30   0  1.9224533403111585e-04 
2016  12  16   1   0   0  2.0865075574896303e-04 
2016  12  16   1  30   0  2.0589262023472843e-04 
2016  12  16   2   0   0  2.0463078727391844e-04 
2016  12  16   2  30   0  2.0530465138476832e-04 
2016  12  16   3   0   0  2.1438468106606018e-04 
2016  12  16   3  30   0  2.1861581021306341e-04 
2016  12  16   4   0   0  2.2205941377667680e-04 
2016  12  16   4  30   0  2.1395736454797937e-04 
2016  12  16   5   0   0  2.0590245233516349e-04 
2016  12  16   5  30   0  1.9942337777724376e-04 
2016  12  16   6   0   0  1.9971601351338918e-04 
2016  12  16   6  30   0  1.8833722176983186e-04 
2016  12  16   7   0   0  1.9520939674880163e-04 
2016  12  16   7  30   0  1.8027626498935819e-04 
2016  12  16   8   0   0  1.7138257360558228e-04 
2016  12  16   8  30   0  1.6670033201281003e-04 
2016  12  16   9   0   0  1.7235495292088404e-04 
2016  12  16   9  30   0  1.5974264810569012e-04 
2016  12  16  10   0   0  1.6446522189104046e-04 
2016  12  16  10  30   0  1.4470251629792222e-04 
2016  12  16  11   0   0  1.4585908571725651e-04 
2016  12  16  11  30   0  1.5875316748410355e-04 
2016  12  16  12   0   0  1.5767439403132738e-04 
2016  12  16  12  30   0  1.5951630494884415e-04 
2016  12  16  13   0   0  1.6687900037714348e-04 
2016  12  16  13  30   0  1.5695260206468275e-04 
2016  12  16  14   0   0  1.6718720609561988e-04 
2016  12  16  14  30   0  1.6805474588668111e-04 
2016  12  16  15   0   0  1.7176574229921116e-04 
2016  12  16  15  30   0  1.7333445640296051e-04 
2016  12  16  16   0   0  1.6334181926383619e-04 
2016  12  16  16  30   0  1.6227028742966688e-04 
2016  12  16  17   0   0  1.3752280358073481e-04 
2016  12  16  17  30   0  1.2237104631488809e-04 
2016  12  16  18   0   0  1.1147446909257699e-04 
2016  12  16  18  30   0  1.1309971965446682e-04 
2016  12  16  19   0   0  1.0837847789826679e-04 
2016  12  16  19  30   0  1.4569244866353045e-04 
2016  12  16  20   0   0  1.6916168015049975e-04 
2016  12  16  20  30   0  1.7348934826866391e-04 
2016  12  16  21   0   0  1.8231506893625030e-04 
2016  12  16  21  30   0  1.6749888735886523e-04 
2016  12  16  22   0   0  1.6540173346542105e-04 
2016  12  16  22  30   0  1.6805915453870106e-04 
2016  12  16  23   0   0  1.9474183909300616e-04 
2016  12  16  23  30   0  2.0200970341925124e-04 
2016  12  17   0   0   0  2.2704133986403455e-04 
2016  12  17   0  30   0  2.2532922686939789e-04 
2016  12  17   1   0   0  2.0613973817630512e-04 
2016  12  17   1  30   0  1.9568379680965769e-04 
2016  12  17   2   0   0  2.0368527351153281e-04 
2016  12  17   2  30   0  2.0947625428907466e-04 
2016  12  17   3   0   0  2.3775691548598088e-04 
2016  12  17   3  30   0  2.4978517934176690e-04 
2016  12  17   4   0   0  2.6994198386718341e-04 
2016  12  17   4  30   0  2.5313432030601979e-04 
2016  12  17   5   0   0  2.5290486370041813e-04 
2016  12  17   5  30   0  2.4202075044701756e-04 
2016  12  17   6   0   0  2.4492194916543754e-04 
2016  12  17   6  30   0  2.5038481927989824e-04 
2016  12  17   7   0   0  2.6227034986316897e-04 
2016  12  17   7  30   0  2.4594374621850706e-04 
2016  12  17   8   0   0  2.6251182700477753e-04 
2016  12  17   8  30   0  2.9256501237360795e-04 
2016  12  17   9   0   0  2.9995069685793084e-04 
2016  12  17   9  30   0  2.9752719396874245e-04 
2016  12  17  10   0   0  2.7232405817748107e-04 
2016  12  17  10  30   0  2.4111462876145540e-04 
2016  12  17  11   0   0  1.9106694705820737e-04 
2016  12  17  11  30   0  1.8621163402420950e-04 
2016  12  17  12   0   0  1.7865457568469841e-04 
2016  12  17  12  30   0  2.0135314484641747e-04 
2016  12  17  13   0   0  1.9228231069138167e-04 
2016  12  17  13  30   0  1.8199378150878949e-04 
2016  12  17  14   0   0  2.0934405342320345e-04 
2016  12  17  14  30   0  1.6312671502446028e-04 
2016  12  17  15   0   0  1.2303869890753792e-04 
2016  12  17  15  30   0  8.7669010298960676e-05 
2016  12  17  16   0   0  8.8346526868950673e-05 
2016  12  17  16  30   0  9.6515345355549680e-05 
2016  12  17  17   0   0  7.9206240521541499e-05 
2016  12  17  17  30   0  6.6076128396783937e-05 
2016  12  17  18   0   0  8.3075080524073805e-05 
2016  12  17  18  30   0  8.0933464324638220e-05 
2016  12  17  19   0   0  8.4012117264030796e-05 
2016  12  17  19  30   0  1.0442547286816291e-04 
2016  12  17  20   0   0  1.2057470642496792e-04 
2016  12  17  20  30   0  1.1891156095223863e-04 
2016  12  17  21   0   0  1.1244458346390348e-04 
2016  12  17  21  30   0  1.2055334174863065e-04 
2016  12  17  22   0   0  1.3820261914821260e-04 
2016  12  17  22  30   0  1.5236486713730821e-04 
2016  12  17  23   0   0  1.5484263110996873e-04 
2016  12  17  23  30   0  1.4231906314029973e-04 
2016  12  18   0   0   0  1.4163174872107028e-04 
2016  12  18   0  30   0  1.3981097850428580e-04 
2016  12  18   1   0   0  1.4455790496478596e-04 
2016  12  18   1  30   0  1.5265015780851034e-04 
2016  12  18   2   0   0  1.5250846384650494e-04 
2016  12  18   2  30   0  1.4460914410863450e-04 
2016  12  18   3   0   0  1.4907358750438875e-04 
2016  12  18   3  30   0  1.5412994653758350e-04 
2016  12  18   4   0   0  1.4999375818059156e-04 
2016  12  18   4  30   0  1.4162178190750392e-04 
2016  12  18   5   0   0  1.3563705767696054e-04 
2016  12  18   5  30   0  1.4256121042773693e-04 
2016  12  18   6   0   0  1.5205146743906705e-04 
2016  12  18   6  30   0  1.5174024305455712e-04 
2016  12  18   7   0   0  1.4494853685593373e-04 
2016  12  18   7  30   0  1.3781807752368691e-04 
2016  12  18   8   0   0  1.4445947195236656e-04 
2016  12  18   8  30   0  1.4460416022549723e-04 
2016  12  18   9   0   0  1.3713161266351931e-04 
2016  12  18   9  30   0  1.3840872179008801e-04 
2016  12  18  10   0   0  1.4380106632362624e-04 
2016  12  18  10  30   0  1.6052159413560508e-04 
2016  12  18  11   0   0  1.6298726647548980e-04 
2016  12  18  11  30   0  1.3373838159058649e-04 
2016  12  18  12   0   0  1.2320881550486468e-04 
2016  12  18  12  30   0  1.1216789617325854e-04 
2016  12  18  13   0   0  1.0559868129528032e-04 
2016  12  18  13  30   0  1.1355348143878923e-04 
2016  12  18  14   0   0  1.1506288742415862e-04 
2016  12  18  14  30   0  1.2105266917835184e-04 
2016  12  18  15   0   0  1.5745605485148161e-04 
2016  12  18  15  30   0  1.7477215155473793e-04 
2016  12  18  16   0   0  1.8106966941854079e-04 
2016  12  18  16  30   0  1.7243935090824491e-04 
2016  12  18  17   0   0  1.6295801471159863e-04 
2016  12  18  17  30   0  1.5672572513344065e-04 
2016  12  18  18   0   0  1.5449171011766767e-04 
2016  12  18  18  30   0  1.6970817982542150e-04 
2016  12  18  19   0   0  1.7364885035415782e-04 
2016  12  18  19  30   0  1.7595852987259275e-04 
2016  12  18  20   0   0  1.6160861684043587e-04 
2016  12  18  20  30   0  1.4627894750530461e-04 
2016  12  18  21   0   0  1.4831542223373131e-04 
2016  12  18  21  30   0  1.5450491196785323e-04 
2016  12  18  22   0   0  1.4308814674292834e-04 
2016  12  18  22  30   0  1.4169957401546216e-04 
2016  12  18  23   0   0  1.3134609325005103e-04 
2016  12  18  23  30   0  1.1865997613911873e-04 
2016  12  19   0   0   0  1.0237743431548424e-04 
2016  12  19   0  30   0  9.8942758350417607e-05 
2016  12  19   1   0   0  1.0140858020699538e-04 
2016  12  19   1  30   0  1.0322678991777419e-04 
2016  12  19   2   0   0  1.1275756505541300e-04 
2016  12  19   2  30   0  1.3215262092752369e-04 
2016  12  19   3   0   0  1.5205477367477219e-04 
2016  12  19   3  30   0  2.0229113967937872e-04 
2016  12  19   4   0   0  2.9418805480021718e-04 
2016  12  19   4  30   0  3.4597824289464671e-04 
2016  12  19   5   0   0  3.1978907567524467e-04 
2016  12  19   5  30   0  2.6148306943713710e-04 
2016  12  19   6   0   0  2.3054093657197470e-04 
2016  12  19   6  30   0  2.2009421199937980e-04 
2016  12  19   7   0   0  2.0065166859383163e-04 
2016  12  19   7  30   0  1.6779645649795874e-04 
2016  12  19   8   0   0  1.5138283423225558e-04 
2016  12  19   8  30   0  1.5715267891938369e-04 
2016  12  19   9   0   0  1.6843345008995920e-04 
2016  12  19   9  30   0  1.8629621647647172e-04 
2016  12  19  10   0   0  1.8807431525857837e-04 
2016  12  19  10  30   0  1.8402615154069108e-04 
2016  12  19  11   0   0  1.7156267283552693e-04 
2016  12  19  11  30   0  1.5070226887559375e-04 
2016  12  19  12   0   0  1.3773227469975969e-04 
2016  12  19  12  30   0  1.1781278851217160e-04 
2016  12  19  13   0   0  9.4844638251655210e-05 
2016  12  19  13  30   0  8.5228493104916794e-05 
2016  12  19  14   0   0  7.4126593275412279e-05 
2016  12  19  14  30   0  7.4414618576498762e-05 
2016  12  19  15   0   0  9.4845647942881929e-05 
2016  12  19  15  30   0  8.7564250298555080e-05 
2016  12  19  16   0   0  8.2964002854292148e-05 
2016  12  19  16  30   0  9.3548753949488609e-05 
2016  12  19  17   0   0  8.2862284894345562e-05 
2016  12  19  17  30   0  7.9354951020988874e-05 
2016  12  19  18   0   0  6.2481922243064984e-05 
2016  12  19  18  30   0  7.2373465300234005e-05 
2016  12  19  19   0   0  5.1969160823445852e-05 
2016  12  19  19  30   0  4.9456349764917572e-05 
2016  12  19  20   0   0  4.7815167328623778e-05 
2016  12  19  20  30   0  5.5652654835394265e-05 
2016  12  19  21   0   0  5.5849311955191368e-05 
2016  12  19  21  30   0  6.6269882622836606e-05 
2016  12  19  22   0   0  6.7289340006290401e-05 
2016  12  19  22  30   0  5.4703007846393939e-05 
2016  12  19  23   0   0  5.0859057457025949e-05 
2016  12  19  23  30   0  5.8645655320253877e-05 
2016  12  20   0   0   0  6.1772740647752836e-05 
2016  12  20   0  30   0  8.1532241336572503e-05 
2016  12  20   1   0   0  1.1815100453897185e-04 
2016  12  20   1  30   0  1.5538917054836547e-04 
2016  12  20   2   0   0  1.6004842048109459e-04 
2016  12  20   2  30   0  1.4359490655200508e-04 
2016  12  20   3   0   0  1.2427115856164961e-04 
2016  12  20   3  30   0  1.0005223765121260e-04 
2016  12  20   4   0   0  8.6606278824138979e-05 
2016  12  20   4  30   0  9.2863948465208575e-05 
2016  12  20   5   0   0  9.4948120717399808e-05 
2016  12  20   5  30   0  8.5153137598511011e-05 
2016  12  20   6   0   0  9.0736222828862858e-05 
2016  12  20   6  30   0  9.9010434133251797e-05 
2016  12  20   7   0   0  1.2927271846468100e-04 
2016  12  20   7  30   0  1.4790359838283082e-04 
2016  12  20   8   0   0  1.5641062530648850e-04 
2016  12  20   8  30   0  1.5203120185381731e-04 
2016  12  20   9   0   0  1.6220506359351013e-04 
2016  12  20   9  30   0  1.5015970787739442e-04 
2016  12  20  10   0   0  1.1808345536368326e-04 
2016  12  20  10  30   0  9.2046443747919302e-05 
2016  12  20  11   0   0  7.1663946211396651e-05 
2016  12  20  11  30   0  5.4833554990421338e-05 
2016  12  20  12   0   0  3.8710075008325770e-05 
2016  12  20  12  30   0  3.3849496233531575e-05 
2016  12  20  13   0   0  3.7789391990676254e-05 
2016  12  20  13  30   0  3.3505375727078938e-05 
2016  12  20  14   0   0  3.4989149542469458e-05 
2016  12  20  14  30   0  3.4208329597088543e-05 
2016  12  20  15   0   0  3.2211077583585946e-05 
2016  12  20  15  30   0  3.1994848308784694e-05 
2016  12  20  16   0   0  3.2227338837441830e-05 
2016  12  20  16  30   0  3.1434423105168784e-05 
2016  12  20  17   0   0  3.2843171665087111e-05 
2016  12  20  17  30   0  3.4870401261855980e-05 
2016  12  20  18   0   0  3.2548069698589247e-05 
2016  12  20  18  30   0  7.0732277021016830e-05 
2016  12  20  19   0   0  7.0406749806371211e-05 
2016  12  20  19  30   0  6.0181461366312788e-05 
2016  12  20  20   0   0  6.6328610225374333e-05 
2016  12  20  20  30   0  8.2695851984519115e-05 
2016  12  20  21   0   0  8.3137374494761997e-05 
2016  12  20  21  30   0  5.3176470270776599e-05 
2016  12  20  22   0   0  5.6765690342985735e-05 
2016  12  20  22  30   0  7.3073361335557758e-05 
2016  12  20  23   0   0  8.0971420144647881e-05 
2016  12  20  23  30   0  8.1907145369289469e-05 
2016  12  21   0   0   0  8.3844665041927865e-05 
2016  12  21   0  30   0  7.2257835716644348e-05 
2016  12  21   1   0   0  4.9026364900695626e-05 
2016  12  21   1  30   0  3.3780264572001994e-05 
2016  12  21   2   0   0  2.8920149182328167e-05 
2016  12  21   2  30   0  2.0458225973827296e-05 
2016  12  21   3   0   0  1.5697070531291713e-05 
2016  12  21   3  30   0  1.6892627314462925e-05 
2016  12  21   4   0   0  1.8339519011476207e-05 
2016  12  21   4  30   0  2.1751999669178083e-05 
2016  12  21   5   0   0  4.3335962594378248e-05 
2016  12  21   5  30   0  1.6404544144144365e-04 
2016  12  21   6   0   0  2.3086150895849125e-04 
2016  12  21   6  30   0  2.5360777964096478e-04 
2016  12  21   7   0   0  2.7435826578176231e-04 
2016  12  21   7  30   0  2.9310594469251448e-04 
2016  12  21   8   0   0  3.1715650464879337e-04 
2016  12  21   8  30   0  3.1071334308284138e-04 
2016  12  21   9   0   0  3.1134573197591102e-04 
2016  12  21   9  30   0  3.1816639519638299e-04 
2016  12  21  10   0   0  3.3319978866486991e-04 
2016  12  21  10  30   0  3.3670423915645821e-04 
2016  12  21  11   0   0  2.9587352139569338e-04 
2016  12  21  11  30   0  2.7141433802971965e-04 
2016  12  21  12   0   0  2.5976719032329461e-04 
2016  12  21  12  30   0  2.3069042364309557e-04 
2016  12  21  13   0   0  2.3918776963765062e-04 
2016  12  21  13  30   0  2.3253606191057680e-04 
2016  12  21  14   0   0  2.2403532497358152e-04 
2016  12  21  14  30   0  2.3007946356181781e-04 
2016  12  21  15   0   0  2.3621976787677150e-04 
2016  12  21  15  30   0  2.7151259221562052e-04 
2016  12  21  16   0   0  2.7456502686071103e-04 
2016  12  21  16  30   0  2.8354933427046164e-04 
2016  12  21  17   0   0  3.4194241221837117e-04 
2016  12  21  17  30   0  4.2134745431034328e-04 
2016  12  21  18   0   0  5.2952351646440906e-04 
2016  12  21  18  30   0  6.6596763573896771e-04 
2016  12  21  19   0   0  7.7138441756294598e-04 
2016  12  21  19  30   0  9.0579896180420223e-04 
2016  12  21  20   0   0  1.0008304178183844e-03 
2016  12  21  20  30   0  8.8262403614439665e-04 
2016  12  21  21   0   0  8.2442806844463623e-04 
2016  12  21  21  30   0  7.1252494892256333e-04 
2016  12  21  22   0   0  5.5582855499453152e-04 
2016  12  21  22  30   0  2.7676330570488975e-04 
2016  12  21  23   0   0  3.1029758591873656e-04 
2016  12  21  23  30   0  3.6380731777092520e-04 
2016  12  22   0   0   0  3.9421770390478329e-04 
2016  12  22   0  30   0  4.2830388363006186e-04 
2016  12  22   1   0   0  4.5109638477405214e-04 
2016  12  22   1  30   0  4.7561666008495208e-04 
2016  12  22   2   0   0  5.0765041143236583e-04 
2016  12  22   2  30   0  5.1593989007078247e-04 
2016  12  22   3   0   0  5.1265012229679305e-04 
2016  12  22   3  30   0  5.1771525446115817e-04 
2016  12  22   4   0   0  5.0605889957487779e-04 
2016  12  22   4  30   0  4.8076705866634479e-04 
2016  12  22   5   0   0  4.7043220018215732e-04 
2016  12  22   5  30   0  4.7026336865933083e-04 
2016  12  22   6   0   0  4.4593228310310250e-04 
2016  12  22   6  30   0  4.4614476242899493e-04 
2016  12  22   7   0   0  4.3528042714477394e-04 
2016  12  22   7  30   0  4.2411052543123813e-04 
2016  12  22   8   0   0  4.4031932800579440e-04 
2016  12  22   8  30   0  4.3448518729078501e-04 
2016  12  22   9   0   0  4.4705928978470326e-04 
2016  12  22   9  30   0  4.5437086867476976e-04 
2016  12  22  10   0   0  4.4605589626038437e-04 
2016  12  22  10  30   0  4.2476805028056461e-04 
2016  12  22  11   0   0  3.6788992925725116e-04 
2016  12  22  11  30   0  4.2367981643241890e-04 
2016  12  22  12   0   0  3.9031326429125207e-04 
2016  12  22  12  30   0  3.5779303823829656e-04 
2016  12  22  13   0   0  3.3234689122347302e-04 
2016  12  22  13  30   0  3.0942664084443374e-04 
2016  12  22  14   0   0  2.6245830486312712e-04 
2016  12  22  14  30   0  2.3245108741038316e-04 
2016  12  22  15   0   0  2.1292585262443813e-04 
2016  12  22  15  30   0  1.7562070153845632e-04 
2016  12  22  16   0   0  1.4421529756208427e-04 
2016  12  22  16  30   0  1.4818548584421315e-04 
2016  12  22  17   0   0  1.6869650142746048e-04 
2016  12  22  17  30   0  1.8559094976046989e-04 
2016  12  22  18   0   0  1.8222978980777412e-04 
2016  12  22  18  30   0  1.7641677584367090e-04 
2016  12  22  19   0   0  1.7490577155356677e-04 
2016  12  22  19  30   0  1.5471356492276171e-04 
2016  12  22  20   0   0  1.4656372652328866e-04 
2016  12  22  20  30   0  1.3847068797286072e-04 
2016  12  22  21   0   0  1.4192286106140268e-04 
2016  12  22  21  30   0  1.4864600300412483e-04 
2016  12  22  22   0   0  1.4886424203930138e-04 
2016  12  22  22  30   0  1.6520798770563021e-04 
2016  12  22  23   0   0  1.6973301633012522e-04 
2016  12  22  23  30   0  1.7895023620319818e-04 
2016  12  23   0   0   0  1.8545756338580476e-04 
2016  12  23   0  30   0  1.9467937359731602e-04 
2016  12  23   1   0   0  2.1488686219269874e-04 
2016  12  23   1  30   0  2.1717154655108634e-04 
2016  12  23   2   0   0  2.1490005749194094e-04 
2016  12  23   2  30   0  2.1178545301632823e-04 
2016  12  23   3   0   0  2.1226282782055671e-04 
2016  12  23   3  30   0  2.0488848411792218e-04 
2016  12  23   4   0   0  1.7843799548292744e-04 
2016  12  23   4  30   0  1.5377454230864972e-04 
2016  12  23   5   0   0  1.6678402286258182e-04 
2016  12  23   5  30   0  1.7516931846794291e-04 
2016  12  23   6   0   0  1.7310519862997142e-04 
2016  12  23   6  30   0  1.6748275542610925e-04 
2016  12  23   7   0   0  1.6727428806982307e-04 
2016  12  23   7  30   0  1.6385534579064221e-04 
2016  12  23   8   0   0  1.5566749619902925e-04 
2016  12  23   8  30   0  1.5077025833039144e-04 
2016  12  23   9   0   0  1.4439559756428404e-04 
2016  12  23   9  30   0  1.3142294728509023e-04 
2016  12  23  10   0   0  1.3352370942400102e-04 
2016  12  23  10  30   0  1.3807770277052169e-04 
2016  12  23  11   0   0  1.2865628425351420e-04 
2016  12  23  11  30   0  1.2569958920359380e-04 
2016  12  23  12   0   0  1.2914580406596854e-04 
2016  12  23  12  30   0  1.2141887402677306e-04 
2016  12  23  13   0   0  1.2287710189810166e-04 
2016  12  23  13  30   0  1.1794243467914811e-04 
2016  12  23  14   0   0  1.1034144881949321e-04 
2016  12  23  14  30   0  1.0339656629643264e-04 
2016  12  23  15   0   0  9.3293893220703080e-05 
2016  12  23  15  30   0  9.1837058884167584e-05 
2016  12  23  16   0   0  9.1175240691829674e-05 
2016  12  23  16  30   0  1.0458952212212717e-04 
2016  12  23  17   0   0  1.2995994200113171e-04 
2016  12  23  17  30   0  1.4084660221766763e-04 
2016  12  23  18   0   0  1.4086120486168856e-04 
2016  12  23  18  30   0  1.4966450155004998e-04 
2016  12  23  19   0   0  1.4786536236405826e-04 
2016  12  23  19  30   0  1.4419792458249782e-04 
2016  12  23  20   0   0  1.4613407123845965e-04 
2016  12  23  20  30   0  1.4902554194572425e-04 
2016  12  23  21   0   0  1.4869744212316167e-04 
2016  12  23  21  30   0  1.4916050698486071e-04 
2016  12  23  22   0   0  1.5150821259427900e-04 
2016  12  23  22  30   0  1.5659014521433192e-04 
2016  12  23  23   0   0  1.6767525966304949e-04 
2016  12  23  23  30   0  2.0317654725569880e-04 
2016  12  24   0   0   0  2.3645481743008067e-04 
2016  12  24   0  30   0  2.5725097459952667e-04 
2016  12  24   1   0   0  2.1689262244010697e-04 
2016  12  24   1  30   0  1.8559289128646986e-04 
2016  12  24   2   0   0  1.9026890271964253e-04 
2016  12  24   2  30   0  2.4748023139289531e-04 
2016  12  24   3   0   0  2.4180058275735848e-04 
2016  12  24   3  30   0  2.1335848335222296e-04 
2016  12  24   4   0   0  1.7998870459668374e-04 
2016  12  24   4  30   0  1.7398886926880584e-04 
2016  12  24   5   0   0  1.8083955155967342e-04 
2016  12  24   5  30   0  1.8439501743448445e-04 
2016  12  24   6   0   0  1.6842841368073171e-04 
2016  12  24   6  30   0  1.6493244304151492e-04 
2016  12  24   7   0   0  1.7392531923211124e-04 
2016  12  24   7  30   0  1.6069243235582471e-04 
2016  12  24   8   0   0  1.2818488893495596e-04 
2016  12  24   8  30   0  1.0860655533619840e-04 
2016  12  24   9   0   0  8.3241304591832969e-05 
2016  12  24   9  30   0  8.1676006475176049e-05 
2016  12  24  10   0   0  7.4650439583188763e-05 
2016  12  24  10  30   0  6.1185353470212238e-05 
2016  12  24  11   0   0  6.8491838255259265e-05 
2016  12  24  11  30   0  6.9400159141102781e-05 
2016  12  24  12   0   0  4.3515895967684172e-05 
2016  12  24  12  30   0  3.4876813594408712e-05 
2016  12  24  13   0   0  3.1622350095411899e-05 
2016  12  24  13  30   0  3.7333930600978299e-05 
2016  12  24  14   0   0  6.2426668139263522e-05 
2016  12  24  14  30   0  6.5172518522581851e-05 
2016  12  24  15   0   0  7.1566635207554659e-05 
2016  12  24  15  30   0  8.8678150400926516e-05 
2016  12  24  16   0   0  7.4370362569123780e-05 
2016  12  24  16  30   0  6.4978599751800564e-05 
2016  12  24  17   0   0  6.4068045313871752e-05 
2016  12  24  17  30   0  5.3349025526434292e-05 
2016  12  24  18   0   0  4.8329713977254811e-05 
2016  12  24  18  30   0  4.9772764785039548e-05 
2016  12  24  19   0   0  5.2474879693479214e-05 
2016  12  24  19  30   0  4.8841819778309176e-05 
2016  12  24  20   0   0  4.7407973599837796e-05 
2016  12  24  20  30   0  6.6809041630427814e-05 
2016  12  24  21   0   0  9.5905794670727562e-05 
2016  12  24  21  30   0  1.0019956435416302e-04 
2016  12  24  22   0   0  1.2475867890603535e-04 
2016  12  24  22  30   0  1.2435953600813720e-04 
2016  12  24  23   0   0  1.0883150003978501e-04 
2016  12  24  23  30   0  1.0434781656692878e-04 
2016  12  25   0   0   0  9.9395835584266905e-05 
2016  12  25   0  30   0  1.0473137496998964e-04 
2016  12  25   1   0   0  1.1052271062109038e-04 
2016  12  25   1  30   0  1.1940595221937350e-04 
2016  12  25   2   0   0  1.3970669035273309e-04 
2016  12  25   2  30   0  1.2600746190149614e-04 
2016  12  25   3   0   0  1.1448431363570304e-04 
2016  12  25   3  30   0  9.3357266902222350e-05 
2016  12  25   4   0   0  7.7814178882094546e-05 
2016  12  25   4  30   0  7.0085789382133028e-05 
2016  12  25   5   0   0  6.9763985558150650e-05 
2016  12  25   5  30   0  6.5267580034309398e-05 
2016  12  25   6   0   0  6.2348467588455741e-05 
2016  12  25   6  30   0  6.6636309071953838e-05 
2016  12  25   7   0   0  7.4669116373187277e-05 
2016  12  25   7  30   0  8.5233997436173154e-05 
2016  12  25   8   0   0  9.2221593059842050e-05 
2016  12  25   8  30   0  9.1748318351892621e-05 
2016  12  25   9   0   0  9.1411208876680434e-05 
2016  12  25   9  30   0  9.4132508414770353e-05 
2016  12  25  10   0   0  8.8616818377875456e-05 
2016  12  25  10  30   0  8.4319024248318201e-05 
2016  12  25  11   0   0  8.3348001992359811e-05 
2016  12  25  11  30   0  8.4531456167064050e-05 
2016  12  25  12   0   0  8.6003969463350916e-05 
2016  12  25  12  30   0  8.6926766738157626e-05 
2016  12  25  13   0   0  8.8346647575748204e-05 
2016  12  25  13  30   0  9.2026635203635326e-05 
2016  12  25  14   0   0  8.9042371260264778e-05 
2016  12  25  14  30   0  9.2841582480073453e-05 
2016  12  25  15   0   0  9.3055820815724508e-05 
2016  12  25  15  30   0  1.0355651823239264e-04 
2016  12  25  16   0   0  9.2509468714786322e-05 
2016  12  25  16  30   0  9.3054608624093310e-05 
2016  12  25  17   0   0  1.0953169351219573e-04 
2016  12  25  17  30   0  1.1470926561013004e-04 
2016  12  25  18   0   0  1.3125906166241381e-04 
2016  12  25  18  30   0  1.3992335335346557e-04 
2016  12  25  19   0   0  1.4661477975587536e-04 
2016  12  25  19  30   0  1.6252116280647246e-04 
2016  12  25  20   0   0  1.6449089853976456e-04 
2016  12  25  20  30   0  1.6229420132452826e-04 
2016  12  25  21   0   0  1.6005637851272141e-04 
2016  12  25  21  30   0  1.6045235106438113e-04 
2016  12  25  22   0   0  1.6755460236657769e-04 
2016  12  25  22  30   0  1.8767636834202841e-04 
2016  12  25  23   0   0  1.9404625698640543e-04 
2016  12  25  23  30   0  2.4045080338403263e-04 
2016  12  26   0   0   0  2.3319270822225302e-04 
2016  12  26   0  30   0  2.2678417022270665e-04 
2016  12  26   1   0   0  2.1513036948691530e-04 
2016  12  26   1  30   0  2.1720587006947631e-04 
2016  12  26   2   0   0  2.2497420820316572e-04 
2016  12  26   2  30   0  2.0841625992037239e-04 
2016  12  26   3   0   0  1.8723360822094391e-04 
2016  12  26   3  30   0  1.7327564587666072e-04 
2016  12  26   4   0   0  1.9790186336440224e-04 
2016  12  26   4  30   0  1.7803427686541312e-04 
2016  12  26   5   0   0  1.5109747869397719e-04 
2016  12  26   5  30   0  1.1606764894552206e-04 
2016  12  26   6   0   0  7.7591125430721185e-05 
2016  12  26   6  30   0  6.2539048072560491e-05 
2016  12  26   7   0   0  4.6111768170873231e-05 
2016  12  26   7  30   0  3.7732740788083935e-05 
2016  12  26   8   0   0  3.6388766462764064e-05 
2016  12  26   8  30   0  4.9007289981619141e-05 
2016  12  26   9   0   0  7.2725809354563762e-05 
2016  12  26   9  30   0  8.8626630504843242e-05 
2016  12  26  10   0   0  9.7763988789797862e-05 
2016  12  26  10  30   0  1.0080338306187175e-04 
2016  12  26  11   0   0  9.5928566401655226e-05 
2016  12  26  11  30   0  1.0196976847911633e-04 
2016  12  26  12   0   0  1.0501821845457881e-04 
2016  12  26  12  30   0  1.0859230758629917e-04 
2016  12  26  13   0   0  1.0749231750608438e-04 
2016  12  26  13  30   0  9.8352513696020572e-05 
2016  12  26  14   0   0  8.4317525382517411e-05 
2016  12  26  14  30   0  7.9868447983812672e-05 
2016  12  26  15   0   0  6.6838914307816658e-05 
2016  12  26  15  30   0  7.6041049800189362e-05 
2016  12  26  16   0   0  8.2189680512491785e-05 
2016  12  26  16  30   0  6.2970109162593870e-05 
2016  12  26  17   0   0  7.3033437245688200e-05 
2016  12  26  17  30   0  6.6239858547380921e-05 
2016  12  26  18   0   0  5.8251577695571483e-05 
2016  12  26  18  30   0  5.2804001133495802e-05 
2016  12  26  19   0   0  4.9047857843057514e-05 
2016  12  26  19  30   0  5.4996156946206519e-05 
2016  12  26  20   0   0  7.0032762141853666e-05 
2016  12  26  20  30   0  1.0979906811658852e-04 
2016  12  26  21   0   0  1.2802331081621882e-04 
2016  12  26  21  30   0  1.5264636342887799e-04 
2016  12  26  22   0   0  1.7464562650437891e-04 
2016  12  26  22  30   0  1.7768027433711367e-04 
2016  12  26  23   0   0  1.6517626048125108e-04 
2016  12  26  23  30   0  1.4731448745311778e-04 
2016  12  27   0   0   0  1.4307350779875028e-04 
2016  12  27   0  30   0  1.5025337743103650e-04 
2016  12  27   1   0   0  1.5646319915486246e-04 
2016  12  27   1  30   0  1.6484348769896899e-04 
2016  12  27   2   0   0  1.6814301502335563e-04 
2016  12  27   2  30   0  1.7157395966122804e-04 
2016  12  27   3   0   0  1.7302365378429898e-04 
2016  12  27   3  30   0  1.7417369783568403e-04 
2016  12  27   4   0   0  1.8596855340351491e-04 
2016  12  27   4  30   0  1.5129070763273219e-04 
2016  12  27   5   0   0  1.2888458340846337e-04 
2016  12  27   5  30   0  1.2114287263414520e-04 
2016  12  27   6   0   0  1.2556285242063106e-04 
2016  12  27   6  30   0  1.2002711193884598e-04 
2016  12  27   7   0   0  1.1099932381342327e-04 
2016  12  27   7  30   0  1.1258771866186275e-04 
2016  12  27   8   0   0  9.7073262763716083e-05 
2016  12  27   8  30   0  1.0085279173847197e-04 
2016  12  27   9   0   0  1.0323797029531958e-04 
2016  12  27   9  30   0  1.3194069912838007e-04 
2016  12  27  10   0   0  1.0463818295034175e-04 
2016  12  27  10  30   0  1.1225080263191318e-04 
2016  12  27  11   0   0  1.1790641385409911e-04 
2016  12  27  11  30   0  1.0504239437559003e-04 
2016  12  27  12   0   0  8.8900716767305169e-05 
2016  12  27  12  30   0  7.6794466376198074e-05 
2016  12  27  13   0   0  5.9192607347700810e-05 
2016  12  27  13  30   0  5.5153741111859306e-05 
2016  12  27  14   0   0  5.9377074172811147e-05 
2016  12  27  14  30   0  6.2393643187207430e-05 
2016  12  27  15   0   0  7.8870641576362277e-05 
2016  12  27  15  30   0  7.7345895675474542e-05 
2016  12  27  16   0   0  7.7357621312637567e-05 
2016  12  27  16  30   0  7.1696364105283033e-05 
2016  12  27  17   0   0  5.9141071420462069e-05 
2016  12  27  17  30   0  5.1238670441039098e-05 
2016  12  27  18   0   0  4.7387813301556790e-05 
2016  12  27  18  30   0  5.3316497933473454e-05 
2016  12  27  19   0   0  6.1493050985537978e-05 
2016  12  27  19  30   0  7.0151031329679288e-05 
2016  12  27  20   0   0  6.5169478343803965e-05 
2016  12  27  20  30   0  5.3344339677985971e-05 
2016  12  27  21   0   0  4.6015339004652819e-05 
2016  12  27  21  30   0  3.9873048836503359e-05 
2016  12  27  22   0   0  3.4275291108185598e-05 
2016  12  27  22  30   0  3.0822733316599607e-05 
2016  12  27  23   0   0  2.6875617146530825e-05 
2016  12  27  23  30   0  2.7031344466343303e-05 
2016  12  28   0   0   0  2.9834325380139217e-05 
2016  12  28   0  30   0  3.0300017972098640e-05 
2016  12  28   1   0   0  3.3244640377513734e-05 
2016  12  28   1  30   0  3.7390578329537132e-05 
2016  12  28   2   0   0  4.4807759389194335e-05 
2016  12  28   2  30   0  5.1531351515960300e-05 
2016  12  28   3   0   0  5.5538899539426321e-05 
2016  12  28   3  30   0  5.8197435545253718e-05 
2016  12  28   4   0   0  6.7739399698991986e-05 
2016  12  28   4  30   0  7.1505103330262655e-05 
2016  12  28   5   0   0  6.6333375173836432e-05 
2016  12  28   5  30   0  4.5017656013313231e-05 
2016  12  28   6   0   0  3.6380530805036915e-05 
2016  12  28   6  30   0  3.7519946314140904e-05 
2016  12  28   7   0   0  3.7453347291082016e-05 
2016  12  28   7  30   0  4.2237612072651347e-05 
2016  12  28   8   0   0  5.7252696048136392e-05 
2016  12  28   8  30   0  5.9717391853282885e-05 
2016  12  28   9   0   0  9.8133899583153388e-05 
2016  12  28   9  30   0  1.0960455768343055e-04 
2016  12  28  10   0   0  1.0088525824226294e-04 
2016  12  28  10  30   0  8.5441999780502009e-05 
2016  12  28  11   0   0  7.9139393333433941e-05 
2016  12  28  11  30   0  8.0091273698849991e-05 
2016  12  28  12   0   0  7.7135255691403894e-05 
2016  12  28  12  30   0  7.5537071874054416e-05 
2016  12  28  13   0   0  8.0939395172018906e-05 
2016  12  28  13  30   0  7.1298731348635943e-05 
2016  12  28  14   0   0  6.9250420987296851e-05 
2016  12  28  14  30   0  6.9327502539324494e-05 
2016  12  28  15   0   0  6.5880923759744506e-05 
2016  12  28  15  30   0  6.6898655276094408e-05 
2016  12  28  16   0   0  6.6005992216687273e-05 
2016  12  28  16  30   0  6.8610051790822020e-05 
2016  12  28  17   0   0  7.3683214044333506e-05 
2016  12  28  17  30   0  9.3979161667129461e-05 
2016  12  28  18   0   0  8.6774524240494730e-05 
2016  12  28  18  30   0  7.8005026416118610e-05 
2016  12  28  19   0   0  7.7348298594376769e-05 
2016  12  28  19  30   0  8.4021428874331882e-05 
2016  12  28  20   0   0  8.0519315267609890e-05 
2016  12  28  20  30   0  7.8242385821004269e-05 
2016  12  28  21   0   0  7.6641810820815518e-05 
2016  12  28  21  30   0  7.1528284621285169e-05 
2016  12  28  22   0   0  7.5281344181541611e-05 
2016  12  28  22  30   0  8.5462083265816147e-05 
2016  12  28  23   0   0  9.1270850532993494e-05 
2016  12  28  23  30   0  1.2898168250180669e-04 
2016  12  29   0   0   0  1.5287402851119937e-04 
2016  12  29   0  30   0  1.7102520427827501e-04 
2016  12  29   1   0   0  1.4935845511336338e-04 
2016  12  29   1  30   0  1.3000687711717756e-04 
2016  12  29   2   0   0  1.0407182387910818e-04 
2016  12  29   2  30   0  1.0376176982267906e-04 
2016  12  29   3   0   0  9.9521971602589357e-05 
2016  12  29   3  30   0  1.0793063625974494e-04 
2016  12  29   4   0   0  1.4422488664379661e-04 
2016  12  29   4  30   0  1.6775171001706972e-04 
2016  12  29   5   0   0  1.7372623323391642e-04 
2016  12  29   5  30   0  1.8114691773672787e-04 
2016  12  29   6   0   0  1.8011020077845740e-04 
2016  12  29   6  30   0  1.7430516853564671e-04 
2016  12  29   7   0   0  1.6651870062117441e-04 
2016  12  29   7  30   0  1.8321279517939700e-04 
2016  12  29   8   0   0  2.0112724106688363e-04 
2016  12  29   8  30   0  2.1624633994943873e-04 
2016  12  29   9   0   0  2.3471492583811108e-04 
2016  12  29   9  30   0  2.4901495987833668e-04 
2016  12  29  10   0   0  2.5755849421579396e-04 
2016  12  29  10  30   0  2.8288565977437714e-04 
2016  12  29  11   0   0  2.6829333264789259e-04 
2016  12  29  11  30   0  2.8059048071223954e-04 
2016  12  29  12   0   0  3.1347225854496335e-04 
2016  12  29  12  30   0  3.4256151169455431e-04 
2016  12  29  13   0   0  3.3981630575542109e-04 
2016  12  29  13  30   0  3.5607446770406190e-04 
2016  12  29  14   0   0  3.6999354833545684e-04 
2016  12  29  14  30   0  3.5373564616901406e-04 
2016  12  29  15   0   0  3.4822869117320777e-04 
2016  12  29  15  30   0  3.3458990227677238e-04 
2016  12  29  16   0   0  3.2217130767759315e-04 
2016  12  29  16  30   0  3.2551567275601546e-04 
2016  12  29  17   0   0  3.2333113481948495e-04 
2016  12  29  17  30   0  3.2668349321691103e-04 
2016  12  29  18   0   0  3.3070774512126055e-04 
2016  12  29  18  30   0  3.3172321464210104e-04 
2016  12  29  19   0   0  3.3097837143781594e-04 
2016  12  29  19  30   0  3.2788817993618669e-04 
2016  12  29  20   0   0  3.2467371018056956e-04 
2016  12  29  20  30   0  3.3106673700549166e-04 
2016  12  29  21   0   0  3.2599153580617637e-04 
2016  12  29  21  30   0  3.1816520835436000e-04 
2016  12  29  22   0   0  3.2095527450451964e-04 
2016  12  29  22  30   0  3.2316742836486936e-04 
2016  12  29  23   0   0  3.2742868897410758e-04 
2016  12  29  23  30   0  3.2309078282908595e-04 
2016  12  30   0   0   0  3.1805294953058880e-04 
2016  12  30   0  30   0  3.1814739462948367e-04 
2016  12  30   1   0   0  3.1154388225680825e-04 
2016  12  30   1  30   0  3.2051973217133871e-04 
2016  12  30   2   0   0  3.2616152283089159e-04 
2016  12  30   2  30   0  3.1713012028318109e-04 
2016  12  30   3   0   0  3.1302810142923499e-04 
2016  12  30   3  30   0  3.1249948785643802e-04 
2016  12  30   4   0   0  3.0856707137623401e-04 
2016  12  30   4  30   0  2.8186063905460902e-04 
2016  12  30   5   0   0  2.6279478962083818e-04 
2016  12  30   5  30   0  2.5254479621629277e-04 
2016  12  30   6   0   0  2.5000898799788638e-04 
2016  12  30   6  30   0  2.5315388348329352e-04 
2016  12  30   7   0   0  2.4302283933881985e-04 
2016  12  30   7  30   0  2.1555523097384840e-04 
2016  12  30   8   0   0  2.0433429456059312e-04 
2016  12  30   8  30   0  1.9562965576549017e-04 
2016  12  30   9   0   0  1.8222439196246071e-04 
2016  12  30   9  30   0  2.0539138015645086e-04 
2016  12  30  10   0   0  2.3026615076748538e-04 
2016  12  30  10  30   0  2.2445844322955934e-04 
2016  12  30  11   0   0  2.1779347320079583e-04 
2016  12  30  11  30   0  2.2733736311458894e-04 
2016  12  30  12   0   0  2.3615852463615669e-04 
2016  12  30  12  30   0  2.6325859656215633e-04 
2016  12  30  13   0   0  2.8986454535774673e-04 
2016  12  30  13  30   0  3.1098635790130697e-04 
2016  12  30  14   0   0  3.2930179033563970e-04 
2016  12  30  14  30   0  3.3406159439818326e-04 
2016  12  30  15   0   0  3.4616869664189711e-04 
2016  12  30  15  30   0  3.7499070989023157e-04 
2016  12  30  16   0   0  3.7703255334039858e-04 
2016  12  30  16  30   0  3.8639726432892346e-04 
2016  12  30  17   0   0  3.9946129661011412e-04 
2016  12  30  17  30   0  3.9460509776877769e-04 
2016  12  30  18   0   0  3.7275229647788024e-04 
2016  12  30  18  30   0  3.4976161495673021e-04 
2016  12  30  19   0   0  3.2192268980556395e-04 
2016  12  30  19  30   0  3.0126477609337938e-04 
2016  12  30  20   0   0  2.8887535722310663e-04 
2016  12  30  20  30   0  2.8478283660804182e-04 
2016  12  30  21   0   0  2.8172380592418356e-04 
2016  12  30  21  30   0  2.8279129450990719e-04 
2016  12  30  22   0   0  2.7810076568877333e-04 
2016  12  30  22  30   0  2.7218840227584331e-04 
2016  12  30  23   0   0  2.7090154671586321e-04 
2016  12  30  23  30   0  2.7067765849585863e-04 
2016  12  31   0   0   0  2.9047239667720335e-04 
2016  12  31   0  30   0  2.8344734514560956e-04 
2016  12  31   1   0   0  2.8289090001392157e-04 
2016  12  31   1  30   0  2.8838095820470495e-04 
2016  12  31   2   0   0  2.8790824546894765e-04 
2016  12  31   2  30   0  2.8116622242010844e-04 
2016  12  31   3   0   0  2.8033554147655347e-04 
2016  12  31   3  30   0  2.8557352371548234e-04 
2016  12  31   4   0   0  2.8501322621112002e-04 
2016  12  31   4  30   0  2.8445228209590949e-04 
2016  12  31   5   0   0  2.7775349221393231e-04 
2016  12  31   5  30   0  2.7768160452871767e-04 
2016  12  31   6   0   0  2.8418013676502946e-04 
2016  12  31   6  30   0  2.8482575595990166e-04 
2016  12  31   7   0   0  2.8553630224484073e-04 
2016  12  31   7  30   0  2.7964347702813606e-04 
2016  12  31   8   0   0  2.8039482106085873e-04 
2016  12  31   8  30   0  2.8173056104918384e-04 
2016  12  31   9   0   0  2.8333838405648313e-04 
2016  12  31   9  30   0  2.8511822436085694e-04 
2016  12  31  10   0   0  2.8722044325479184e-04 
2016  12  31  10  30   0  2.8888502063642997e-04 
2016  12  31  11   0   0  2.9008798751571462e-04 
2016  12  31  11  30   0  2.9145142283613587e-04 
2016  12  31  12   0   0  2.9296848426430260e-04 
2016  12  31  12  30   0  2.9431539745355316e-04 
2016  12  31  13   0   0  2.9552756990709598e-04 
2016  12  31  13  30   0  2.9622303620118753e-04 
2016  12  31  14   0   0  2.9641101956972014e-04 
2016  12  31  14  30   0  2.9626616544926285e-04 
2016  12  31  15   0   0  2.9583806748091597e-04 
2016  12  31  15  30   0  2.9529006846263620e-04 
2016  12  31  16   0   0  2.9450967280783509e-04 
2016  12  31  16  30   0  2.9315534637308665e-04 
2016  12  31  17   0   0  2.9175086873393436e-04 
2016  12  31  17  30   0  2.9013931134082857e-04 
2016  12  31  18   0   0  2.8819735794731292e-04 
2016  12  31  18  30   0  2.8632846906288627e-04 
2016  12  31  19   0   0  2.8485068657541242e-04 
2016  12  31  19  30   0  2.8719365163083809e-04 
2016  12  31  20   0   0  2.8332370212896845e-04 
2016  12  31  20  30   0  2.8315680038727204e-04 
2016  12  31  21   0   0  2.8328377982563116e-04 
2016  12  31  21  30   0  2.8347293852719921e-04 
2016  12  31  22   0   0  2.8600714972972852e-04 
2016  12  31  22  30   0  2.8607277942809217e-04 
2016  12  31  23   0   0  2.8623547358603738e-04 
2016  12  31  23  30   0  2.8652214851073528e-04 
2017   1   1   0   0   0  2.8652214851073528e-04 
