   0   0   0   0   0   0  0.001458 
2016  12   1   0   0   0  1.4576265510521337e-03 
2016  12   1   0  30   0  1.0786831342838481e-03 
2016  12   1   1   0   0  9.5757228882352853e-04 
2016  12   1   1  30   0  8.6425061763437474e-04 
2016  12   1   2   0   0  7.6599780954665273e-04 
2016  12   1   2  30   0  7.2881520230886113e-04 
2016  12   1   3   0   0  6.4862294826656430e-04 
2016  12   1   3  30   0  5.2188535398937648e-04 
2016  12   1   4   0   0  7.1862084186780214e-04 
2016  12   1   4  30   0  7.0757773784581204e-04 
2016  12   1   5   0   0  8.2876265305981101e-04 
2016  12   1   5  30   0  8.0454428312844075e-04 
2016  12   1   6   0   0  8.3740786404247350e-04 
2016  12   1   6  30   0  6.6914773815394425e-04 
2016  12   1   7   0   0  7.4021140448315677e-04 
2016  12   1   7  30   0  7.5333727755408039e-04 
2016  12   1   8   0   0  6.9956224891594789e-04 
2016  12   1   8  30   0  7.3974523325282785e-04 
2016  12   1   9   0   0  8.4470740687620221e-04 
2016  12   1   9  30   0  9.0320273447817032e-04 
2016  12   1  10   0   0  9.7248535640279078e-04 
2016  12   1  10  30   0  1.0403456007320626e-03 
2016  12   1  11   0   0  1.1357150654191797e-03 
2016  12   1  11  30   0  1.2101690484972076e-03 
2016  12   1  12   0   0  1.3543234058721496e-03 
2016  12   1  12  30   0  1.4010846341403664e-03 
2016  12   1  13   0   0  1.5607794977534879e-03 
2016  12   1  13  30   0  1.8991985501732485e-03 
2016  12   1  14   0   0  1.8442681864438766e-03 
2016  12   1  14  30   0  1.9193043100621606e-03 
2016  12   1  15   0   0  2.2123339355437210e-03 
2016  12   1  15  30   0  2.1824358841624476e-03 
2016  12   1  16   0   0  1.8571119301767777e-03 
2016  12   1  16  30   0  2.1676155626837493e-03 
2016  12   1  17   0   0  2.4971533885197418e-03 
2016  12   1  17  30   0  3.3043201725012419e-03 
2016  12   1  18   0   0  2.5545037684685107e-03 
2016  12   1  18  30   0  1.9704884231461755e-03 
2016  12   1  19   0   0  1.8501363691304448e-03 
2016  12   1  19  30   0  2.0761958852476762e-03 
2016  12   1  20   0   0  1.7150433504760352e-03 
2016  12   1  20  30   0  3.7093945464670196e-03 
2016  12   1  21   0   0  4.6145006766511037e-03 
2016  12   1  21  30   0  4.8230343591912639e-03 
2016  12   1  22   0   0  4.7753374233160265e-03 
2016  12   1  22  30   0  6.0711220689753124e-03 
2016  12   1  23   0   0  8.0427547197494571e-03 
2016  12   1  23  30   0  9.0186134468189429e-03 
2016  12   2   0   0   0  8.8245210273977682e-03 
2016  12   2   0  30   0  8.9047241847120644e-03 
2016  12   2   1   0   0  8.4319153471730940e-03 
2016  12   2   1  30   0  7.9133971594855038e-03 
2016  12   2   2   0   0  7.6334742402423949e-03 
2016  12   2   2  30   0  6.4842070706060198e-03 
2016  12   2   3   0   0  4.3319376434955139e-03 
2016  12   2   3  30   0  3.0998230440129520e-03 
2016  12   2   4   0   0  3.3279558613501735e-03 
2016  12   2   4  30   0  3.7414793933636028e-03 
2016  12   2   5   0   0  3.9131846228368794e-03 
2016  12   2   5  30   0  3.1612693743078677e-03 
2016  12   2   6   0   0  2.9002175540749735e-03 
2016  12   2   6  30   0  2.6347411765126685e-03 
2016  12   2   7   0   0  2.5768214053559428e-03 
2016  12   2   7  30   0  2.2947377250516687e-03 
2016  12   2   8   0   0  2.0078688329516091e-03 
2016  12   2   8  30   0  2.0250905822133216e-03 
2016  12   2   9   0   0  1.9245288750667244e-03 
2016  12   2   9  30   0  1.7517691050802748e-03 
2016  12   2  10   0   0  1.6829646187569421e-03 
2016  12   2  10  30   0  1.6018555917865359e-03 
2016  12   2  11   0   0  1.5341619530776247e-03 
2016  12   2  11  30   0  1.4698941349770888e-03 
2016  12   2  12   0   0  1.4087939847580140e-03 
2016  12   2  12  30   0  1.4060795159776607e-03 
2016  12   2  13   0   0  1.7617771308803365e-03 
2016  12   2  13  30   0  1.8799796887259733e-03 
2016  12   2  14   0   0  1.9753281061211619e-03 
2016  12   2  14  30   0  2.2473187432597084e-03 
2016  12   2  15   0   0  2.2634728576941027e-03 
2016  12   2  15  30   0  2.0722814011845188e-03 
2016  12   2  16   0   0  1.1338314029228000e-03 
2016  12   2  16  30   0  8.0023095246144725e-04 
2016  12   2  17   0   0  1.0445697014940291e-03 
2016  12   2  17  30   0  1.1141372106194857e-03 
2016  12   2  18   0   0  1.1096906301004451e-03 
2016  12   2  18  30   0  1.1369001082550212e-03 
2016  12   2  19   0   0  1.0709963922159174e-03 
2016  12   2  19  30   0  1.2653903395370338e-03 
2016  12   2  20   0   0  1.4673469600329603e-03 
2016  12   2  20  30   0  1.6841570041516722e-03 
2016  12   2  21   0   0  1.6766595796724761e-03 
2016  12   2  21  30   0  1.6393197421107092e-03 
2016  12   2  22   0   0  1.4480608911367594e-03 
2016  12   2  22  30   0  1.2745215970338358e-03 
2016  12   2  23   0   0  1.3067678647011032e-03 
2016  12   2  23  30   0  1.3410678080040383e-03 
2016  12   3   0   0   0  1.2460089154024147e-03 
2016  12   3   0  30   0  1.0849114620696742e-03 
2016  12   3   1   0   0  1.0154958459341413e-03 
2016  12   3   1  30   0  1.1567839177681095e-03 
2016  12   3   2   0   0  1.2656277683279484e-03 
2016  12   3   2  30   0  1.3089704612987720e-03 
2016  12   3   3   0   0  1.2432429799827949e-03 
2016  12   3   3  30   0  1.2036647530479752e-03 
2016  12   3   4   0   0  1.1150016392933140e-03 
2016  12   3   4  30   0  1.1046369745533163e-03 
2016  12   3   5   0   0  1.1197271462092832e-03 
2016  12   3   5  30   0  1.1145027620269438e-03 
2016  12   3   6   0   0  1.1252419545323324e-03 
2016  12   3   6  30   0  1.1687086898367562e-03 
2016  12   3   7   0   0  1.2552195270993547e-03 
2016  12   3   7  30   0  1.3446667954189367e-03 
2016  12   3   8   0   0  1.3502853498514797e-03 
2016  12   3   8  30   0  1.3977211926702710e-03 
2016  12   3   9   0   0  1.4407315717801952e-03 
2016  12   3   9  30   0  1.6463888763705236e-03 
2016  12   3  10   0   0  1.6631483956791025e-03 
2016  12   3  10  30   0  1.6460736752642151e-03 
2016  12   3  11   0   0  1.6268400730815788e-03 
2016  12   3  11  30   0  1.6194094126491436e-03 
2016  12   3  12   0   0  1.7640838123650442e-03 
2016  12   3  12  30   0  1.6809345997977456e-03 
2016  12   3  13   0   0  1.5990283629035704e-03 
2016  12   3  13  30   0  1.5568372763037782e-03 
2016  12   3  14   0   0  1.4699361805171761e-03 
2016  12   3  14  30   0  1.5138170048862841e-03 
2016  12   3  15   0   0  1.5726080546604527e-03 
2016  12   3  15  30   0  1.5944618296013977e-03 
2016  12   3  16   0   0  1.5833292360152061e-03 
2016  12   3  16  30   0  1.6879345193042781e-03 
2016  12   3  17   0   0  2.0404871345744650e-03 
2016  12   3  17  30   0  1.9617672566860709e-03 
2016  12   3  18   0   0  1.9507129086676191e-03 
2016  12   3  18  30   0  1.9651759229405569e-03 
2016  12   3  19   0   0  2.0571268208214892e-03 
2016  12   3  19  30   0  2.1909432418812940e-03 
2016  12   3  20   0   0  2.2916247093440686e-03 
2016  12   3  20  30   0  2.6666483978490360e-03 
2016  12   3  21   0   0  2.7135789570289092e-03 
2016  12   3  21  30   0  2.6788667940717387e-03 
2016  12   3  22   0   0  2.8683537554040810e-03 
2016  12   3  22  30   0  2.9031102709509721e-03 
2016  12   3  23   0   0  2.6656727960608206e-03 
2016  12   3  23  30   0  2.3976387586417689e-03 
2016  12   4   0   0   0  2.2022717019001036e-03 
2016  12   4   0  30   0  2.1844188658932022e-03 
2016  12   4   1   0   0  2.8067265069706775e-03 
2016  12   4   1  30   0  3.0662809043534834e-03 
2016  12   4   2   0   0  3.1934978153832358e-03 
2016  12   4   2  30   0  3.1930269964518172e-03 
2016  12   4   3   0   0  3.3021919420949380e-03 
2016  12   4   3  30   0  3.4108193158013697e-03 
2016  12   4   4   0   0  3.3176130384344198e-03 
2016  12   4   4  30   0  3.3454386561860977e-03 
2016  12   4   5   0   0  3.2600134203406715e-03 
2016  12   4   5  30   0  3.1279371968682594e-03 
2016  12   4   6   0   0  3.1214753463468820e-03 
2016  12   4   6  30   0  3.1179076546539049e-03 
2016  12   4   7   0   0  2.9043603160160444e-03 
2016  12   4   7  30   0  2.8344973839208114e-03 
2016  12   4   8   0   0  2.8590221131930753e-03 
2016  12   4   8  30   0  2.5871637492744350e-03 
2016  12   4   9   0   0  2.6420332885756675e-03 
2016  12   4   9  30   0  3.1398948298749798e-03 
2016  12   4  10   0   0  2.9287441693140342e-03 
2016  12   4  10  30   0  2.6258091928247429e-03 
2016  12   4  11   0   0  2.4819768084626014e-03 
2016  12   4  11  30   0  2.1671712636691740e-03 
2016  12   4  12   0   0  1.8520716229240188e-03 
2016  12   4  12  30   0  1.9210358509572927e-03 
2016  12   4  13   0   0  2.2313561470061068e-03 
2016  12   4  13  30   0  3.1333539475959793e-03 
2016  12   4  14   0   0  4.0575966482034129e-03 
2016  12   4  14  30   0  3.8994533793032904e-03 
2016  12   4  15   0   0  3.5070579395811660e-03 
2016  12   4  15  30   0  3.4361328732681958e-03 
2016  12   4  16   0   0  3.2248888654722325e-03 
2016  12   4  16  30   0  2.9444343326268368e-03 
2016  12   4  17   0   0  2.7392616691131856e-03 
2016  12   4  17  30   0  2.8460118607057088e-03 
2016  12   4  18   0   0  3.0600485411349065e-03 
2016  12   4  18  30   0  3.0583725771033878e-03 
2016  12   4  19   0   0  2.5039176833014857e-03 
2016  12   4  19  30   0  2.1988351655467609e-03 
2016  12   4  20   0   0  2.1816448644687621e-03 
2016  12   4  20  30   0  1.9855467645586936e-03 
2016  12   4  21   0   0  1.8651716738571032e-03 
2016  12   4  21  30   0  2.2113110906759360e-03 
2016  12   4  22   0   0  2.4792386505441784e-03 
2016  12   4  22  30   0  2.3975615174572427e-03 
2016  12   4  23   0   0  2.1288007573240374e-03 
2016  12   4  23  30   0  2.0203347947905441e-03 
2016  12   5   0   0   0  1.8701551820232110e-03 
2016  12   5   0  30   0  1.5933554408178552e-03 
2016  12   5   1   0   0  1.3789327453236839e-03 
2016  12   5   1  30   0  1.2930844375280198e-03 
2016  12   5   2   0   0  1.2011337163056741e-03 
2016  12   5   2  30   0  1.1370700765370532e-03 
2016  12   5   3   0   0  1.0998408952378274e-03 
2016  12   5   3  30   0  9.0939869612825829e-04 
2016  12   5   4   0   0  7.9410120702090158e-04 
2016  12   5   4  30   0  7.8112829400569909e-04 
2016  12   5   5   0   0  6.8830842048276243e-04 
2016  12   5   5  30   0  8.8247703601333424e-04 
2016  12   5   6   0   0  4.3508716134185997e-04 
2016  12   5   6  30   0  4.2966130918017551e-04 
2016  12   5   7   0   0  4.1964076900457534e-04 
2016  12   5   7  30   0  4.1225854527541307e-04 
2016  12   5   8   0   0  4.0401156164444175e-04 
2016  12   5   8  30   0  3.6057239862455473e-04 
2016  12   5   9   0   0  5.4060429824367799e-04 
2016  12   5   9  30   0  7.8529263335341858e-04 
2016  12   5  10   0   0  8.3215762895613070e-04 
2016  12   5  10  30   0  7.0508965399370782e-04 
2016  12   5  11   0   0  9.5675553687486444e-04 
2016  12   5  11  30   0  7.3081256850296135e-04 
2016  12   5  12   0   0  7.0445548915948493e-04 
2016  12   5  12  30   0  7.6663964527019898e-04 
2016  12   5  13   0   0  7.9748963933342623e-04 
2016  12   5  13  30   0  9.8160305029639070e-04 
2016  12   5  14   0   0  7.8370717854027536e-04 
2016  12   5  14  30   0  7.9896999705563918e-04 
2016  12   5  15   0   0  7.0916142347675706e-04 
2016  12   5  15  30   0  6.9789826960375682e-04 
2016  12   5  16   0   0  8.4130860885093910e-04 
2016  12   5  16  30   0  1.1451269659973325e-03 
2016  12   5  17   0   0  1.3536492330260628e-03 
2016  12   5  17  30   0  1.7314198753030938e-03 
2016  12   5  18   0   0  2.0728283454001903e-03 
2016  12   5  18  30   0  2.1093052795453800e-03 
2016  12   5  19   0   0  2.1746800991856124e-03 
2016  12   5  19  30   0  1.9308820439014143e-03 
2016  12   5  20   0   0  1.7883550425510757e-03 
2016  12   5  20  30   0  1.8079265694403105e-03 
2016  12   5  21   0   0  1.7907714910361950e-03 
2016  12   5  21  30   0  1.7686540583480485e-03 
2016  12   5  22   0   0  1.8349303979045546e-03 
2016  12   5  22  30   0  1.7172985006366273e-03 
2016  12   5  23   0   0  1.7015943396012348e-03 
2016  12   5  23  30   0  1.6404025815262952e-03 
2016  12   6   0   0   0  1.5945719638068112e-03 
2016  12   6   0  30   0  1.5929737092912168e-03 
2016  12   6   1   0   0  1.5636104922402607e-03 
2016  12   6   1  30   0  1.5821151799551153e-03 
2016  12   6   2   0   0  1.6164897551321092e-03 
2016  12   6   2  30   0  1.5568779912088690e-03 
2016  12   6   3   0   0  1.6142031416991603e-03 
2016  12   6   3  30   0  1.6664947035811063e-03 
2016  12   6   4   0   0  1.6286807454944272e-03 
2016  12   6   4  30   0  1.6715979921294764e-03 
2016  12   6   5   0   0  1.7006582906435419e-03 
2016  12   6   5  30   0  1.7505348604325087e-03 
2016  12   6   6   0   0  1.8232227211187318e-03 
2016  12   6   6  30   0  1.8930503113905788e-03 
2016  12   6   7   0   0  1.9592080965668891e-03 
2016  12   6   7  30   0  2.0834441570122307e-03 
2016  12   6   8   0   0  2.0857334509563003e-03 
2016  12   6   8  30   0  2.2690777241368156e-03 
2016  12   6   9   0   0  2.3306657715543660e-03 
2016  12   6   9  30   0  2.4928318376590090e-03 
2016  12   6  10   0   0  2.5946439961886379e-03 
2016  12   6  10  30   0  2.8211468486082415e-03 
2016  12   6  11   0   0  2.5115072076066377e-03 
2016  12   6  11  30   0  3.2103665458931450e-03 
2016  12   6  12   0   0  5.3459388986570955e-03 
2016  12   6  12  30   0  3.9438072201287179e-03 
2016  12   6  13   0   0  3.2866835480386595e-03 
2016  12   6  13  30   0  3.4386643495318884e-03 
2016  12   6  14   0   0  2.9695839824511600e-03 
2016  12   6  14  30   0  2.9245875700384056e-03 
2016  12   6  15   0   0  2.6728512425469764e-03 
2016  12   6  15  30   0  2.6853625180563328e-03 
2016  12   6  16   0   0  2.5326313503600613e-03 
2016  12   6  16  30   0  2.5093219478644208e-03 
2016  12   6  17   0   0  2.5486710676060334e-03 
2016  12   6  17  30   0  2.6671891434983728e-03 
2016  12   6  18   0   0  2.6518373121454000e-03 
2016  12   6  18  30   0  3.0195388232303515e-03 
2016  12   6  19   0   0  3.1308079463302891e-03 
2016  12   6  19  30   0  2.8291789145357188e-03 
2016  12   6  20   0   0  3.1185564672461565e-03 
2016  12   6  20  30   0  3.2796823035278790e-03 
2016  12   6  21   0   0  3.2239115584959156e-03 
2016  12   6  21  30   0  3.2045610627459220e-03 
2016  12   6  22   0   0  3.2709094124291596e-03 
2016  12   6  22  30   0  3.0197733708079537e-03 
2016  12   6  23   0   0  3.7778020579569129e-03 
2016  12   6  23  30   0  3.9343070131161537e-03 
2016  12   7   0   0   0  3.3822823722548631e-03 
2016  12   7   0  30   0  2.8648982746129767e-03 
2016  12   7   1   0   0  2.4665573658635780e-03 
2016  12   7   1  30   0  2.4321405215283671e-03 
2016  12   7   2   0   0  2.3750979643593221e-03 
2016  12   7   2  30   0  2.3653235149606973e-03 
2016  12   7   3   0   0  2.3548927122833169e-03 
2016  12   7   3  30   0  2.2443152173716651e-03 
2016  12   7   4   0   0  2.4339171720622857e-03 
2016  12   7   4  30   0  2.8984650172318260e-03 
2016  12   7   5   0   0  3.0396436413367305e-03 
2016  12   7   5  30   0  3.0441937346972268e-03 
2016  12   7   6   0   0  3.0699316514952871e-03 
2016  12   7   6  30   0  3.1605440582068408e-03 
2016  12   7   7   0   0  3.1341531554747435e-03 
2016  12   7   7  30   0  3.4056359086183682e-03 
2016  12   7   8   0   0  3.4935377109880051e-03 
2016  12   7   8  30   0  3.2313069397563103e-03 
2016  12   7   9   0   0  3.0657503069059641e-03 
2016  12   7   9  30   0  3.0473531383066604e-03 
2016  12   7  10   0   0  2.7306861342389767e-03 
2016  12   7  10  30   0  2.7392977046888679e-03 
2016  12   7  11   0   0  2.7294960216051015e-03 
2016  12   7  11  30   0  3.2642227665680319e-03 
2016  12   7  12   0   0  2.6111149681965766e-03 
2016  12   7  12  30   0  2.4634414609483882e-03 
2016  12   7  13   0   0  2.4809773633383972e-03 
2016  12   7  13  30   0  2.4560144120269038e-03 
2016  12   7  14   0   0  2.3304186275053245e-03 
2016  12   7  14  30   0  2.1946471957962192e-03 
2016  12   7  15   0   0  2.0788238287470823e-03 
2016  12   7  15  30   0  2.2114753345106289e-03 
2016  12   7  16   0   0  2.3715209924417501e-03 
2016  12   7  16  30   0  2.0631922481357460e-03 
2016  12   7  17   0   0  2.2692321545103675e-03 
2016  12   7  17  30   0  2.3225573178743248e-03 
2016  12   7  18   0   0  2.4724756290792731e-03 
2016  12   7  18  30   0  2.1094822747127822e-03 
2016  12   7  19   0   0  2.0305924097423263e-03 
2016  12   7  19  30   0  1.9628272652525238e-03 
2016  12   7  20   0   0  1.8487329620928564e-03 
2016  12   7  20  30   0  1.9504511376770648e-03 
2016  12   7  21   0   0  2.0945347674900029e-03 
2016  12   7  21  30   0  2.3812675834676135e-03 
2016  12   7  22   0   0  2.9430272225029123e-03 
2016  12   7  22  30   0  3.2247269948645551e-03 
2016  12   7  23   0   0  3.5415371469850136e-03 
2016  12   7  23  30   0  3.6561609164325057e-03 
2016  12   8   0   0   0  3.6006138773475751e-03 
2016  12   8   0  30   0  3.3820940784166521e-03 
2016  12   8   1   0   0  3.0366476219504768e-03 
2016  12   8   1  30   0  2.5825685392755239e-03 
2016  12   8   2   0   0  2.2359151170756706e-03 
2016  12   8   2  30   0  1.7668378212451631e-03 
2016  12   8   3   0   0  1.6145799638789438e-03 
2016  12   8   3  30   0  1.5770145132630528e-03 
2016  12   8   4   0   0  1.7365084046710411e-03 
2016  12   8   4  30   0  1.4171414316716390e-03 
2016  12   8   5   0   0  1.0376112366526408e-03 
2016  12   8   5  30   0  1.0145831934400397e-03 
2016  12   8   6   0   0  1.1977254018871908e-03 
2016  12   8   6  30   0  1.2184329567949497e-03 
2016  12   8   7   0   0  1.2451232994442098e-03 
2016  12   8   7  30   0  1.1161334976498357e-03 
2016  12   8   8   0   0  1.0442685931206738e-03 
2016  12   8   8  30   0  1.1626469576120286e-03 
2016  12   8   9   0   0  1.3195962337029547e-03 
2016  12   8   9  30   0  1.2133590838608746e-03 
2016  12   8  10   0   0  1.0186985273161109e-03 
2016  12   8  10  30   0  9.8612044510214660e-04 
2016  12   8  11   0   0  9.5332229857581538e-04 
2016  12   8  11  30   0  1.8581363804698017e-03 
2016  12   8  12   0   0  2.5930747931276333e-03 
2016  12   8  12  30   0  2.8605588512679858e-03 
2016  12   8  13   0   0  2.9894618904982026e-03 
2016  12   8  13  30   0  3.2738446555840906e-03 
2016  12   8  14   0   0  2.8028392515989748e-03 
2016  12   8  14  30   0  2.6423358951831004e-03 
2016  12   8  15   0   0  2.6454241472619656e-03 
2016  12   8  15  30   0  2.3249557439913070e-03 
2016  12   8  16   0   0  2.2612727507172409e-03 
2016  12   8  16  30   0  2.7063843651477606e-03 
2016  12   8  17   0   0  2.5725218866366928e-03 
2016  12   8  17  30   0  1.9343740773129878e-03 
2016  12   8  18   0   0  1.7232082402827583e-03 
2016  12   8  18  30   0  1.6129485666992215e-03 
2016  12   8  19   0   0  1.5680968134291499e-03 
2016  12   8  19  30   0  9.9499598383145428e-04 
2016  12   8  20   0   0  1.1246421143457845e-03 
2016  12   8  20  30   0  1.0906430210142505e-03 
2016  12   8  21   0   0  1.1224146666468685e-03 
2016  12   8  21  30   0  1.0876213892163577e-03 
2016  12   8  22   0   0  1.1545407155240689e-03 
2016  12   8  22  30   0  1.2585762012523932e-03 
2016  12   8  23   0   0  7.0544069882977117e-04 
2016  12   8  23  30   0  6.8557295161332976e-04 
2016  12   9   0   0   0  8.3191261432806604e-04 
2016  12   9   0  30   0  9.7417082520179492e-04 
2016  12   9   1   0   0  1.1923630726576148e-03 
2016  12   9   1  30   0  1.5434835595310248e-03 
2016  12   9   2   0   0  1.8029940580198659e-03 
2016  12   9   2  30   0  1.9228061726342695e-03 
2016  12   9   3   0   0  1.8286573370806692e-03 
2016  12   9   3  30   0  1.9120593681776685e-03 
2016  12   9   4   0   0  1.9320309650192259e-03 
2016  12   9   4  30   0  1.8799796310720984e-03 
2016  12   9   5   0   0  1.8408897040327057e-03 
2016  12   9   5  30   0  1.6299822617759985e-03 
2016  12   9   6   0   0  1.5149249376557954e-03 
2016  12   9   6  30   0  1.5038905189429836e-03 
2016  12   9   7   0   0  1.5678110396434991e-03 
2016  12   9   7  30   0  1.4386669445866590e-03 
2016  12   9   8   0   0  1.5320458122381278e-03 
2016  12   9   8  30   0  1.6133605330882011e-03 
2016  12   9   9   0   0  1.6564972345969218e-03 
2016  12   9   9  30   0  1.7207394006123749e-03 
2016  12   9  10   0   0  1.6594734874615094e-03 
2016  12   9  10  30   0  1.6615672697208026e-03 
2016  12   9  11   0   0  1.5621442365942697e-03 
2016  12   9  11  30   0  1.5295389006163315e-03 
2016  12   9  12   0   0  1.5076148634960396e-03 
2016  12   9  12  30   0  1.4614529659922441e-03 
2016  12   9  13   0   0  1.6168906596118976e-03 
2016  12   9  13  30   0  1.9676943595082412e-03 
2016  12   9  14   0   0  2.0527984251689376e-03 
2016  12   9  14  30   0  2.0543327169968866e-03 
2016  12   9  15   0   0  1.7864869706439141e-03 
2016  12   9  15  30   0  1.9525056716463271e-03 
2016  12   9  16   0   0  1.8195949114283530e-03 
2016  12   9  16  30   0  1.1436725598807228e-03 
2016  12   9  17   0   0  1.1122981827095539e-03 
2016  12   9  17  30   0  9.2257469867249964e-04 
2016  12   9  18   0   0  9.1252487285921270e-04 
2016  12   9  18  30   0  1.1046908984348920e-03 
2016  12   9  19   0   0  1.1363192193130584e-03 
2016  12   9  19  30   0  1.1436492456010962e-03 
2016  12   9  20   0   0  1.2546648623632335e-03 
2016  12   9  20  30   0  1.4880306437014047e-03 
2016  12   9  21   0   0  1.5309638568119640e-03 
2016  12   9  21  30   0  1.5223449740382161e-03 
2016  12   9  22   0   0  1.6669655423701662e-03 
2016  12   9  22  30   0  1.9688212895511794e-03 
2016  12   9  23   0   0  2.1652208643693272e-03 
2016  12   9  23  30   0  2.0075193009540756e-03 
2016  12  10   0   0   0  1.8098447156566630e-03 
2016  12  10   0  30   0  1.5567992702547251e-03 
2016  12  10   1   0   0  1.2845881507633767e-03 
2016  12  10   1  30   0  1.1937214154240580e-03 
2016  12  10   2   0   0  1.0835909503602212e-03 
2016  12  10   2  30   0  9.9261486583400449e-04 
2016  12  10   3   0   0  9.7066186374037951e-04 
2016  12  10   3  30   0  9.7428700381815196e-04 
2016  12  10   4   0   0  9.4880507265866320e-04 
2016  12  10   4  30   0  1.0425708618131053e-03 
2016  12  10   5   0   0  1.1137583102007356e-03 
2016  12  10   5  30   0  1.0153405691333765e-03 
2016  12  10   6   0   0  1.0029059895554093e-03 
2016  12  10   6  30   0  1.0914111043257662e-03 
2016  12  10   7   0   0  1.0273609628926391e-03 
2016  12  10   7  30   0  9.8204939294500859e-04 
2016  12  10   8   0   0  9.9263499682225348e-04 
2016  12  10   8  30   0  1.0458529122727555e-03 
2016  12  10   9   0   0  1.1586750017748202e-03 
2016  12  10   9  30   0  1.0372215833263369e-03 
2016  12  10  10   0   0  9.5560870509236529e-04 
2016  12  10  10  30   0  8.7182722355237576e-04 
2016  12  10  11   0   0  8.1009014609196499e-04 
2016  12  10  11  30   0  7.5767168549207209e-04 
2016  12  10  12   0   0  7.3402020413354909e-04 
2016  12  10  12  30   0  7.8462770213091903e-04 
2016  12  10  13   0   0  1.0717143946621518e-03 
2016  12  10  13  30   0  1.1087706047841698e-03 
2016  12  10  14   0   0  8.9462307600267777e-04 
2016  12  10  14  30   0  9.0425506389427298e-04 
2016  12  10  15   0   0  1.0231015158764505e-03 
2016  12  10  15  30   0  1.1221676454621144e-03 
2016  12  10  16   0   0  1.1931340265124457e-03 
2016  12  10  16  30   0  1.2759396516379415e-03 
2016  12  10  17   0   0  1.2961036133638847e-03 
2016  12  10  17  30   0  1.3529778258880489e-03 
2016  12  10  18   0   0  1.3992253771246900e-03 
2016  12  10  18  30   0  1.7057958445803355e-03 
2016  12  10  19   0   0  2.0516971655629521e-03 
2016  12  10  19  30   0  1.6874502567084321e-03 
2016  12  10  20   0   0  1.6047560615003299e-03 
2016  12  10  20  30   0  1.6025479666284307e-03 
2016  12  10  21   0   0  1.6088267778859003e-03 
2016  12  10  21  30   0  1.5929373770874461e-03 
2016  12  10  22   0   0  1.5038449666923538e-03 
2016  12  10  22  30   0  1.5216990190038365e-03 
2016  12  10  23   0   0  1.4811427740071058e-03 
2016  12  10  23  30   0  1.4598679251851547e-03 
2016  12  11   0   0   0  1.4404723129379322e-03 
2016  12  11   0  30   0  1.4830988572568252e-03 
2016  12  11   1   0   0  1.3889464798737085e-03 
2016  12  11   1  30   0  1.3884531021786512e-03 
2016  12  11   2   0   0  1.4688291027501168e-03 
2016  12  11   2  30   0  1.4555870434198900e-03 
2016  12  11   3   0   0  1.3021777278145227e-03 
2016  12  11   3  30   0  1.4063666706034842e-03 
2016  12  11   4   0   0  1.6299705780158235e-03 
2016  12  11   4  30   0  1.7085291769296772e-03 
2016  12  11   5   0   0  1.6816203160221967e-03 
2016  12  11   5  30   0  1.5011564039625822e-03 
2016  12  11   6   0   0  1.6984451824565521e-03 
2016  12  11   6  30   0  1.8942646525795957e-03 
2016  12  11   7   0   0  2.1117479078597342e-03 
2016  12  11   7  30   0  2.1931135600132623e-03 
2016  12  11   8   0   0  2.2038583460358492e-03 
2016  12  11   8  30   0  2.2662034146349033e-03 
2016  12  11   9   0   0  2.2498570041011769e-03 
2016  12  11   9  30   0  2.3139126758696393e-03 
2016  12  11  10   0   0  2.3837724317876813e-03 
2016  12  11  10  30   0  2.2467113412414112e-03 
2016  12  11  11   0   0  2.1531762706941595e-03 
2016  12  11  11  30   0  2.0541197050774527e-03 
2016  12  11  12   0   0  1.8513358108242543e-03 
2016  12  11  12  30   0  1.6190375668271759e-03 
2016  12  11  13   0   0  1.7172624719754017e-03 
2016  12  11  13  30   0  1.4882808189632089e-03 
2016  12  11  14   0   0  1.3700780082006273e-03 
2016  12  11  14  30   0  1.2361638386077808e-03 
2016  12  11  15   0   0  1.2443212532769171e-03 
2016  12  11  15  30   0  1.2249104803918661e-03 
2016  12  11  16   0   0  1.1974003996939200e-03 
2016  12  11  16  30   0  1.4602069804094463e-03 
2016  12  11  17   0   0  1.4504597998020279e-03 
2016  12  11  17  30   0  1.5393956973897603e-03 
2016  12  11  18   0   0  1.5907629406670095e-03 
2016  12  11  18  30   0  1.9163241662023291e-03 
2016  12  11  19   0   0  2.1504233381226612e-03 
2016  12  11  19  30   0  2.1380449435540734e-03 
2016  12  11  20   0   0  2.1134721210818693e-03 
2016  12  11  20  30   0  2.1782716550556511e-03 
2016  12  11  21   0   0  2.3658440171762632e-03 
2016  12  11  21  30   0  2.2288076234987506e-03 
2016  12  11  22   0   0  2.2775044693883273e-03 
2016  12  11  22  30   0  2.5271559453410629e-03 
2016  12  11  23   0   0  2.6313757319560631e-03 
2016  12  11  23  30   0  2.5112356053637744e-03 
2016  12  12   0   0   0  2.5336491971807112e-03 
2016  12  12   0  30   0  2.7207607495401452e-03 
2016  12  12   1   0   0  2.9945534533755594e-03 
2016  12  12   1  30   0  3.0075131469964140e-03 
2016  12  12   2   0   0  2.8530409698484032e-03 
2016  12  12   2  30   0  2.7373562271097648e-03 
2016  12  12   3   0   0  2.7413195494405550e-03 
2016  12  12   3  30   0  2.8123311812096085e-03 
2016  12  12   4   0   0  2.6535656909486291e-03 
2016  12  12   4  30   0  2.3623104936403164e-03 
2016  12  12   5   0   0  2.0543819824624951e-03 
2016  12  12   5  30   0  2.0430413736247390e-03 
2016  12  12   6   0   0  1.8708685822755606e-03 
2016  12  12   6  30   0  1.6130987407049560e-03 
2016  12  12   7   0   0  1.4804019064812678e-03 
2016  12  12   7  30   0  1.5653674387983859e-03 
2016  12  12   8   0   0  1.5357653755512640e-03 
2016  12  12   8  30   0  1.6123707142754445e-03 
2016  12  12   9   0   0  1.7670679726987340e-03 
2016  12  12   9  30   0  1.8706320259720393e-03 
2016  12  12  10   0   0  1.8551699832785949e-03 
2016  12  12  10  30   0  1.7955591923181052e-03 
2016  12  12  11   0   0  1.6940918751372845e-03 
2016  12  12  11  30   0  1.5590583045875081e-03 
2016  12  12  12   0   0  1.4990863327819751e-03 
2016  12  12  12  30   0  1.9637885267030745e-03 
2016  12  12  13   0   0  1.9654376778370608e-03 
2016  12  12  13  30   0  1.9725713347780688e-03 
2016  12  12  14   0   0  1.9769060054491755e-03 
2016  12  12  14  30   0  1.9895720996072155e-03 
2016  12  12  15   0   0  2.0040187905370679e-03 
2016  12  12  15  30   0  2.0187621419207116e-03 
2016  12  12  16   0   0  2.0378716194093863e-03 
2016  12  12  16  30   0  2.0559444396328584e-03 
2016  12  12  17   0   0  2.0739329847713033e-03 
2016  12  12  17  30   0  2.0874272493926730e-03 
2016  12  12  18   0   0  2.1008303758624841e-03 
2016  12  12  18  30   0  2.1143307325951735e-03 
2016  12  12  19   0   0  2.1254873832399945e-03 
2016  12  12  19  30   0  2.1282209730167775e-03 
2016  12  12  20   0   0  2.1295534828978742e-03 
2016  12  12  20  30   0  2.1279348216660370e-03 
2016  12  12  21   0   0  2.1292432095106864e-03 
2016  12  12  21  30   0  2.1283903477823285e-03 
2016  12  12  22   0   0  2.1250453545383838e-03 
2016  12  12  22  30   0  2.1258845466225556e-03 
2016  12  12  23   0   0  2.1217909846444893e-03 
2016  12  12  23  30   0  2.1119403800573433e-03 
2016  12  13   0   0   0  2.1036397410270054e-03 
2016  12  13   0  30   0  2.0966440379902541e-03 
2016  12  13   1   0   0  2.0864241359478224e-03 
2016  12  13   1  30   0  2.0771409113523281e-03 
2016  12  13   2   0   0  2.0590523625788597e-03 
2016  12  13   2  30   0  2.0420491984310678e-03 
2016  12  13   3   0   0  2.0267162253640968e-03 
2016  12  13   3  30   0  2.0194665605323607e-03 
2016  12  13   4   0   0  2.0054011266112805e-03 
2016  12  13   4  30   0  1.9850024475139881e-03 
2016  12  13   5   0   0  1.9720750052826894e-03 
2016  12  13   5  30   0  1.9646441982804222e-03 
2016  12  13   6   0   0  1.9654782632542700e-03 
2016  12  13   6  30   0  1.9593328194819179e-03 
2016  12  13   7   0   0  1.9650053266553873e-03 
2016  12  13   7  30   0  1.9540880591527019e-03 
2016  12  13   8   0   0  1.9619821473130460e-03 
2016  12  13   8  30   0  2.6710754325900699e-03 
2016  12  13   9   0   0  2.5489509556037714e-03 
2016  12  13   9  30   0  2.8489493581252711e-03 
2016  12  13  10   0   0  4.0992469563569042e-03 
2016  12  13  10  30   0  3.6538216612538384e-03 
2016  12  13  11   0   0  3.8980130205648221e-03 
2016  12  13  11  30   0  6.2976631538058095e-03 
2016  12  13  12   0   0  5.1757192753432114e-03 
2016  12  13  12  30   0  6.5375745484578017e-03 
2016  12  13  13   0   0  5.4332914489783959e-03 
2016  12  13  13  30   0  3.5992140804766261e-03 
2016  12  13  14   0   0  4.3249993164596930e-03 
2016  12  13  14  30   0  2.0420999799381527e-03 
2016  12  13  15   0   0  1.9062022926073117e-03 
2016  12  13  15  30   0  2.7299053416221472e-03 
2016  12  13  16   0   0  2.8179949704282394e-03 
2016  12  13  16  30   0  3.0670394912029482e-03 
2016  12  13  17   0   0  3.3436043385356882e-03 
2016  12  13  17  30   0  3.2655349361681821e-03 
2016  12  13  18   0   0  3.4328182256248537e-03 
2016  12  13  18  30   0  3.6479717984409326e-03 
2016  12  13  19   0   0  3.8293743573852216e-03 
2016  12  13  19  30   0  3.8719922808172756e-03 
2016  12  13  20   0   0  3.7530858348253861e-03 
2016  12  13  20  30   0  3.7411729592639244e-03 
2016  12  13  21   0   0  3.8649485948563460e-03 
2016  12  13  21  30   0  4.1570028099541731e-03 
2016  12  13  22   0   0  4.3577833774287008e-03 
2016  12  13  22  30   0  4.5545834553483919e-03 
2016  12  13  23   0   0  4.7270618392824390e-03 
2016  12  13  23  30   0  4.7372254608258873e-03 
2016  12  14   0   0   0  4.8004644698812953e-03 
2016  12  14   0  30   0  4.4784111446835037e-03 
2016  12  14   1   0   0  4.4748791384608393e-03 
2016  12  14   1  30   0  4.1198781433989121e-03 
2016  12  14   2   0   0  4.6395200187555668e-03 
2016  12  14   2  30   0  4.6402714156132778e-03 
2016  12  14   3   0   0  4.5909116764714358e-03 
2016  12  14   3  30   0  4.6631259920701541e-03 
2016  12  14   4   0   0  4.3303948874946832e-03 
2016  12  14   4  30   0  3.8853184037793264e-03 
2016  12  14   5   0   0  3.4059119144317939e-03 
2016  12  14   5  30   0  3.0045256204775561e-03 
2016  12  14   6   0   0  2.9508790482360935e-03 
2016  12  14   6  30   0  2.8714867866793206e-03 
2016  12  14   7   0   0  2.7976425557754963e-03 
2016  12  14   7  30   0  2.6485305514435697e-03 
2016  12  14   8   0   0  2.5668618079419487e-03 
2016  12  14   8  30   0  2.4692514455140931e-03 
2016  12  14   9   0   0  2.4163656342061938e-03 
2016  12  14   9  30   0  2.3082827190161010e-03 
2016  12  14  10   0   0  2.1553287275600580e-03 
2016  12  14  10  30   0  1.9740485096093312e-03 
2016  12  14  11   0   0  1.7283747891847648e-03 
2016  12  14  11  30   0  1.5414844305154292e-03 
2016  12  14  12   0   0  1.4166895007996327e-03 
2016  12  14  12  30   0  1.3515613804037524e-03 
2016  12  14  13   0   0  1.2853105757453449e-03 
2016  12  14  13  30   0  1.2476473150161557e-03 
2016  12  14  14   0   0  1.2864548733264205e-03 
2016  12  14  14  30   0  1.2967440922434343e-03 
2016  12  14  15   0   0  1.3282516895152384e-03 
2016  12  14  15  30   0  1.4455437296738839e-03 
2016  12  14  16   0   0  1.7244212746044315e-03 
2016  12  14  16  30   0  1.7618147914060815e-03 
2016  12  14  17   0   0  1.8025886375162485e-03 
2016  12  14  17  30   0  1.8443230761714703e-03 
2016  12  14  18   0   0  2.0037488164628562e-03 
2016  12  14  18  30   0  1.8460145451125629e-03 
2016  12  14  19   0   0  1.7574251213632219e-03 
2016  12  14  19  30   0  1.6619118772310531e-03 
2016  12  14  20   0   0  1.6813215845272315e-03 
2016  12  14  20  30   0  1.8447039601191724e-03 
2016  12  14  21   0   0  2.1055627302997378e-03 
2016  12  14  21  30   0  2.4387294404977482e-03 
2016  12  14  22   0   0  2.4106507654492503e-03 
2016  12  14  22  30   0  2.3144075385520394e-03 
2016  12  14  23   0   0  2.2048098123749241e-03 
2016  12  14  23  30   0  2.4431505487580839e-03 
2016  12  15   0   0   0  2.3740289053158065e-03 
2016  12  15   0  30   0  2.1270598370174642e-03 
2016  12  15   1   0   0  2.0438246310203819e-03 
2016  12  15   1  30   0  1.8121105789472619e-03 
2016  12  15   2   0   0  1.6822481062709427e-03 
2016  12  15   2  30   0  1.5365047330477852e-03 
2016  12  15   3   0   0  1.5875750149504564e-03 
2016  12  15   3  30   0  1.5813575405848679e-03 
2016  12  15   4   0   0  1.5887872884799716e-03 
2016  12  15   4  30   0  1.6350870275265448e-03 
2016  12  15   5   0   0  1.7165603323339644e-03 
2016  12  15   5  30   0  1.9588746120639865e-03 
2016  12  15   6   0   0  2.3146533893277739e-03 
2016  12  15   6  30   0  2.4939316162798271e-03 
2016  12  15   7   0   0  2.4966816568805657e-03 
2016  12  15   7  30   0  2.4138513719083447e-03 
2016  12  15   8   0   0  2.5002309522209991e-03 
2016  12  15   8  30   0  2.5596855740872664e-03 
2016  12  15   9   0   0  2.4381199865948439e-03 
2016  12  15   9  30   0  2.2444483272022913e-03 
2016  12  15  10   0   0  2.1044256874908551e-03 
2016  12  15  10  30   0  2.4039357815516188e-03 
2016  12  15  11   0   0  4.1796442077429753e-03 
2016  12  15  11  30   0  2.2432404099687773e-03 
2016  12  15  12   0   0  2.4589381982724925e-03 
2016  12  15  12  30   0  2.7514840007717006e-03 
2016  12  15  13   0   0  2.7255086529871467e-03 
2016  12  15  13  30   0  2.5034913163019764e-03 
2016  12  15  14   0   0  2.6252796254089585e-03 
2016  12  15  14  30   0  3.0171158828199169e-03 
2016  12  15  15   0   0  3.0510067007842351e-03 
2016  12  15  15  30   0  3.4156943463764483e-03 
2016  12  15  16   0   0  3.3140143746113286e-03 
2016  12  15  16  30   0  3.2724158568793516e-03 
2016  12  15  17   0   0  3.2254135895136826e-03 
2016  12  15  17  30   0  3.1666434430014244e-03 
2016  12  15  18   0   0  3.0840627918781063e-03 
2016  12  15  18  30   0  3.0025656177412436e-03 
2016  12  15  19   0   0  2.7874980164327660e-03 
2016  12  15  19  30   0  2.5495233750843032e-03 
2016  12  15  20   0   0  2.3198488832966119e-03 
2016  12  15  20  30   0  2.2170517380868632e-03 
2016  12  15  21   0   0  2.2662281565941356e-03 
2016  12  15  21  30   0  2.2158010658282863e-03 
2016  12  15  22   0   0  2.1321732346495838e-03 
2016  12  15  22  30   0  2.1756584836262662e-03 
2016  12  15  23   0   0  2.2537134037074920e-03 
2016  12  15  23  30   0  2.3853855260584952e-03 
2016  12  16   0   0   0  2.5131950821786334e-03 
2016  12  16   0  30   0  2.5295438688304720e-03 
2016  12  16   1   0   0  2.7454046809074080e-03 
2016  12  16   1  30   0  2.7091134241411636e-03 
2016  12  16   2   0   0  2.6925103588673473e-03 
2016  12  16   2  30   0  2.7013769919048466e-03 
2016  12  16   3   0   0  2.8208510666586869e-03 
2016  12  16   3  30   0  2.8765238185929401e-03 
2016  12  16   4   0   0  2.9218343917983788e-03 
2016  12  16   4  30   0  2.8152284808944657e-03 
2016  12  16   5   0   0  2.7092427938837302e-03 
2016  12  16   5  30   0  2.6239918128584702e-03 
2016  12  16   6   0   0  2.6278422830709105e-03 
2016  12  16   6  30   0  2.4781213390767348e-03 
2016  12  16   7   0   0  2.5685446940631792e-03 
2016  12  16   7  30   0  2.3720561182810286e-03 
2016  12  16   8   0   0  2.2550338632313458e-03 
2016  12  16   8  30   0  2.1934254212211844e-03 
2016  12  16   9   0   0  2.2678283279063687e-03 
2016  12  16   9  30   0  2.1018769487590803e-03 
2016  12  16  10   0   0  2.1640160775136899e-03 
2016  12  16  10  30   0  1.9039804776042396e-03 
2016  12  16  11   0   0  1.9191984962796912e-03 
2016  12  16  11  30   0  2.0888574668960999e-03 
2016  12  16  12   0   0  2.0746630793595710e-03 
2016  12  16  12  30   0  2.0988987493268971e-03 
2016  12  16  13   0   0  2.1957763207518881e-03 
2016  12  16  13  30   0  2.0651658166405623e-03 
2016  12  16  14   0   0  2.1998316591528926e-03 
2016  12  16  14  30   0  2.2112466564036988e-03 
2016  12  16  15   0   0  2.2600755565685676e-03 
2016  12  16  15  30   0  2.2807165316179015e-03 
2016  12  16  16   0   0  2.1492344639978448e-03 
2016  12  16  16  30   0  2.1351353609166692e-03 
2016  12  16  17   0   0  1.8095105734307209e-03 
2016  12  16  17  30   0  1.6101453462485276e-03 
2016  12  16  18   0   0  1.4667693301654869e-03 
2016  12  16  18  30   0  1.4881542059798265e-03 
2016  12  16  19   0   0  1.4260326039245630e-03 
2016  12  16  19  30   0  1.9170059034675059e-03 
2016  12  16  20   0   0  2.2258115809276279e-03 
2016  12  16  20  30   0  2.2827545824824201e-03 
2016  12  16  21   0   0  2.3988824860032938e-03 
2016  12  16  21  30   0  2.2039327284061215e-03 
2016  12  16  22   0   0  2.1763385982292243e-03 
2016  12  16  22  30   0  2.2113046649829085e-03 
2016  12  16  23   0   0  2.5623926196448178e-03 
2016  12  16  23  30   0  2.6580224134112001e-03 
2016  12  17   0   0   0  2.9873860508425592e-03 
2016  12  17   0  30   0  2.9648582482815510e-03 
2016  12  17   1   0   0  2.7123649760040147e-03 
2016  12  17   1  30   0  2.5747868001270748e-03 
2016  12  17   2   0   0  2.6800693883096420e-03 
2016  12  17   2  30   0  2.7562665038036141e-03 
2016  12  17   3   0   0  3.1283804669208007e-03 
2016  12  17   3  30   0  3.2866470966021965e-03 
2016  12  17   4   0   0  3.5518682087787288e-03 
2016  12  17   4  30   0  3.3307147408686813e-03 
2016  12  17   5   0   0  3.3276955750055019e-03 
2016  12  17   5  30   0  3.1844835585133893e-03 
2016  12  17   6   0   0  3.2226572258610203e-03 
2016  12  17   6  30   0  3.2945370957881354e-03 
2016  12  17   7   0   0  3.4509256560943287e-03 
2016  12  17   7  30   0  3.2361019239277246e-03 
2016  12  17   8   0   0  3.4541029869049672e-03 
2016  12  17   8  30   0  3.8495396364948411e-03 
2016  12  17   9   0   0  3.9467196954990893e-03 
2016  12  17   9  30   0  3.9148314995887156e-03 
2016  12  17  10   0   0  3.5832112918089618e-03 
2016  12  17  10  30   0  3.1725609047559924e-03 
2016  12  17  11   0   0  2.5140387770816760e-03 
2016  12  17  11  30   0  2.4501530792659142e-03 
2016  12  17  12   0   0  2.3507181011144531e-03 
2016  12  17  12  30   0  2.6493834848212825e-03 
2016  12  17  13   0   0  2.5300304038339688e-03 
2016  12  17  13  30   0  2.3946550198524937e-03 
2016  12  17  14   0   0  2.7545270187263613e-03 
2016  12  17  14  30   0  2.1464041450586879e-03 
2016  12  17  15   0   0  1.6189302487833936e-03 
2016  12  17  15  30   0  1.1535396091968510e-03 
2016  12  17  16   0   0  1.1624543009072458e-03 
2016  12  17  16  30   0  1.2699387546782851e-03 
2016  12  17  17   0   0  1.0421873752834408e-03 
2016  12  17  17  30   0  8.6942274206294669e-04 
2016  12  17  18   0   0  1.0930931647904448e-03 
2016  12  17  18  30   0  1.0649140042715555e-03 
2016  12  17  19   0   0  1.1054225955793525e-03 
2016  12  17  19  30   0  1.3740193798442489e-03 
2016  12  17  20   0   0  1.5865092950653674e-03 
2016  12  17  20  30   0  1.5646258020031399e-03 
2016  12  17  21   0   0  1.4795339929460985e-03 
2016  12  17  21  30   0  1.5862281809030348e-03 
2016  12  17  22   0   0  1.8184555151080604e-03 
2016  12  17  22  30   0  2.0048008833856348e-03 
2016  12  17  23   0   0  2.0374030409206416e-03 
2016  12  17  23  30   0  1.8726192518460489e-03 
2016  12  18   0   0   0  1.8635756410667135e-03 
2016  12  18   0  30   0  1.8396181382142869e-03 
2016  12  18   1   0   0  1.9020776969050784e-03 
2016  12  18   1  30   0  2.0085547080067154e-03 
2016  12  18   2   0   0  2.0066903137698020e-03 
2016  12  18   2  30   0  1.9027518961662433e-03 
2016  12  18   3   0   0  1.9614945724261675e-03 
2016  12  18   3  30   0  2.0280256123366247e-03 
2016  12  18   4   0   0  1.9736020813235734e-03 
2016  12  18   4  30   0  1.8634444987829465e-03 
2016  12  18   5   0   0  1.7846981273284281e-03 
2016  12  18   5  30   0  1.8758054003649599e-03 
2016  12  18   6   0   0  2.0006772031456194e-03 
2016  12  18   6  30   0  1.9965821454546993e-03 
2016  12  18   7   0   0  1.9072175902096547e-03 
2016  12  18   7  30   0  1.8133957568906174e-03 
2016  12  18   8   0   0  1.9007825256890337e-03 
2016  12  18   8  30   0  1.9026863187565424e-03 
2016  12  18   9   0   0  1.8043633245199908e-03 
2016  12  18   9  30   0  1.8211673919748424e-03 
2016  12  18  10   0   0  1.8921192937319240e-03 
2016  12  18  10  30   0  2.1121262386263832e-03 
2016  12  18  11   0   0  2.1445692957301294e-03 
2016  12  18  11  30   0  1.7597155472445592e-03 
2016  12  18  12   0   0  1.6211686250640091e-03 
2016  12  18  12  30   0  1.4758933707007703e-03 
2016  12  18  13   0   0  1.3894563328326359e-03 
2016  12  18  13  30   0  1.4941247557735422e-03 
2016  12  18  14   0   0  1.5139853608441920e-03 
2016  12  18  14  30   0  1.5927982786625243e-03 
2016  12  18  15   0   0  2.0717901954142312e-03 
2016  12  18  15  30   0  2.2996335730886574e-03 
2016  12  18  16   0   0  2.3824956502439582e-03 
2016  12  18  16  30   0  2.2689388277400643e-03 
2016  12  18  17   0   0  2.1441844040999821e-03 
2016  12  18  17  30   0  2.0621805938610613e-03 
2016  12  18  18   0   0  2.0327856594429955e-03 
2016  12  18  18  30   0  2.2330023661239671e-03 
2016  12  18  19   0   0  2.2848532941336553e-03 
2016  12  18  19  30   0  2.3152438141130628e-03 
2016  12  18  20   0   0  2.1264291689531032e-03 
2016  12  18  20  30   0  1.9247229934908502e-03 
2016  12  18  21   0   0  1.9515187136017280e-03 
2016  12  18  21  30   0  2.0329593679980691e-03 
2016  12  18  22   0   0  1.8827387729332679e-03 
2016  12  18  22  30   0  1.8644680791508178e-03 
2016  12  18  23   0   0  1.7282380690796190e-03 
2016  12  18  23  30   0  1.5613154755147200e-03 
2016  12  19   0   0   0  1.3470715041511085e-03 
2016  12  19   0  30   0  1.3018783993476001e-03 
2016  12  19   1   0   0  1.3343234237762551e-03 
2016  12  19   1  30   0  1.3582472357601867e-03 
2016  12  19   2   0   0  1.4836521717817501e-03 
2016  12  19   2  30   0  1.7388502753621536e-03 
2016  12  19   3   0   0  2.0007207062470028e-03 
2016  12  19   3  30   0  2.6617255220970884e-03 
2016  12  19   4   0   0  3.8708954578975945e-03 
2016  12  19   4  30   0  4.5523453012453509e-03 
2016  12  19   5   0   0  4.2077509957269043e-03 
2016  12  19   5  30   0  3.4405667031202239e-03 
2016  12  19   6   0   0  3.0334333759470355e-03 
2016  12  19   6  30   0  2.8959764736760500e-03 
2016  12  19   7   0   0  2.6401535341293637e-03 
2016  12  19   7  30   0  2.2078481118152460e-03 
2016  12  19   8   0   0  1.9918793977928366e-03 
2016  12  19   8  30   0  2.0677984068339958e-03 
2016  12  19   9   0   0  2.2162296064468312e-03 
2016  12  19   9  30   0  2.4512660062693645e-03 
2016  12  19  10   0   0  2.4746620428760316e-03 
2016  12  19  10  30   0  2.4213967307985672e-03 
2016  12  19  11   0   0  2.2574035899411435e-03 
2016  12  19  11  30   0  1.9829245904683392e-03 
2016  12  19  12   0   0  1.8122667723652586e-03 
2016  12  19  12  30   0  1.5501682698969947e-03 
2016  12  19  13   0   0  1.2479557664691477e-03 
2016  12  19  13  30   0  1.1214275408541682e-03 
2016  12  19  14   0   0  9.7534991151858265e-04 
2016  12  19  14  30   0  9.7913971811182583e-04 
2016  12  19  15   0   0  1.2479690518800253e-03 
2016  12  19  15  30   0  1.1521611881388826e-03 
2016  12  19  16   0   0  1.0916316165038441e-03 
2016  12  19  16  30   0  1.2309046572301133e-03 
2016  12  19  17   0   0  1.0902932222940204e-03 
2016  12  19  17  30   0  1.0441440923814327e-03 
2016  12  19  18   0   0  8.2213055582980245e-04 
2016  12  19  18  30   0  9.5228243816097358e-04 
2016  12  19  19   0   0  6.8380474767691906e-04 
2016  12  19  19  30   0  6.5074144427523122e-04 
2016  12  19  20   0   0  6.2914693853452323e-04 
2016  12  19  20  30   0  7.3227177414992455e-04 
2016  12  19  21   0   0  7.3485936783146551e-04 
2016  12  19  21  30   0  8.7197213977416581e-04 
2016  12  19  22   0   0  8.8538605271434737e-04 
2016  12  19  22  30   0  7.1977641903149927e-04 
2016  12  19  23   0   0  6.6919812443455194e-04 
2016  12  19  23  30   0  7.7165335947702483e-04 
2016  12  20   0   0   0  8.1279921904937945e-04 
2016  12  20   0  30   0  1.0727926491654277e-03 
2016  12  20   1   0   0  1.5546184807759451e-03 
2016  12  20   1  30   0  2.0445943493205983e-03 
2016  12  20   2   0   0  2.1059002694880868e-03 
2016  12  20   2  30   0  1.8894066651579619e-03 
2016  12  20   3   0   0  1.6351468231796003e-03 
2016  12  20   3  30   0  1.3164768112001659e-03 
2016  12  20   4   0   0  1.1395563003176181e-03 
2016  12  20   4  30   0  1.2218940587527445e-03 
2016  12  20   5   0   0  1.2493173778605237e-03 
2016  12  20   5  30   0  1.1204360210330395e-03 
2016  12  20   6   0   0  1.1938976688008270e-03 
2016  12  20   6  30   0  1.3027688701743657e-03 
2016  12  20   7   0   0  1.7009568219036977e-03 
2016  12  20   7  30   0  1.9460999787214582e-03 
2016  12  20   8   0   0  2.0580345435064276e-03 
2016  12  20   8  30   0  2.0004105507081225e-03 
2016  12  20   9   0   0  2.1342771525461861e-03 
2016  12  20   9  30   0  1.9757856299657157e-03 
2016  12  20  10   0   0  1.5537296758379375e-03 
2016  12  20  10  30   0  1.2111374177357804e-03 
2016  12  20  11   0   0  9.4294666067627146e-04 
2016  12  20  11  30   0  7.2149414461080709e-04 
2016  12  20  12   0   0  5.0934309221481282e-04 
2016  12  20  12  30   0  4.4538810833594179e-04 
2016  12  20  13   0   0  4.9722884198258224e-04 
2016  12  20  13  30   0  4.4086020693524927e-04 
2016  12  20  14   0   0  4.6038354661144017e-04 
2016  12  20  14  30   0  4.5010959996169146e-04 
2016  12  20  15   0   0  4.2382996820507820e-04 
2016  12  20  15  30   0  4.2098484616821959e-04 
2016  12  20  16   0   0  4.2404393207160298e-04 
2016  12  20  16  30   0  4.1361083033116826e-04 
2016  12  20  17   0   0  4.3214699559325135e-04 
2016  12  20  17  30   0  4.5882106923494708e-04 
2016  12  20  18   0   0  4.2826407498143743e-04 
2016  12  20  18  30   0  9.3068785553969511e-04 
2016  12  20  19   0   0  9.2640460271541070e-04 
2016  12  20  19  30   0  7.9186133376727352e-04 
2016  12  20  20   0   0  8.7274487138650446e-04 
2016  12  20  20  30   0  1.0881033155857778e-03 
2016  12  20  21   0   0  1.0939128222995000e-03 
2016  12  20  21  30   0  6.9969039829969205e-04 
2016  12  20  22   0   0  7.4691697819718062e-04 
2016  12  20  22  30   0  9.6149159652049682e-04 
2016  12  20  23   0   0  1.0654134229558933e-03 
2016  12  20  23  30   0  1.0777255969643352e-03 
2016  12  21   0   0   0  1.1032192768674718e-03 
2016  12  21   0  30   0  9.5076099627163608e-04 
2016  12  21   1   0   0  6.4508374869336345e-04 
2016  12  21   1  30   0  4.4447716542107883e-04 
2016  12  21   2   0   0  3.8052827871484432e-04 
2016  12  21   2  30   0  2.6918718386614865e-04 
2016  12  21   3   0   0  2.0654040172752254e-04 
2016  12  21   3  30   0  2.2227141203240691e-04 
2016  12  21   4   0   0  2.4130946067731849e-04 
2016  12  21   4  30   0  2.8621052196286953e-04 
2016  12  21   5   0   0  5.7021003413655592e-04 
2016  12  21   5  30   0  2.1584926505453109e-03 
2016  12  21   6   0   0  3.0376514336643580e-03 
2016  12  21   6  30   0  3.3369444689600632e-03 
2016  12  21   7   0   0  3.6099771813389776e-03 
2016  12  21   7  30   0  3.8566571670067690e-03 
2016  12  21   8   0   0  4.1731119032735967e-03 
2016  12  21   8  30   0  4.0883334616163341e-03 
2016  12  21   9   0   0  4.0966543681040931e-03 
2016  12  21   9  30   0  4.1863999367945130e-03 
2016  12  21  10   0   0  4.3842077455903943e-03 
2016  12  21  10  30   0  4.4303189362691880e-03 
2016  12  21  11   0   0  3.8930726499433331e-03 
2016  12  21  11  30   0  3.5712412898647326e-03 
2016  12  21  12   0   0  3.4179893463591395e-03 
2016  12  21  12  30   0  3.0354003110933626e-03 
2016  12  21  13   0   0  3.1472074952322445e-03 
2016  12  21  13  30   0  3.0596850251391684e-03 
2016  12  21  14   0   0  2.9478332233365992e-03 
2016  12  21  14  30   0  3.0273613626554978e-03 
2016  12  21  15   0   0  3.2381051114019396e-03 
2016  12  21  15  30   0  3.5725341081002701e-03 
2016  12  21  16   0   0  3.6126977218514608e-03 
2016  12  21  16  30   0  3.7309122930323903e-03 
2016  12  21  17   0   0  4.4992422660312002e-03 
2016  12  21  17  30   0  5.5440454514518855e-03 
2016  12  21  18   0   0  6.9674146903211725e-03 
2016  12  21  18  30   0  8.7627320491969439e-03 
2016  12  21  19   0   0  1.0149794967933501e-02 
2016  12  21  19  30   0  1.1918407392160556e-02 
2016  12  21  20   0   0  1.3168821287084005e-02 
2016  12  21  20  30   0  1.1613474159794692e-02 
2016  12  21  21   0   0  1.0847737742692582e-02 
2016  12  21  21  30   0  9.3753282752968865e-03 
2016  12  21  22   0   0  7.3135336183490999e-03 
2016  12  21  22  30   0  3.6416224434853914e-03 
2016  12  21  23   0   0  4.0828629726149552e-03 
2016  12  21  23  30   0  4.7869383917227004e-03 
2016  12  22   0   0   0  5.1870750513787270e-03 
2016  12  22   0  30   0  5.6355774161850249e-03 
2016  12  22   1   0   0  5.9354787470270011e-03 
2016  12  22   1  30   0  6.2581139484862124e-03 
2016  12  22   2   0   0  6.6796106767416565e-03 
2016  12  22   2  30   0  6.7886827640892423e-03 
2016  12  22   3   0   0  6.7453963460104346e-03 
2016  12  22   3  30   0  6.8120428218573451e-03 
2016  12  22   4   0   0  6.6586697312483916e-03 
2016  12  22   4  30   0  6.3258823508729571e-03 
2016  12  22   5   0   0  6.1898973708178588e-03 
2016  12  22   5  30   0  6.1876759034122488e-03 
2016  12  22   6   0   0  5.8675300408302959e-03 
2016  12  22   6  30   0  5.8703258214341447e-03 
2016  12  22   7   0   0  5.7273740413786049e-03 
2016  12  22   7  30   0  5.5804016504110284e-03 
2016  12  22   8   0   0  5.7936753684972950e-03 
2016  12  22   8  30   0  5.7169103590892769e-03 
2016  12  22   9   0   0  5.8823590761145151e-03 
2016  12  22   9  30   0  5.9785640615101282e-03 
2016  12  22  10   0   0  5.8691565297418992e-03 
2016  12  22  10  30   0  5.5890532931653246e-03 
2016  12  22  11   0   0  4.8406569639111996e-03 
2016  12  22  11  30   0  5.5747344267423537e-03 
2016  12  22  12   0   0  5.1357008459375266e-03 
2016  12  22  12  30   0  4.7078031347144288e-03 
2016  12  22  13   0   0  4.3729854108351699e-03 
2016  12  22  13  30   0  4.0714031690057073e-03 
2016  12  22  14   0   0  3.4533987481990404e-03 
2016  12  22  14  30   0  3.0585669396103049e-03 
2016  12  22  15   0   0  2.8016559555847126e-03 
2016  12  22  15  30   0  2.3107987044533726e-03 
2016  12  22  16   0   0  1.8975697047642667e-03 
2016  12  22  16  30   0  1.9498090242659623e-03 
2016  12  22  17   0   0  2.2196908082560587e-03 
2016  12  22  17  30   0  2.4419861810588139e-03 
2016  12  22  18   0   0  2.3977603922075543e-03 
2016  12  22  18  30   0  2.3212733663640910e-03 
2016  12  22  19   0   0  2.3013917309679839e-03 
2016  12  22  19  30   0  2.0357048016152856e-03 
2016  12  22  20   0   0  1.9284700858327453e-03 
2016  12  22  20  30   0  1.8219827364850090e-03 
2016  12  22  21   0   0  1.8674060665974036e-03 
2016  12  22  21  30   0  1.9558684605805897e-03 
2016  12  22  22   0   0  1.9587400268329122e-03 
2016  12  22  22  30   0  2.1737893119161871e-03 
2016  12  22  23   0   0  2.2333291622384896e-03 
2016  12  22  23  30   0  2.3546083710947129e-03 
2016  12  23   0   0   0  2.4402310971816414e-03 
2016  12  23   0  30   0  2.5615707052278423e-03 
2016  12  23   1   0   0  2.8274587130618263e-03 
2016  12  23   1  30   0  2.8575203493563990e-03 
2016  12  23   2   0   0  2.8276323354202758e-03 
2016  12  23   2  30   0  2.7866506975832658e-03 
2016  12  23   3   0   0  2.7929319450073257e-03 
2016  12  23   3  30   0  2.6959011068147655e-03 
2016  12  23   4   0   0  2.3478683616174664e-03 
2016  12  23   4  30   0  2.0233492409032858e-03 
2016  12  23   5   0   0  2.1945266166129183e-03 
2016  12  23   5  30   0  2.3048594535255646e-03 
2016  12  23   6   0   0  2.2776999819733084e-03 
2016  12  23   6  30   0  2.2037204661330169e-03 
2016  12  23   7   0   0  2.2009774746029353e-03 
2016  12  23   7  30   0  2.1559913919821341e-03 
2016  12  23   8   0   0  2.0482565289345958e-03 
2016  12  23   8  30   0  1.9838191885577822e-03 
2016  12  23   9   0   0  1.8999420732142634e-03 
2016  12  23   9  30   0  1.7292493063827659e-03 
2016  12  23  10   0   0  1.7568909134736974e-03 
2016  12  23  10  30   0  1.8168118785594966e-03 
2016  12  23  11   0   0  1.6928458454409765e-03 
2016  12  23  11  30   0  1.6539419632051813e-03 
2016  12  23  12   0   0  1.6992868956048491e-03 
2016  12  23  12  30   0  1.5976167635101718e-03 
2016  12  23  13   0   0  1.6168039723434429e-03 
2016  12  23  13  30   0  1.5518741405151065e-03 
2016  12  23  14   0   0  1.4518611686775425e-03 
2016  12  23  14  30   0  1.3604811354793768e-03 
2016  12  23  15   0   0  1.2275512265881986e-03 
2016  12  23  15  30   0  1.2083823537390472e-03 
2016  12  23  16   0   0  1.1996742196293379e-03 
2016  12  23  16  30   0  1.3761779226595682e-03 
2016  12  23  17   0   0  1.7099992368569961e-03 
2016  12  23  17  30   0  1.8532447660219427e-03 
2016  12  23  18   0   0  1.8534369060748492e-03 
2016  12  23  18  30   0  1.9692697572375002e-03 
2016  12  23  19   0   0  1.9455968732112927e-03 
2016  12  23  19  30   0  1.8973411129276027e-03 
2016  12  23  20   0   0  1.9228167268218375e-03 
2016  12  23  20  30   0  1.9608623940226876e-03 
2016  12  23  21   0   0  1.9565452910942321e-03 
2016  12  23  21  30   0  1.9626382498007990e-03 
2016  12  23  22   0   0  1.9935291130826183e-03 
2016  12  23  22  30   0  2.0603966475569988e-03 
2016  12  23  23   0   0  2.2062534166190726e-03 
2016  12  23  23  30   0  2.6733756217855106e-03 
2016  12  24   0   0   0  3.1112475977642193e-03 
2016  12  24   0  30   0  3.3848812447306144e-03 
2016  12  24   1   0   0  2.8538502952645652e-03 
2016  12  24   1  30   0  2.4420117274535510e-03 
2016  12  24   2   0   0  2.5035381936795069e-03 
2016  12  24   2  30   0  3.2563188341170435e-03 
2016  12  24   3   0   0  3.1815866152284005e-03 
2016  12  24   3  30   0  2.8073484651608286e-03 
2016  12  24   4   0   0  2.3682724289037331e-03 
2016  12  24   4  30   0  2.2893272272211294e-03 
2016  12  24   5   0   0  2.3794677836799136e-03 
2016  12  24   5  30   0  2.4262502294011110e-03 
2016  12  24   6   0   0  2.2161633379043644e-03 
2016  12  24   6  30   0  2.1701637242304596e-03 
2016  12  24   7   0   0  2.2884910425277796e-03 
2016  12  24   7  30   0  2.1143741099450618e-03 
2016  12  24   8   0   0  1.6866432754599470e-03 
2016  12  24   8  30   0  1.4290336228447158e-03 
2016  12  24   9   0   0  1.0952803235767497e-03 
2016  12  24   9  30   0  1.0746842957260006e-03 
2016  12  24  10   0   0  9.8224262609458908e-04 
2016  12  24  10  30   0  8.0507044039752949e-04 
2016  12  24  11   0   0  9.0120839809551675e-04 
2016  12  24  11  30   0  9.1315998869872096e-04 
2016  12  24  12   0   0  5.7257757852216009e-04 
2016  12  24  12  30   0  4.5890544203169349e-04 
2016  12  24  13   0   0  4.1608355388699864e-04 
2016  12  24  13  30   0  4.9123592896024078e-04 
2016  12  24  14   0   0  8.2140352814820416e-04 
2016  12  24  14  30   0  8.5753313845502452e-04 
2016  12  24  15   0   0  9.4166625273098248e-04 
2016  12  24  15  30   0  1.1668177684332436e-03 
2016  12  24  16   0   0  9.7855740222531286e-04 
2016  12  24  16  30   0  8.5498157568158649e-04 
2016  12  24  17   0   0  8.4300059623515446e-04 
2016  12  24  17  30   0  7.0196086218992488e-04 
2016  12  24  18   0   0  6.3591728917440540e-04 
2016  12  24  18  30   0  6.5490479980315187e-04 
2016  12  24  19   0   0  6.9045894333525271e-04 
2016  12  24  19  30   0  6.4265552339880488e-04 
2016  12  24  20   0   0  6.2378912631365531e-04 
2016  12  24  20  30   0  8.7906633724247132e-04 
2016  12  24  21   0   0  1.2619183509306256e-03 
2016  12  24  21  30   0  1.3184153204495131e-03 
2016  12  24  22   0   0  1.6415615645530967e-03 
2016  12  24  22  30   0  1.6363096843175948e-03 
2016  12  24  23   0   0  1.4319934215761185e-03 
2016  12  24  23  30   0  1.3729975864069576e-03 
2016  12  25   0   0   0  1.3078399418982489e-03 
2016  12  25   0  30   0  1.3780444074998636e-03 
2016  12  25   1   0   0  1.4542461923827681e-03 
2016  12  25   1  30   0  1.5711309502549145e-03 
2016  12  25   2   0   0  1.8382459256938567e-03 
2016  12  25   2  30   0  1.6579929197565282e-03 
2016  12  25   3   0   0  1.5063725478381982e-03 
2016  12  25   3  30   0  1.2283850908187150e-03 
2016  12  25   4   0   0  1.0238707747644018e-03 
2016  12  25   4  30   0  9.2218143923859233e-04 
2016  12  25   5   0   0  9.1794717839671918e-04 
2016  12  25   5  30   0  8.5878394781986047e-04 
2016  12  25   6   0   0  8.2037457353231248e-04 
2016  12  25   6  30   0  8.7679354042044522e-04 
2016  12  25   7   0   0  9.8248837333141147e-04 
2016  12  25   7  30   0  1.1214999662654361e-03 
2016  12  25   8   0   0  1.2134420139452904e-03 
2016  12  25   8  30   0  1.2072147151564819e-03 
2016  12  25   9   0   0  1.2027790641668476e-03 
2016  12  25   9  30   0  1.2385856370364520e-03 
2016  12  25  10   0   0  1.1660107681299400e-03 
2016  12  25  10  30   0  1.1094608453726079e-03 
2016  12  25  11   0   0  1.0966842367415763e-03 
2016  12  25  11  30   0  1.1122560021982113e-03 
2016  12  25  12   0   0  1.1316311771493539e-03 
2016  12  25  12  30   0  1.1437732465547053e-03 
2016  12  25  13   0   0  1.1624558891545817e-03 
2016  12  25  13  30   0  1.2108767789952015e-03 
2016  12  25  14   0   0  1.1716101481613786e-03 
2016  12  25  14  30   0  1.2215997694746510e-03 
2016  12  25  15   0   0  1.2244186949437435e-03 
2016  12  25  15  30   0  1.3625857662156924e-03 
2016  12  25  16   0   0  1.2172298515103464e-03 
2016  12  25  16  30   0  1.2244027450538594e-03 
2016  12  25  17   0   0  1.4412064935815227e-03 
2016  12  25  17  30   0  1.5093324422385530e-03 
2016  12  25  18   0   0  1.7270929166107081e-03 
2016  12  25  18  30   0  1.8410967546508624e-03 
2016  12  25  19   0   0  1.9291418388930972e-03 
2016  12  25  19  30   0  2.1384363527167430e-03 
2016  12  25  20   0   0  2.1643539281547969e-03 
2016  12  25  20  30   0  2.1354500174280036e-03 
2016  12  25  21   0   0  2.1060049804305452e-03 
2016  12  25  21  30   0  2.1112151455839620e-03 
2016  12  25  22   0   0  2.2046658206128643e-03 
2016  12  25  22  30   0  2.4694258992372159e-03 
2016  12  25  23   0   0  2.5532402235053345e-03 
2016  12  25  23  30   0  3.1638263603162185e-03 
2016  12  26   0   0   0  3.0683251081875399e-03 
2016  12  26   0  30   0  2.9840022397724562e-03 
2016  12  26   1   0   0  2.8306627564067795e-03 
2016  12  26   1  30   0  2.8579719745983720e-03 
2016  12  26   2   0   0  2.9601869500416535e-03 
2016  12  26   2  30   0  2.7423192094785842e-03 
2016  12  26   3   0   0  2.4636001081703150e-03 
2016  12  26   3  30   0  2.2799427089034308e-03 
2016  12  26   4   0   0  2.6039718863737141e-03 
2016  12  26   4  30   0  2.3425562745449094e-03 
2016  12  26   5   0   0  1.9881247196575952e-03 
2016  12  26   5  30   0  1.5272059071779220e-03 
2016  12  26   6   0   0  1.0209358609305421e-03 
2016  12  26   6  30   0  8.2288221148105905e-04 
2016  12  26   7   0   0  6.0673379172201621e-04 
2016  12  26   7  30   0  4.9648343142215704e-04 
2016  12  26   8   0   0  4.7879955872057970e-04 
2016  12  26   8  30   0  6.4483276291604145e-04 
2016  12  26   9   0   0  9.5691854413899695e-04 
2016  12  26   9  30   0  1.1661398750637268e-03 
2016  12  26  10   0   0  1.2863682735499719e-03 
2016  12  26  10  30   0  1.3263603034456809e-03 
2016  12  26  11   0   0  1.2622179789691479e-03 
2016  12  26  11  30   0  1.3417074799883728e-03 
2016  12  26  12   0   0  1.3818186638760368e-03 
2016  12  26  12  30   0  1.4288461524513047e-03 
2016  12  26  13   0   0  1.4143725987642681e-03 
2016  12  26  13  30   0  1.2941120223160601e-03 
2016  12  26  14   0   0  1.1094411234541764e-03 
2016  12  26  14  30   0  1.0509006313659563e-03 
2016  12  26  15   0   0  8.7945939878706118e-04 
2016  12  26  15  30   0  1.0005401289498600e-03 
2016  12  26  16   0   0  1.0814431646380498e-03 
2016  12  26  16  30   0  8.2855406792886664e-04 
2016  12  26  17   0   0  9.6096627954852891e-04 
2016  12  26  17  30   0  8.7157708614974902e-04 
2016  12  26  18   0   0  7.6646812757330887e-04 
2016  12  26  18  30   0  6.9478948859862902e-04 
2016  12  26  19   0   0  6.4536655056654621e-04 
2016  12  26  19  30   0  7.2363364402903312e-04 
2016  12  26  20   0   0  9.2148371239281137e-04 
2016  12  26  20  30   0  1.4447245804814280e-03 
2016  12  26  21   0   0  1.6845172475818263e-03 
2016  12  26  21  30   0  2.0085047819589212e-03 
2016  12  26  22   0   0  2.2979687697944591e-03 
2016  12  26  22  30   0  2.3378983465409697e-03 
2016  12  26  23   0   0  2.1733718484375142e-03 
2016  12  26  23  30   0  1.9383485191199713e-03 
2016  12  27   0   0   0  1.8825461552467141e-03 
2016  12  27   0  30   0  1.9770181240925857e-03 
2016  12  27   1   0   0  2.0587263046692428e-03 
2016  12  27   1  30   0  2.1689932591969605e-03 
2016  12  27   2   0   0  2.2124080924125740e-03 
2016  12  27   2  30   0  2.2575521008056320e-03 
2016  12  27   3   0   0  2.2766270234776181e-03 
2016  12  27   3  30   0  2.2917591820484739e-03 
2016  12  27   4   0   0  2.4469546500462489e-03 
2016  12  27   4  30   0  1.9906672056938446e-03 
2016  12  27   5   0   0  1.6958497816903072e-03 
2016  12  27   5  30   0  1.5939851662387528e-03 
2016  12  27   6   0   0  1.6521427950083032e-03 
2016  12  27   6  30   0  1.5793041044584997e-03 
2016  12  27   7   0   0  1.4605174185976747e-03 
2016  12  27   7  30   0  1.4814173508139836e-03 
2016  12  27   8   0   0  1.2772797732067903e-03 
2016  12  27   8  30   0  1.3270104176114736e-03 
2016  12  27   9   0   0  1.3583943459910472e-03 
2016  12  27   9  30   0  1.7360618306365798e-03 
2016  12  27  10   0   0  1.3768181967150231e-03 
2016  12  27  10  30   0  1.4769842451567525e-03 
2016  12  27  11   0   0  1.5514001822907776e-03 
2016  12  27  11  30   0  1.3821367680998686e-03 
2016  12  27  12   0   0  1.1697462732540157e-03 
2016  12  27  12  30   0  1.0104535049499745e-03 
2016  12  27  13   0   0  7.7885009668027380e-04 
2016  12  27  13  30   0  7.2570711989288557e-04 
2016  12  27  14   0   0  7.8127729174751518e-04 
2016  12  27  14  30   0  8.2096898930536098e-04 
2016  12  27  15   0   0  1.0377715996889773e-03 
2016  12  27  15  30   0  1.0177091536246652e-03 
2016  12  27  16   0   0  1.0178634383241785e-03 
2016  12  27  16  30   0  9.4337321191161885e-04 
2016  12  27  17   0   0  7.7817199237450074e-04 
2016  12  27  17  30   0  6.7419303211893556e-04 
2016  12  27  18   0   0  6.2413978665204863e-04 
2016  12  27  18  30   0  7.0617878057580756e-04 
2016  12  27  19   0   0  8.3183024667619844e-04 
2016  12  27  19  30   0  9.5249193930318132e-04 
2016  12  27  20   0   0  8.7008649324170839e-04 
2016  12  27  20  30   0  7.1078400636890020e-04 
2016  12  27  21   0   0  6.2161889908345601e-04 
2016  12  27  21  30   0  5.3520870921481016e-04 
2016  12  27  22   0   0  4.6412039415281786e-04 
2016  12  27  22  30   0  4.2136340829254415e-04 
2016  12  27  23   0   0  3.6026296443070812e-04 
2016  12  27  23  30   0  3.6454948707138635e-04 
2016  12  28   0   0   0  3.9320362939227957e-04 
2016  12  28   0  30   0  4.0119189635350728e-04 
2016  12  28   1   0   0  4.5001205248749548e-04 
2016  12  28   1  30   0  5.1787504611547266e-04 
2016  12  28   2   0   0  6.0859435503150220e-04 
2016  12  28   2  30   0  6.9402493624188958e-04 
2016  12  28   3   0   0  7.5103312426539975e-04 
2016  12  28   3  30   0  7.7364487265209336e-04 
2016  12  28   4   0   0  9.1881179652752781e-04 
2016  12  28   4  30   0  9.7186684784590746e-04 
2016  12  28   5   0   0  9.2612042127520331e-04 
2016  12  28   5  30   0  6.0487277142510219e-04 
2016  12  28   6   0   0  4.8458915491224672e-04 
2016  12  28   6  30   0  5.0396166976683556e-04 
2016  12  28   7   0   0  5.1061141501134322e-04 
2016  12  28   7  30   0  5.8238692964703682e-04 
2016  12  28   8   0   0  7.6108602257409625e-04 
2016  12  28   8  30   0  8.0481660179626535e-04 
2016  12  28   9   0   0  1.3181181945353039e-03 
2016  12  28   9  30   0  1.4584771481494421e-03 
2016  12  28  10   0   0  1.3402226269314244e-03 
2016  12  28  10  30   0  1.1242368392171316e-03 
2016  12  28  11   0   0  1.0413078070188675e-03 
2016  12  28  11  30   0  1.0538325486690789e-03 
2016  12  28  12   0   0  1.0149375748868933e-03 
2016  12  28  12  30   0  9.9390884044808455e-04 
2016  12  28  13   0   0  1.0649920417370908e-03 
2016  12  28  13  30   0  9.3814120195573607e-04 
2016  12  28  14   0   0  9.1118974983285354e-04 
2016  12  28  14  30   0  9.1220398078058543e-04 
2016  12  28  15   0   0  8.6685425999663817e-04 
2016  12  28  15  30   0  8.8024546415913711e-04 
2016  12  28  16   0   0  8.6849989758799059e-04 
2016  12  28  16  30   0  9.0276383935292137e-04 
2016  12  28  17   0   0  9.6951597426754609e-04 
2016  12  28  17  30   0  1.2365679166727560e-03 
2016  12  28  18   0   0  1.1417700557959834e-03 
2016  12  28  18  30   0  1.0263819265278766e-03 
2016  12  28  19   0   0  1.0177407709786417e-03 
2016  12  28  19  30   0  1.1055451167675248e-03 
2016  12  28  20   0   0  1.0594646745738143e-03 
2016  12  28  20  30   0  1.0295050765921614e-03 
2016  12  28  21   0   0  1.0084448792212570e-03 
2016  12  28  21  30   0  9.4116163975375218e-04 
2016  12  28  22   0   0  9.9054400238870544e-04 
2016  12  28  22  30   0  1.1245010956028442e-03 
2016  12  28  23   0   0  1.2009322438551776e-03 
2016  12  28  23  30   0  1.6971274013395617e-03 
2016  12  29   0   0   0  2.8349379417932194e-03 
2016  12  29   0  30   0  3.1352008117007330e-03 
2016  12  29   1   0   0  2.6540818323120994e-03 
2016  12  29   1  30   0  2.2414978813306476e-03 
2016  12  29   2   0   0  1.7053965404196338e-03 
2016  12  29   2  30   0  1.6496306808057083e-03 
2016  12  29   3   0   0  1.5234898063924891e-03 
2016  12  29   3  30   0  1.6242383184310745e-03 
2016  12  29   4   0   0  2.1398351134094451e-03 
2016  12  29   4  30   0  2.4409124775128365e-03 
2016  12  29   5   0   0  2.4607115188939994e-03 
2016  12  29   5  30   0  2.4671013651580238e-03 
2016  12  29   6   0   0  2.4135370288570508e-03 
2016  12  29   6  30   0  2.2934890596795613e-03 
2016  12  29   7   0   0  2.1910355344891366e-03 
2016  12  29   7  30   0  2.4106946734131188e-03 
2016  12  29   8   0   0  2.6464110666695215e-03 
2016  12  29   8  30   0  2.8453465782820883e-03 
2016  12  29   9   0   0  3.0883542873435671e-03 
2016  12  29   9  30   0  3.2765126299781145e-03 
2016  12  29  10   0   0  3.3889275554709734e-03 
2016  12  29  10  30   0  3.7221797338733830e-03 
2016  12  29  11   0   0  3.5301754295775341e-03 
2016  12  29  11  30   0  3.6919800093715731e-03 
2016  12  29  12   0   0  4.1246349808547814e-03 
2016  12  29  12  30   0  4.5073883117704525e-03 
2016  12  29  13   0   0  4.4712671809923827e-03 
2016  12  29  13  30   0  4.6851903645271295e-03 
2016  12  29  14   0   0  4.8683361623086431e-03 
2016  12  29  14  30   0  4.6544163969607115e-03 
2016  12  29  15   0   0  4.5819564628053660e-03 
2016  12  29  15  30   0  4.4024987141680575e-03 
2016  12  29  16   0   0  4.2390961536525424e-03 
2016  12  29  16  30   0  4.2831009573159927e-03 
2016  12  29  17   0   0  4.2543570370984869e-03 
2016  12  29  17  30   0  4.2984670160119871e-03 
2016  12  29  18   0   0  4.3514176989639551e-03 
2016  12  29  18  30   0  4.3647791400276449e-03 
2016  12  29  19   0   0  4.3549785715502097e-03 
2016  12  29  19  30   0  4.3143181570550887e-03 
2016  12  29  20   0   0  4.2720225023759155e-03 
2016  12  29  20  30   0  4.3561412763880487e-03 
2016  12  29  21   0   0  4.2893623132391626e-03 
2016  12  29  21  30   0  4.1863843204521054e-03 
2016  12  29  22   0   0  4.2230957171647317e-03 
2016  12  29  22  30   0  4.2522030048009127e-03 
2016  12  29  23   0   0  4.3082722233435209e-03 
2016  12  29  23  30   0  4.2511945109090250e-03 
2016  12  30   0   0   0  4.1849072306656427e-03 
2016  12  30   0  30   0  4.1861499293353120e-03 
2016  12  30   1   0   0  4.0992616086422138e-03 
2016  12  30   1  30   0  4.2173648969912984e-03 
2016  12  30   2   0   0  4.2915989846169945e-03 
2016  12  30   2  30   0  4.1727647405681726e-03 
2016  12  30   3   0   0  4.1187908082794076e-03 
2016  12  30   3  30   0  4.1118353665320784e-03 
2016  12  30   4   0   0  4.0600930444241318e-03 
2016  12  30   4  30   0  3.7086926191395929e-03 
2016  12  30   5   0   0  3.4578261792215549e-03 
2016  12  30   5  30   0  3.3229578449512206e-03 
2016  12  30   6   0   0  3.2895919473406097e-03 
2016  12  30   6  30   0  3.3309721510959671e-03 
2016  12  30   7   0   0  3.1976689386686821e-03 
2016  12  30   7  30   0  2.8362530391295841e-03 
2016  12  30   8   0   0  2.6886091389551727e-03 
2016  12  30   8  30   0  2.5740744179669761e-03 
2016  12  30   9   0   0  2.3976893679271143e-03 
2016  12  30   9  30   0  2.7025181599533011e-03 
2016  12  30  10   0   0  3.0298177732563862e-03 
2016  12  30  10  30   0  2.9534005688099914e-03 
2016  12  30  11   0   0  2.8657035947473133e-03 
2016  12  30  11  30   0  2.9912810936130125e-03 
2016  12  30  12   0   0  3.1073490083704828e-03 
2016  12  30  12  30   0  3.4639289021336367e-03 
2016  12  30  13   0   0  3.8140071757598259e-03 
2016  12  30  13  30   0  4.0919257618593028e-03 
2016  12  30  14   0   0  4.3329182938899964e-03 
2016  12  30  14  30   0  4.3955472947129377e-03 
2016  12  30  15   0   0  4.5548512716039090e-03 
2016  12  30  15  30   0  4.9340882880293630e-03 
2016  12  30  16   0   0  4.9609546492157706e-03 
2016  12  30  16  30   0  5.0841745306437307e-03 
2016  12  30  17   0   0  5.2560696922383425e-03 
2016  12  30  17  30   0  5.1921723390628638e-03 
2016  12  30  18   0   0  4.9046354799721081e-03 
2016  12  30  18  30   0  4.6021265125885547e-03 
2016  12  30  19   0   0  4.2358248658626828e-03 
2016  12  30  19  30   0  3.9640102117549916e-03 
2016  12  30  20   0   0  3.8009915424092977e-03 
2016  12  30  20  30   0  3.7471425869479188e-03 
2016  12  30  21   0   0  3.7068921832129420e-03 
2016  12  30  21  30   0  3.7209380856566736e-03 
2016  12  30  22   0   0  3.6592206011680701e-03 
2016  12  30  22  30   0  3.5814263457347802e-03 
2016  12  30  23   0   0  3.5644940357350430e-03 
2016  12  30  23  30   0  3.5615481381034032e-03 
2016  12  31   0   0   0  3.8220052194368847e-03 
2016  12  31   0  30   0  3.7295703308632823e-03 
2016  12  31   1   0   0  3.7222486843937037e-03 
2016  12  31   1  30   0  3.7944862921671682e-03 
2016  12  31   2   0   0  3.7882663877493103e-03 
2016  12  31   2  30   0  3.6995555581593206e-03 
2016  12  31   3   0   0  3.6886255457441231e-03 
2016  12  31   3  30   0  3.7575463646773986e-03 
2016  12  31   4   0   0  3.7501740290936838e-03 
2016  12  31   4  30   0  3.7427931854724923e-03 
2016  12  31   5   0   0  3.6546512133412141e-03 
2016  12  31   5  30   0  3.6537053227462847e-03 
2016  12  31   6   0   0  3.7392123258556498e-03 
2016  12  31   6  30   0  3.7477073152618629e-03 
2016  12  31   7   0   0  3.7570566084847456e-03 
2016  12  31   7  30   0  3.6795194345807369e-03 
2016  12  31   8   0   0  3.6894055402744556e-03 
2016  12  31   8  30   0  3.7069810664366286e-03 
2016  12  31   9   0   0  3.7281366323221460e-03 
2016  12  31   9  30   0  3.7515555836954845e-03 
2016  12  31  10   0   0  3.7792163586156799e-03 
2016  12  31  10  30   0  3.8011186925846034e-03 
2016  12  31  11   0   0  3.8169472041541378e-03 
2016  12  31  11  30   0  3.8348871425807345e-03 
2016  12  31  12   0   0  3.8548484771618752e-03 
2016  12  31  12  30   0  3.8725710191256980e-03 
2016  12  31  13   0   0  3.8885206566723141e-03 
2016  12  31  13  30   0  3.8976715289629938e-03 
2016  12  31  14   0   0  3.9001449943384214e-03 
2016  12  31  14  30   0  3.8982390190692470e-03 
2016  12  31  15   0   0  3.8926061510646823e-03 
2016  12  31  15  30   0  3.8853956376662655e-03 
2016  12  31  16   0   0  3.8751272737873035e-03 
2016  12  31  16  30   0  3.8573071891195602e-03 
2016  12  31  17   0   0  3.8388272201833463e-03 
2016  12  31  17  30   0  3.8176225176424802e-03 
2016  12  31  18   0   0  3.7920704993067481e-03 
2016  12  31  18  30   0  3.7674798560906079e-03 
2016  12  31  19   0   0  3.7480353496764781e-03 
2016  12  31  19  30   0  3.7788638372478686e-03 
2016  12  31  20   0   0  3.7279434490653731e-03 
2016  12  31  20  30   0  3.7257473735167359e-03 
2016  12  31  21   0   0  3.7274181556004090e-03 
2016  12  31  21  30   0  3.7299070858841997e-03 
2016  12  31  22   0   0  3.7632519701280053e-03 
2016  12  31  22  30   0  3.7641155187906855e-03 
2016  12  31  23   0   0  3.7662562313952284e-03 
2016  12  31  23  30   0  3.7700282698780951e-03 
2017   1   1   0   0   0  3.7700282698780951e-03 
