   0   0   0   0   0   0  0.000311 
2016   3   1   0   0   0  3.1124415977261535e-04 
2016   3   1   0  30   0  3.1417821934430447e-04 
2016   3   1   1   0   0  2.8835715288487988e-04 
2016   3   1   1  30   0  2.6302952613367891e-04 
2016   3   1   2   0   0  2.5930116281208535e-04 
2016   3   1   2  30   0  2.4491695427322237e-04 
2016   3   1   3   0   0  2.6238270681222319e-04 
2016   3   1   3  30   0  2.7584879687413003e-04 
2016   3   1   4   0   0  2.9688109020156907e-04 
2016   3   1   4  30   0  3.5070470395471252e-04 
2016   3   1   5   0   0  4.0590184613472252e-04 
2016   3   1   5  30   0  4.2788593213062716e-04 
2016   3   1   6   0   0  4.4001116846687741e-04 
2016   3   1   6  30   0  4.3169100804480462e-04 
2016   3   1   7   0   0  4.1916696006318580e-04 
2016   3   1   7  30   0  4.1829894503622066e-04 
2016   3   1   8   0   0  3.9201751856774911e-04 
2016   3   1   8  30   0  3.7621014689013507e-04 
2016   3   1   9   0   0  3.2202124199555101e-04 
2016   3   1   9  30   0  2.8955598504932888e-04 
2016   3   1  10   0   0  2.3381561408694173e-04 
2016   3   1  10  30   0  1.9665797459526903e-04 
2016   3   1  11   0   0  2.1730255023933169e-04 
2016   3   1  11  30   0  2.4146949713432279e-04 
2016   3   1  12   0   0  2.4416803700672002e-04 
2016   3   1  12  30   0  2.2045680296273648e-04 
2016   3   1  13   0   0  2.0429369494373199e-04 
2016   3   1  13  30   0  1.8572184943007738e-04 
2016   3   1  14   0   0  1.7411900357564648e-04 
2016   3   1  14  30   0  1.6822421037197797e-04 
2016   3   1  15   0   0  1.6232454509633489e-04 
2016   3   1  15  30   0  1.5611424856320323e-04 
2016   3   1  16   0   0  1.5748424969179423e-04 
2016   3   1  16  30   0  1.5685516416818977e-04 
2016   3   1  17   0   0  1.5378836131322866e-04 
2016   3   1  17  30   0  1.5152719879267120e-04 
2016   3   1  18   0   0  1.5948580515021926e-04 
2016   3   1  18  30   0  1.8362326208830871e-04 
2016   3   1  19   0   0  1.8320397049044357e-04 
2016   3   1  19  30   0  2.0595548953472885e-04 
2016   3   1  20   0   0  2.4272866496632058e-04 
2016   3   1  20  30   0  2.2960356666513730e-04 
2016   3   1  21   0   0  2.6039490586219033e-04 
2016   3   1  21  30   0  2.8765889617226302e-04 
2016   3   1  22   0   0  3.0194568456125655e-04 
2016   3   1  22  30   0  2.9744764076597137e-04 
2016   3   1  23   0   0  3.0144675217451454e-04 
2016   3   1  23  30   0  3.0022402606713606e-04 
2016   3   2   0   0   0  3.2152676338703808e-04 
2016   3   2   0  30   0  3.4008558063825255e-04 
2016   3   2   1   0   0  3.3912769865885207e-04 
2016   3   2   1  30   0  3.4697324467968855e-04 
2016   3   2   2   0   0  3.4241889132594387e-04 
2016   3   2   2  30   0  3.3302859462526387e-04 
2016   3   2   3   0   0  3.5881312787766997e-04 
2016   3   2   3  30   0  3.7245205962572277e-04 
2016   3   2   4   0   0  3.9434575519743046e-04 
2016   3   2   4  30   0  4.8611467728815796e-04 
2016   3   2   5   0   0  5.2665760106289621e-04 
2016   3   2   5  30   0  5.1403638340815413e-04 
2016   3   2   6   0   0  5.2850845462538152e-04 
2016   3   2   6  30   0  5.4922810748089421e-04 
2016   3   2   7   0   0  6.2187854299071779e-04 
2016   3   2   7  30   0  6.2571573110904017e-04 
2016   3   2   8   0   0  5.9561458978775179e-04 
2016   3   2   8  30   0  5.6225775445956257e-04 
2016   3   2   9   0   0  5.0126403700614421e-04 
2016   3   2   9  30   0  4.7365032380483651e-04 
2016   3   2  10   0   0  4.4362299587583808e-04 
2016   3   2  10  30   0  3.9268209506492115e-04 
2016   3   2  11   0   0  3.3439185115987746e-04 
2016   3   2  11  30   0  2.9495833083738901e-04 
2016   3   2  12   0   0  2.8615014541670357e-04 
2016   3   2  12  30   0  2.4672594039498068e-04 
2016   3   2  13   0   0  2.2779523874732455e-04 
2016   3   2  13  30   0  2.5120376787549179e-04 
2016   3   2  14   0   0  2.6880347972764440e-04 
2016   3   2  14  30   0  2.4732922361252977e-04 
2016   3   2  15   0   0  2.1722037508292935e-04 
2016   3   2  15  30   0  2.1173075227235517e-04 
2016   3   2  16   0   0  2.0441115960162317e-04 
2016   3   2  16  30   0  2.1263400442552346e-04 
2016   3   2  17   0   0  2.1077667325978956e-04 
2016   3   2  17  30   0  2.1471047553000934e-04 
2016   3   2  18   0   0  2.2826360381978221e-04 
2016   3   2  18  30   0  2.4786933171231041e-04 
2016   3   2  19   0   0  2.4589771062067290e-04 
2016   3   2  19  30   0  2.6191569028970082e-04 
2016   3   2  20   0   0  2.4711801280166609e-04 
2016   3   2  20  30   0  2.1472999049577352e-04 
2016   3   2  21   0   0  1.9684580848766691e-04 
2016   3   2  21  30   0  1.8459764387358042e-04 
2016   3   2  22   0   0  1.8301286970892820e-04 
2016   3   2  22  30   0  1.7000816468585285e-04 
2016   3   2  23   0   0  1.7830433754264079e-04 
2016   3   2  23  30   0  1.7060583245922446e-04 
2016   3   3   0   0   0  1.8219770611152647e-04 
2016   3   3   0  30   0  1.8315474530937090e-04 
2016   3   3   1   0   0  2.0490999850882732e-04 
2016   3   3   1  30   0  2.1634075138378175e-04 
2016   3   3   2   0   0  1.9491235271191888e-04 
2016   3   3   2  30   0  1.8836038517067429e-04 
2016   3   3   3   0   0  1.9874949803330694e-04 
2016   3   3   3  30   0  2.1047984126263479e-04 
2016   3   3   4   0   0  2.1358836755964021e-04 
2016   3   3   4  30   0  2.0977492853283173e-04 
2016   3   3   5   0   0  2.2222983744327708e-04 
2016   3   3   5  30   0  2.3266422886525088e-04 
2016   3   3   6   0   0  2.3653800653329138e-04 
2016   3   3   6  30   0  2.5278133664636355e-04 
2016   3   3   7   0   0  2.6198392672995859e-04 
2016   3   3   7  30   0  2.7053291115129393e-04 
2016   3   3   8   0   0  2.7512165619799240e-04 
2016   3   3   8  30   0  2.9914635492941547e-04 
2016   3   3   9   0   0  3.1133518134666396e-04 
2016   3   3   9  30   0  3.2365844354981753e-04 
2016   3   3  10   0   0  3.1594747827010583e-04 
2016   3   3  10  30   0  3.1557086137078507e-04 
2016   3   3  11   0   0  3.1618697585338804e-04 
2016   3   3  11  30   0  2.9857322736821947e-04 
2016   3   3  12   0   0  2.8894763127268480e-04 
2016   3   3  12  30   0  2.7811163336865434e-04 
2016   3   3  13   0   0  2.7653703236774681e-04 
2016   3   3  13  30   0  2.7115137338745146e-04 
2016   3   3  14   0   0  2.6962571118588661e-04 
2016   3   3  14  30   0  2.8864770117616477e-04 
2016   3   3  15   0   0  3.1078950923032437e-04 
2016   3   3  15  30   0  3.1184004714947803e-04 
2016   3   3  16   0   0  2.7706931156061613e-04 
2016   3   3  16  30   0  2.7273811792425501e-04 
2016   3   3  17   0   0  2.7917950460856598e-04 
2016   3   3  17  30   0  2.8846469239273369e-04 
2016   3   3  18   0   0  2.9056896621194384e-04 
2016   3   3  18  30   0  2.9477901064218565e-04 
2016   3   3  19   0   0  2.9600863236485200e-04 
2016   3   3  19  30   0  2.9938762343554215e-04 
2016   3   3  20   0   0  3.0780997121952064e-04 
2016   3   3  20  30   0  3.0567880698932506e-04 
2016   3   3  21   0   0  3.1527170762571236e-04 
2016   3   3  21  30   0  3.1566626158067431e-04 
2016   3   3  22   0   0  3.2209264648139251e-04 
2016   3   3  22  30   0  3.2415202132019558e-04 
2016   3   3  23   0   0  3.3284474066043446e-04 
2016   3   3  23  30   0  3.3386128238914339e-04 
2016   3   4   0   0   0  3.5100313720329242e-04 
2016   3   4   0  30   0  4.9045528565249427e-04 
2016   3   4   1   0   0  3.7200258531884924e-04 
2016   3   4   1  30   0  3.3980052798168427e-04 
2016   3   4   2   0   0  3.7641404964389196e-04 
2016   3   4   2  30   0  4.0109656701867001e-04 
2016   3   4   3   0   0  4.1559576296542391e-04 
2016   3   4   3  30   0  4.2321192090872531e-04 
2016   3   4   4   0   0  4.3592722102829882e-04 
2016   3   4   4  30   0  4.3568353192335424e-04 
2016   3   4   5   0   0  4.3869449471547795e-04 
2016   3   4   5  30   0  4.4793613284152816e-04 
2016   3   4   6   0   0  4.5258075697407750e-04 
2016   3   4   6  30   0  4.5513159306735971e-04 
2016   3   4   7   0   0  4.5453104018124829e-04 
2016   3   4   7  30   0  4.5773651271267585e-04 
2016   3   4   8   0   0  4.5186932130782272e-04 
2016   3   4   8  30   0  4.2121340108022544e-04 
2016   3   4   9   0   0  3.9307190506367336e-04 
2016   3   4   9  30   0  3.6756678815950890e-04 
2016   3   4  10   0   0  3.7148444538809755e-04 
2016   3   4  10  30   0  3.9610369620357024e-04 
2016   3   4  11   0   0  3.8833203014009010e-04 
2016   3   4  11  30   0  3.8607670947408436e-04 
2016   3   4  12   0   0  3.8739983842662307e-04 
2016   3   4  12  30   0  4.0457039838315414e-04 
2016   3   4  13   0   0  4.3439947370597681e-04 
2016   3   4  13  30   0  4.9449389186309080e-04 
2016   3   4  14   0   0  5.5327905073519659e-04 
2016   3   4  14  30   0  5.4485561819774626e-04 
2016   3   4  15   0   0  5.3128477002277301e-04 
2016   3   4  15  30   0  5.1388176609776346e-04 
2016   3   4  16   0   0  4.9879093644721549e-04 
2016   3   4  16  30   0  5.0919677924326048e-04 
2016   3   4  17   0   0  5.1889865480144956e-04 
2016   3   4  17  30   0  5.4226858627159458e-04 
2016   3   4  18   0   0  5.6095480470590435e-04 
2016   3   4  18  30   0  5.6191312282212859e-04 
2016   3   4  19   0   0  5.5990155459413940e-04 
2016   3   4  19  30   0  5.5654999928952628e-04 
2016   3   4  20   0   0  5.4316458083406927e-04 
2016   3   4  20  30   0  5.5005364471889600e-04 
2016   3   4  21   0   0  5.3023789834825540e-04 
2016   3   4  21  30   0  5.1546937930503926e-04 
2016   3   4  22   0   0  4.9186539351113402e-04 
2016   3   4  22  30   0  4.7583035480241938e-04 
2016   3   4  23   0   0  4.7378350146089936e-04 
2016   3   4  23  30   0  4.7155688995174601e-04 
2016   3   5   0   0   0  4.6229126386082369e-04 
2016   3   5   0  30   0  4.5026540582215050e-04 
2016   3   5   1   0   0  4.4805642431956116e-04 
2016   3   5   1  30   0  4.4895291361159791e-04 
2016   3   5   2   0   0  4.6478824416498315e-04 
2016   3   5   2  30   0  4.7123493911314977e-04 
2016   3   5   3   0   0  4.6870456773468437e-04 
2016   3   5   3  30   0  4.5762860076545742e-04 
2016   3   5   4   0   0  4.5133149888976757e-04 
2016   3   5   4  30   0  4.4341298928929584e-04 
2016   3   5   5   0   0  4.4577414153806357e-04 
2016   3   5   5  30   0  4.3415150975027495e-04 
2016   3   5   6   0   0  4.1360701855841172e-04 
2016   3   5   6  30   0  3.8998923417780636e-04 
2016   3   5   7   0   0  3.6200900516127630e-04 
2016   3   5   7  30   0  3.5010053151050645e-04 
2016   3   5   8   0   0  3.0953269890330128e-04 
2016   3   5   8  30   0  3.0376842600457357e-04 
2016   3   5   9   0   0  2.8667979589869718e-04 
2016   3   5   9  30   0  2.7250089679497114e-04 
2016   3   5  10   0   0  2.6532005395521788e-04 
2016   3   5  10  30   0  2.6070405681816541e-04 
2016   3   5  11   0   0  3.0583987379371292e-04 
2016   3   5  11  30   0  3.2534195938671161e-04 
2016   3   5  12   0   0  3.2908392210500610e-04 
2016   3   5  12  30   0  3.3534336206872298e-04 
2016   3   5  13   0   0  3.0221045594672029e-04 
2016   3   5  13  30   0  2.9451947104645209e-04 
2016   3   5  14   0   0  3.4781646764672601e-04 
2016   3   5  14  30   0  2.5749977966241390e-04 
2016   3   5  15   0   0  2.5210130183330701e-04 
2016   3   5  15  30   0  2.5968821505929790e-04 
2016   3   5  16   0   0  3.0972958669151098e-04 
2016   3   5  16  30   0  3.4241206615647375e-04 
2016   3   5  17   0   0  3.1282191002160009e-04 
2016   3   5  17  30   0  3.1732991613972201e-04 
2016   3   5  18   0   0  3.3500187375279389e-04 
2016   3   5  18  30   0  3.5287397697201980e-04 
2016   3   5  19   0   0  3.5628420510215483e-04 
2016   3   5  19  30   0  3.5094708597634291e-04 
2016   3   5  20   0   0  3.4173134914489237e-04 
2016   3   5  20  30   0  3.3476556764033453e-04 
2016   3   5  21   0   0  3.4449519326572547e-04 
2016   3   5  21  30   0  3.4854120167751091e-04 
2016   3   5  22   0   0  3.8742937260224068e-04 
2016   3   5  22  30   0  4.4735191850554112e-04 
2016   3   5  23   0   0  4.4047878888756758e-04 
2016   3   5  23  30   0  4.2785303177715254e-04 
2016   3   6   0   0   0  3.6629482586506056e-04 
2016   3   6   0  30   0  3.4509069074353474e-04 
2016   3   6   1   0   0  3.3577960626888001e-04 
2016   3   6   1  30   0  3.2664696571083735e-04 
2016   3   6   2   0   0  3.2781229129534258e-04 
2016   3   6   2  30   0  3.1992245099720057e-04 
2016   3   6   3   0   0  3.1344751328232963e-04 
2016   3   6   3  30   0  3.0610584322183441e-04 
2016   3   6   4   0   0  2.9389555073577298e-04 
2016   3   6   4  30   0  2.7957213417668242e-04 
2016   3   6   5   0   0  2.6446326418162866e-04 
2016   3   6   5  30   0  2.5329913576480658e-04 
2016   3   6   6   0   0  2.3540534360268515e-04 
2016   3   6   6  30   0  2.0938078423128959e-04 
2016   3   6   7   0   0  1.8987114584555570e-04 
2016   3   6   7  30   0  1.6592607629527738e-04 
2016   3   6   8   0   0  1.5121229123223615e-04 
2016   3   6   8  30   0  1.4018527863121714e-04 
2016   3   6   9   0   0  1.3120185298230255e-04 
2016   3   6   9  30   0  1.2032928504986161e-04 
2016   3   6  10   0   0  1.0197345580784125e-04 
2016   3   6  10  30   0  8.6350259642066526e-05 
2016   3   6  11   0   0  8.2767766359715056e-05 
2016   3   6  11  30   0  8.5484333773127867e-05 
2016   3   6  12   0   0  8.9139594343404179e-05 
2016   3   6  12  30   0  8.7816316888967866e-05 
2016   3   6  13   0   0  7.2397334910406636e-05 
2016   3   6  13  30   0  5.8158742857612007e-05 
2016   3   6  14   0   0  5.6454286486557810e-05 
2016   3   6  14  30   0  5.8280771963414814e-05 
2016   3   6  15   0   0  6.6265964032380118e-05 
2016   3   6  15  30   0  8.6307135713648394e-05 
2016   3   6  16   0   0  7.2374243140959713e-05 
2016   3   6  16  30   0  6.9411928653825608e-05 
2016   3   6  17   0   0  6.4399328608541980e-05 
2016   3   6  17  30   0  6.9696804978931363e-05 
2016   3   6  18   0   0  7.8711210556031201e-05 
2016   3   6  18  30   0  1.1248137357708625e-04 
2016   3   6  19   0   0  1.3378667424414134e-04 
2016   3   6  19  30   0  1.2145431398600977e-04 
2016   3   6  20   0   0  1.1509175742242454e-04 
2016   3   6  20  30   0  1.0413638653285433e-04 
2016   3   6  21   0   0  9.4286773454074643e-05 
2016   3   6  21  30   0  9.7824457180028485e-05 
2016   3   6  22   0   0  1.0221552851022168e-04 
2016   3   6  22  30   0  1.0729621637288255e-04 
2016   3   6  23   0   0  1.1344126990214032e-04 
2016   3   6  23  30   0  1.1711518691335001e-04 
2016   3   7   0   0   0  7.9813213811818907e-05 
2016   3   7   0  30   0  8.7036147117094167e-05 
2016   3   7   1   0   0  1.1234950111098014e-04 
2016   3   7   1  30   0  1.6675700862986637e-04 
2016   3   7   2   0   0  2.3452440690103016e-04 
2016   3   7   2  30   0  2.5305519748333683e-04 
2016   3   7   3   0   0  2.8599218552366034e-04 
2016   3   7   3  30   0  3.1457453051175944e-04 
2016   3   7   4   0   0  2.7243000864394319e-04 
2016   3   7   4  30   0  2.5260485777049550e-04 
2016   3   7   5   0   0  2.4356367402370572e-04 
2016   3   7   5  30   0  2.2355961426679703e-04 
2016   3   7   6   0   0  2.3473834542838936e-04 
2016   3   7   6  30   0  2.3123967292273468e-04 
2016   3   7   7   0   0  2.2723633516411249e-04 
2016   3   7   7  30   0  2.2589910244937995e-04 
2016   3   7   8   0   0  2.2060098699928392e-04 
2016   3   7   8  30   0  2.0966250266900042e-04 
2016   3   7   9   0   0  2.0245134148843465e-04 
2016   3   7   9  30   0  1.9955370867212624e-04 
2016   3   7  10   0   0  1.8562727621173640e-04 
2016   3   7  10  30   0  1.7620259800581853e-04 
2016   3   7  11   0   0  1.6269807138156935e-04 
2016   3   7  11  30   0  1.4617289619571868e-04 
2016   3   7  12   0   0  1.3075438182953846e-04 
2016   3   7  12  30   0  9.0917489303075309e-05 
2016   3   7  13   0   0  6.1070011415334196e-05 
2016   3   7  13  30   0  3.3261457442120247e-05 
2016   3   7  14   0   0  2.9029975596288728e-05 
2016   3   7  14  30   0  1.3017835693027048e-05 
2016   3   7  15   0   0  3.9531533966891084e-06 
2016   3   7  15  30   0  9.9930886537301266e-06 
2016   3   7  16   0   0  2.7555966360409413e-06 
2016   3   7  16  30   0  2.7688415423235503e-06 
2016   3   7  17   0   0  2.8395056275259074e-06 
2016   3   7  17  30   0  2.9827959393559625e-06 
2016   3   7  18   0   0  3.5968269810398668e-06 
2016   3   7  18  30   0  4.0035738235531257e-06 
2016   3   7  19   0   0  1.9655414232790732e-05 
2016   3   7  19  30   0  2.0199305827645165e-05 
2016   3   7  20   0   0  9.9702253629050252e-06 
2016   3   7  20  30   0  9.5062075283544256e-06 
2016   3   7  21   0   0  5.1991386274514495e-06 
2016   3   7  21  30   0  2.2342698167718798e-05 
2016   3   7  22   0   0  1.2488500493447250e-05 
2016   3   7  22  30   0  5.9348477222978655e-06 
2016   3   7  23   0   0  7.1910121596497124e-06 
2016   3   7  23  30   0  2.6110116470774007e-05 
2016   3   8   0   0   0  2.2909705016273393e-04 
2016   3   8   0  30   0  2.6622093017873933e-04 
2016   3   8   1   0   0  3.1355316995460453e-04 
2016   3   8   1  30   0  3.6831278489164363e-04 
2016   3   8   2   0   0  4.1911212236787535e-04 
2016   3   8   2  30   0  4.3014613025282254e-04 
2016   3   8   3   0   0  4.5839042621153783e-04 
2016   3   8   3  30   0  4.7643549921577049e-04 
2016   3   8   4   0   0  4.7411473134113845e-04 
2016   3   8   4  30   0  4.4795726106282177e-04 
2016   3   8   5   0   0  4.2459845254177385e-04 
2016   3   8   5  30   0  4.1910101071242326e-04 
2016   3   8   6   0   0  4.4329135140189381e-04 
2016   3   8   6  30   0  4.4695204158425234e-04 
2016   3   8   7   0   0  4.2180751881583037e-04 
2016   3   8   7  30   0  3.8162789788041672e-04 
2016   3   8   8   0   0  3.4447254750984136e-04 
2016   3   8   8  30   0  3.0414899035608080e-04 
2016   3   8   9   0   0  2.7826384938058556e-04 
2016   3   8   9  30   0  2.8939091265101058e-04 
2016   3   8  10   0   0  2.6705865268050939e-04 
2016   3   8  10  30   0  2.5122228371730584e-04 
2016   3   8  11   0   0  2.1930827407000653e-04 
2016   3   8  11  30   0  1.8332910829311179e-04 
2016   3   8  12   0   0  1.8174977177595590e-04 
2016   3   8  12  30   0  1.7103306407616835e-04 
2016   3   8  13   0   0  1.8823694080470651e-04 
2016   3   8  13  30   0  2.0068723105586803e-04 
2016   3   8  14   0   0  1.7607573632419016e-04 
2016   3   8  14  30   0  1.4177876362617749e-04 
2016   3   8  15   0   0  1.1888863508404787e-04 
2016   3   8  15  30   0  1.2383912636188552e-04 
2016   3   8  16   0   0  1.0602453692971145e-04 
2016   3   8  16  30   0  1.0725852629543438e-04 
2016   3   8  17   0   0  1.0460241027008525e-04 
2016   3   8  17  30   0  2.0391037269913814e-04 
2016   3   8  18   0   0  3.8261813654806803e-04 
2016   3   8  18  30   0  3.9154403214217750e-04 
2016   3   8  19   0   0  3.6354033405564337e-04 
2016   3   8  19  30   0  3.7662119228378091e-04 
2016   3   8  20   0   0  3.8229252998926412e-04 
2016   3   8  20  30   0  4.1230644484029484e-04 
2016   3   8  21   0   0  4.2416364261193293e-04 
2016   3   8  21  30   0  4.3971965636731053e-04 
2016   3   8  22   0   0  4.8733043542568434e-04 
2016   3   8  22  30   0  4.7281783140566854e-04 
2016   3   8  23   0   0  4.7405141062077644e-04 
2016   3   8  23  30   0  4.6660321561685711e-04 
2016   3   9   0   0   0  4.8680758181456621e-04 
2016   3   9   0  30   0  4.1108082489045529e-04 
2016   3   9   1   0   0  3.9324831818003312e-04 
2016   3   9   1  30   0  3.6032863585760082e-04 
2016   3   9   2   0   0  3.6693069354108400e-04 
2016   3   9   2  30   0  3.7257306880562262e-04 
2016   3   9   3   0   0  3.8298499458219558e-04 
2016   3   9   3  30   0  3.9745484255512299e-04 
2016   3   9   4   0   0  4.0672668212732641e-04 
2016   3   9   4  30   0  3.8924850915558377e-04 
2016   3   9   5   0   0  3.6844850156871121e-04 
2016   3   9   5  30   0  3.4807297385762870e-04 
2016   3   9   6   0   0  3.2626026192017569e-04 
2016   3   9   6  30   0  3.2841289398818951e-04 
2016   3   9   7   0   0  3.3127641227574791e-04 
2016   3   9   7  30   0  3.2355977643427642e-04 
2016   3   9   8   0   0  4.2397314042305737e-04 
2016   3   9   8  30   0  4.6365975528374169e-04 
2016   3   9   9   0   0  3.8677243028330840e-04 
2016   3   9   9  30   0  3.9577976388197592e-04 
2016   3   9  10   0   0  3.7893754683493739e-04 
2016   3   9  10  30   0  3.5472834249945079e-04 
2016   3   9  11   0   0  3.3371673519917071e-04 
2016   3   9  11  30   0  3.2746985099123130e-04 
2016   3   9  12   0   0  2.9117323870244392e-04 
2016   3   9  12  30   0  2.7046562770544232e-04 
2016   3   9  13   0   0  2.2850300842880940e-04 
2016   3   9  13  30   0  2.3518458962697907e-04 
2016   3   9  14   0   0  2.1115317126173201e-04 
2016   3   9  14  30   0  2.1504146115255667e-04 
2016   3   9  15   0   0  1.9758796832571699e-04 
2016   3   9  15  30   0  1.9692234454089181e-04 
2016   3   9  16   0   0  2.1693828172202154e-04 
2016   3   9  16  30   0  2.0480179867738923e-04 
2016   3   9  17   0   0  2.0817893948333046e-04 
2016   3   9  17  30   0  2.2567134236335282e-04 
2016   3   9  18   0   0  2.6502192750917200e-04 
2016   3   9  18  30   0  2.5665430842754618e-04 
2016   3   9  19   0   0  2.5865452988735891e-04 
2016   3   9  19  30   0  2.5042996900782074e-04 
2016   3   9  20   0   0  2.8193997961392111e-04 
2016   3   9  20  30   0  3.2035887167986010e-04 
2016   3   9  21   0   0  3.2313876596395854e-04 
2016   3   9  21  30   0  3.2684909709961555e-04 
2016   3   9  22   0   0  3.2758090929337568e-04 
2016   3   9  22  30   0  3.2226908076738359e-04 
2016   3   9  23   0   0  2.8704519739610775e-04 
2016   3   9  23  30   0  2.0102172709053623e-04 
2016   3  10   0   0   0  1.5382568795465419e-04 
2016   3  10   0  30   0  1.2235532901536960e-04 
2016   3  10   1   0   0  1.2794330135149383e-04 
2016   3  10   1  30   0  1.3813738098210321e-04 
2016   3  10   2   0   0  1.5919010163650902e-04 
2016   3  10   2  30   0  1.9259232619379336e-04 
2016   3  10   3   0   0  1.9676023515931585e-04 
2016   3  10   3  30   0  2.1742082041859793e-04 
2016   3  10   4   0   0  2.2577059968177979e-04 
2016   3  10   4  30   0  2.0723162135823499e-04 
2016   3  10   5   0   0  1.9980298469370530e-04 
2016   3  10   5  30   0  1.9820807409733364e-04 
2016   3  10   6   0   0  1.9489756240753089e-04 
2016   3  10   6  30   0  1.7883683543963463e-04 
2016   3  10   7   0   0  1.6004790183092558e-04 
2016   3  10   7  30   0  1.2019209497638760e-04 
2016   3  10   8   0   0  7.4360197890753764e-05 
2016   3  10   8  30   0  4.0052820280662021e-05 
2016   3  10   9   0   0  1.6998123445817420e-05 
2016   3  10   9  30   0  5.5413070682172644e-06 
2016   3  10  10   0   0  5.4283830051818949e-06 
2016   3  10  10  30   0  5.1882008778371890e-06 
2016   3  10  11   0   0  4.5846834619979509e-06 
2016   3  10  11  30   0  4.1138392837885570e-06 
2016   3  10  12   0   0  4.0420170882687667e-06 
2016   3  10  12  30   0  3.3390244439135034e-06 
2016   3  10  13   0   0  3.2529729640325258e-06 
2016   3  10  13  30   0  3.7472170515557722e-06 
2016   3  10  14   0   0  4.5104933092683083e-06 
2016   3  10  14  30   0  4.5929045898649182e-06 
2016   3  10  15   0   0  4.6558714749867284e-06 
2016   3  10  15  30   0  4.4933172312814667e-06 
2016   3  10  16   0   0  4.4577590175626702e-06 
2016   3  10  16  30   0  4.4007523806027824e-06 
2016   3  10  17   0   0  4.2948711447268844e-06 
2016   3  10  17  30   0  4.3882762134491951e-06 
2016   3  10  18   0   0  5.8795568206748422e-06 
2016   3  10  18  30   0  2.5699088030783098e-05 
2016   3  10  19   0   0  5.5419874373573714e-05 
2016   3  10  19  30   0  9.3598277359653305e-05 
2016   3  10  20   0   0  1.3610837563812886e-04 
2016   3  10  20  30   0  1.7032030434135069e-04 
2016   3  10  21   0   0  2.1215775001086630e-04 
2016   3  10  21  30   0  2.4461467461012870e-04 
2016   3  10  22   0   0  2.6514967266529473e-04 
2016   3  10  22  30   0  2.5155231030607727e-04 
2016   3  10  23   0   0  2.8415938905254422e-04 
2016   3  10  23  30   0  2.8799420684240390e-04 
2016   3  11   0   0   0  2.5417382323451095e-04 
2016   3  11   0  30   0  2.2855983969813143e-04 
2016   3  11   1   0   0  1.9316122900067613e-04 
2016   3  11   1  30   0  1.5676238294699531e-04 
2016   3  11   2   0   0  1.6459413534361739e-04 
2016   3  11   2  30   0  1.6061256475464000e-04 
2016   3  11   3   0   0  1.5907748257707041e-04 
2016   3  11   3  30   0  1.4998097889122947e-04 
2016   3  11   4   0   0  1.4422666133160960e-04 
2016   3  11   4  30   0  1.4832901586833217e-04 
2016   3  11   5   0   0  1.5321312447995878e-04 
2016   3  11   5  30   0  1.7051313078126059e-04 
2016   3  11   6   0   0  1.9390543942701918e-04 
2016   3  11   6  30   0  2.3064417565846155e-04 
2016   3  11   7   0   0  2.5063868319905117e-04 
2016   3  11   7  30   0  2.2554229544184847e-04 
2016   3  11   8   0   0  1.8882428017802098e-04 
2016   3  11   8  30   0  1.8816804337335534e-04 
2016   3  11   9   0   0  1.7003608934888393e-04 
2016   3  11   9  30   0  1.3219156019163357e-04 
2016   3  11  10   0   0  1.0285106429998345e-04 
2016   3  11  10  30   0  9.4422070282513626e-05 
2016   3  11  11   0   0  7.8229954206682431e-05 
2016   3  11  11  30   0  6.6979486609436526e-05 
2016   3  11  12   0   0  8.3227077801548605e-05 
2016   3  11  12  30   0  8.6085479978412362e-05 
2016   3  11  13   0   0  7.7570256851851262e-05 
2016   3  11  13  30   0  6.8058340875130387e-05 
2016   3  11  14   0   0  5.0729465123944034e-05 
2016   3  11  14  30   0  3.6219919724027982e-05 
2016   3  11  15   0   0  3.8369196036018132e-05 
2016   3  11  15  30   0  4.5474842055416211e-05 
2016   3  11  16   0   0  5.8311934093255759e-05 
2016   3  11  16  30   0  6.2263416138775291e-05 
2016   3  11  17   0   0  6.4740504834055182e-05 
2016   3  11  17  30   0  7.7569454038568260e-05 
2016   3  11  18   0   0  8.8141082029119034e-05 
2016   3  11  18  30   0  1.1877609406738485e-04 
2016   3  11  19   0   0  1.4247855624848277e-04 
2016   3  11  19  30   0  1.4327047829856983e-04 
2016   3  11  20   0   0  1.4362738975004752e-04 
2016   3  11  20  30   0  1.5184450375199389e-04 
2016   3  11  21   0   0  1.5695122770189771e-04 
2016   3  11  21  30   0  1.7975948032677416e-04 
2016   3  11  22   0   0  2.3159561962138282e-04 
2016   3  11  22  30   0  2.6219653901437260e-04 
2016   3  11  23   0   0  2.7082917954739452e-04 
2016   3  11  23  30   0  2.6860168795397079e-04 
2016   3  12   0   0   0  2.3275313416894889e-04 
2016   3  12   0  30   0  2.5325240132207359e-04 
2016   3  12   1   0   0  3.0042137529476612e-04 
2016   3  12   1  30   0  2.9493015412428408e-04 
2016   3  12   2   0   0  3.2482425692797681e-04 
2016   3  12   2  30   0  3.0680004696597368e-04 
2016   3  12   3   0   0  3.1043883639900774e-04 
2016   3  12   3  30   0  3.1330048508350150e-04 
2016   3  12   4   0   0  3.1130551244459593e-04 
2016   3  12   4  30   0  3.1951832708510024e-04 
2016   3  12   5   0   0  3.3714103413030433e-04 
2016   3  12   5  30   0  3.4146640327065674e-04 
2016   3  12   6   0   0  3.4248728256196351e-04 
2016   3  12   6  30   0  3.2689741307179182e-04 
2016   3  12   7   0   0  3.1850340371425146e-04 
2016   3  12   7  30   0  3.1132800511193842e-04 
2016   3  12   8   0   0  2.8633852009365718e-04 
2016   3  12   8  30   0  2.5637959404325262e-04 
2016   3  12   9   0   0  2.1316416515558594e-04 
2016   3  12   9  30   0  1.6492343219178042e-04 
2016   3  12  10   0   0  1.3238481885324244e-04 
2016   3  12  10  30   0  1.1483233658023936e-04 
2016   3  12  11   0   0  8.7952538375293281e-05 
2016   3  12  11  30   0  7.2954842059224926e-05 
2016   3  12  12   0   0  4.6823470906521001e-05 
2016   3  12  12  30   0  2.5904403981879051e-05 
2016   3  12  13   0   0  1.5909902119319611e-05 
2016   3  12  13  30   0  1.2961311108134915e-05 
2016   3  12  14   0   0  6.5130326530677727e-06 
2016   3  12  14  30   0  2.3186756229080932e-06 
2016   3  12  15   0   0  2.3378076967143959e-06 
2016   3  12  15  30   0  2.4962673787789554e-06 
2016   3  12  16   0   0  2.5369740802117015e-06 
2016   3  12  16  30   0  2.4988348384473635e-06 
2016   3  12  17   0   0  2.6413363800025748e-06 
2016   3  12  17  30   0  2.8213097425246691e-06 
2016   3  12  18   0   0  3.1186512551578092e-06 
2016   3  12  18  30   0  9.8564572786821917e-06 
2016   3  12  19   0   0  3.3544122920212179e-05 
2016   3  12  19  30   0  6.8276343886787205e-05 
2016   3  12  20   0   0  9.8590895844352899e-05 
2016   3  12  20  30   0  1.3803522976168627e-04 
2016   3  12  21   0   0  1.7682718167838488e-04 
2016   3  12  21  30   0  1.7913591128536547e-04 
2016   3  12  22   0   0  1.2182322431102166e-04 
2016   3  12  22  30   0  8.8904867232558879e-05 
2016   3  12  23   0   0  9.1053353503259241e-05 
2016   3  12  23  30   0  7.6871763566399280e-05 
2016   3  13   0   0   0  1.1072867668041195e-04 
2016   3  13   0  30   0  1.2626066886463669e-04 
2016   3  13   1   0   0  1.2809293896221249e-04 
2016   3  13   1  30   0  1.2358598243727268e-04 
2016   3  13   2   0   0  9.4260878548635014e-05 
2016   3  13   2  30   0  8.6327988071212294e-05 
2016   3  13   3   0   0  8.7499620738776187e-05 
2016   3  13   3  30   0  4.1801885024302923e-05 
2016   3  13   4   0   0  4.9107410912638265e-06 
2016   3  13   4  30   0  5.2187827972523049e-06 
2016   3  13   5   0   0  4.9499588825923799e-06 
2016   3  13   5  30   0  4.8790889081057195e-06 
2016   3  13   6   0   0  6.8122462694546761e-06 
2016   3  13   6  30   0  3.5026606813269866e-05 
2016   3  13   7   0   0  3.5566189392701823e-05 
2016   3  13   7  30   0  4.7537125400086808e-05 
2016   3  13   8   0   0  4.1979335144121981e-05 
2016   3  13   8  30   0  4.7408311784499208e-06 
2016   3  13   9   0   0  4.5823474486237867e-06 
2016   3  13   9  30   0  4.3648881800193499e-06 
2016   3  13  10   0   0  4.3843820922574164e-06 
2016   3  13  10  30   0  4.5800061295023590e-06 
2016   3  13  11   0   0  4.6938469813618202e-06 
2016   3  13  11  30   0  4.9223670589176291e-06 
2016   3  13  12   0   0  5.2422815690637106e-06 
2016   3  13  12  30   0  5.6302068336103351e-06 
2016   3  13  13   0   0  5.9420711557203548e-06 
2016   3  13  13  30   0  5.9850144136253212e-06 
2016   3  13  14   0   0  5.2128351442144652e-06 
2016   3  13  14  30   0  5.1133440328103601e-06 
2016   3  13  15   0   0  5.1118655285226808e-06 
2016   3  13  15  30   0  5.1863545301782107e-06 
2016   3  13  16   0   0  5.4751177168416990e-06 
2016   3  13  16  30   0  5.6471429539972669e-06 
2016   3  13  17   0   0  6.1148623231891928e-06 
2016   3  13  17  30   0  6.1991648239883492e-06 
2016   3  13  18   0   0  6.2972304164410821e-06 
2016   3  13  18  30   0  6.2629846181503491e-06 
2016   3  13  19   0   0  6.3023593899988636e-06 
2016   3  13  19  30   0  3.3011537399454140e-05 
2016   3  13  20   0   0  7.1818715403201857e-05 
2016   3  13  20  30   0  1.3540230190625449e-04 
2016   3  13  21   0   0  1.9277186970079652e-04 
2016   3  13  21  30   0  2.4141783717145039e-04 
2016   3  13  22   0   0  2.8284304979771057e-04 
2016   3  13  22  30   0  3.2047710586347337e-04 
2016   3  13  23   0   0  3.3171043827038085e-04 
2016   3  13  23  30   0  3.4157593346689514e-04 
2016   3  14   0   0   0  3.1555379242310824e-04 
2016   3  14   0  30   0  3.0241890429554219e-04 
2016   3  14   1   0   0  2.9534400482716412e-04 
2016   3  14   1  30   0  2.9568139422352904e-04 
2016   3  14   2   0   0  3.1927973948410617e-04 
2016   3  14   2  30   0  3.1983826830922935e-04 
2016   3  14   3   0   0  3.1892372636776540e-04 
2016   3  14   3  30   0  2.9599696321840123e-04 
2016   3  14   4   0   0  2.6955920010910664e-04 
2016   3  14   4  30   0  2.3012519104721803e-04 
2016   3  14   5   0   0  2.0639572816626126e-04 
2016   3  14   5  30   0  1.8175023399192675e-04 
2016   3  14   6   0   0  1.4876414238560498e-04 
2016   3  14   6  30   0  1.3407846121334132e-04 
2016   3  14   7   0   0  1.2874304437944024e-04 
2016   3  14   7  30   0  1.2141718642618161e-04 
2016   3  14   8   0   0  1.1178931481789044e-04 
2016   3  14   8  30   0  1.0512439207999060e-04 
2016   3  14   9   0   0  1.0415985686348960e-04 
2016   3  14   9  30   0  1.0570889516613697e-04 
2016   3  14  10   0   0  1.0652040815475679e-04 
2016   3  14  10  30   0  1.0073499468828160e-04 
2016   3  14  11   0   0  7.6961220673438897e-05 
2016   3  14  11  30   0  5.3375072568789251e-05 
2016   3  14  12   0   0  3.3059668379478537e-05 
2016   3  14  12  30   0  5.2659221666821368e-06 
2016   3  14  13   0   0  8.3076957703762279e-07 
2016   3  14  13  30   0  8.0665581774695481e-07 
2016   3  14  14   0   0  7.1073083754217243e-07 
2016   3  14  14  30   0  7.1182811281674371e-07 
2016   3  14  15   0   0  8.7467834852862012e-07 
2016   3  14  15  30   0  9.6864809001438356e-07 
2016   3  14  16   0   0  9.7058239025890106e-07 
2016   3  14  16  30   0  1.5958190135852685e-06 
2016   3  14  17   0   0  1.0808267805669720e-05 
2016   3  14  17  30   0  2.2413036030019629e-05 
2016   3  14  18   0   0  2.9373134419195089e-05 
2016   3  14  18  30   0  4.7866760033189208e-05 
2016   3  14  19   0   0  6.2092283560415194e-05 
2016   3  14  19  30   0  5.0136890291065841e-05 
2016   3  14  20   0   0  5.5521091853843717e-05 
2016   3  14  20  30   0  6.1097549057406923e-05 
2016   3  14  21   0   0  6.9371885773387266e-05 
2016   3  14  21  30   0  7.4432654561237306e-05 
2016   3  14  22   0   0  8.4193281216418057e-05 
2016   3  14  22  30   0  9.6033749765441823e-05 
2016   3  14  23   0   0  1.0753405872441910e-04 
2016   3  14  23  30   0  1.2399738971683426e-04 
2016   3  15   0   0   0  1.2631863238236267e-04 
2016   3  15   0  30   0  1.6327387600768723e-04 
2016   3  15   1   0   0  1.7131859719576024e-04 
2016   3  15   1  30   0  1.7216812886969383e-04 
2016   3  15   2   0   0  1.7124920144045354e-04 
2016   3  15   2  30   0  1.7209646218952301e-04 
2016   3  15   3   0   0  1.8734231884418983e-04 
2016   3  15   3  30   0  1.9917527090801255e-04 
2016   3  15   4   0   0  2.5267838024933527e-04 
2016   3  15   4  30   0  2.4836902695310665e-04 
2016   3  15   5   0   0  2.5336219537841281e-04 
2016   3  15   5  30   0  4.5106881721258357e-04 
2016   3  15   6   0   0  3.4813168518088886e-04 
2016   3  15   6  30   0  3.0668075610225127e-04 
2016   3  15   7   0   0  2.4486683627360028e-04 
2016   3  15   7  30   0  2.1718514416222356e-04 
2016   3  15   8   0   0  1.8876516197190540e-04 
2016   3  15   8  30   0  1.8648811472694681e-04 
2016   3  15   9   0   0  2.0111802280314267e-04 
2016   3  15   9  30   0  2.0843381240108285e-04 
2016   3  15  10   0   0  1.9471611083651133e-04 
2016   3  15  10  30   0  1.5380343865297518e-04 
2016   3  15  11   0   0  1.3019150011318027e-04 
2016   3  15  11  30   0  1.0665892714461635e-04 
2016   3  15  12   0   0  9.5924430460266633e-05 
2016   3  15  12  30   0  6.2810714219815861e-05 
2016   3  15  13   0   0  3.6758874875774158e-05 
2016   3  15  13  30   0  1.4327136511970624e-05 
2016   3  15  14   0   0  2.2182335525726442e-06 
2016   3  15  14  30   0  2.1544277622648941e-06 
2016   3  15  15   0   0  1.7788687699212035e-06 
2016   3  15  15  30   0  1.8430100423974755e-06 
2016   3  15  16   0   0  1.9125363611459963e-06 
2016   3  15  16  30   0  1.9382590232819157e-06 
2016   3  15  17   0   0  1.8484571581940080e-06 
2016   3  15  17  30   0  1.3074431528316741e-06 
2016   3  15  18   0   0  1.8830006277217670e-06 
2016   3  15  18  30   0  2.2535939559247687e-06 
2016   3  15  19   0   0  1.6594012277533122e-06 
2016   3  15  19  30   0  2.1649821463356104e-06 
2016   3  15  20   0   0  1.8653838580968358e-06 
2016   3  15  20  30   0  1.7846972602658848e-06 
2016   3  15  21   0   0  1.9804492669722607e-06 
2016   3  15  21  30   0  1.8816138992551789e-06 
2016   3  15  22   0   0  1.6640673795151246e-06 
2016   3  15  22  30   0  1.8649458821967496e-06 
2016   3  15  23   0   0  1.9202931209921196e-06 
2016   3  15  23  30   0  3.6867468481327105e-06 
2016   3  16   0   0   0  1.4238865433960144e-05 
2016   3  16   0  30   0  1.9875276636398293e-05 
2016   3  16   1   0   0  3.1594414557931768e-05 
2016   3  16   1  30   0  4.6861811462515689e-05 
2016   3  16   2   0   0  6.7310200706468919e-05 
2016   3  16   2  30   0  5.9473442898550637e-05 
2016   3  16   3   0   0  6.6324054898177188e-05 
2016   3  16   3  30   0  7.5331621667246314e-05 
2016   3  16   4   0   0  8.8457675524879724e-05 
2016   3  16   4  30   0  8.9465745030033135e-05 
2016   3  16   5   0   0  9.6263122905481484e-05 
2016   3  16   5  30   0  9.8519310395486925e-05 
2016   3  16   6   0   0  1.1171204623710075e-04 
2016   3  16   6  30   0  9.4953249215106949e-05 
2016   3  16   7   0   0  8.4000320246814197e-05 
2016   3  16   7  30   0  6.9956715342703115e-05 
2016   3  16   8   0   0  5.2810957866483015e-05 
2016   3  16   8  30   0  3.7800004683039971e-05 
2016   3  16   9   0   0  2.7953994131504451e-05 
2016   3  16   9  30   0  1.3285714725072370e-05 
2016   3  16  10   0   0  3.9756186447414409e-06 
2016   3  16  10  30   0  9.9477200807511074e-07 
2016   3  16  11   0   0  1.0738271457808993e-06 
2016   3  16  11  30   0  1.1908017668080533e-06 
2016   3  16  12   0   0  1.2258531089090168e-06 
2016   3  16  12  30   0  1.3144835917958937e-06 
2016   3  16  13   0   0  1.3548890818629519e-06 
2016   3  16  13  30   0  1.3678386446849808e-06 
2016   3  16  14   0   0  1.5205949045073897e-06 
2016   3  16  14  30   0  1.7057996309741143e-06 
2016   3  16  15   0   0  1.6828170983645318e-06 
2016   3  16  15  30   0  1.7915402335463643e-06 
2016   3  16  16   0   0  2.2106758601673631e-06 
2016   3  16  16  30   0  1.5179300414442350e-06 
2016   3  16  17   0   0  1.4178766773597199e-06 
2016   3  16  17  30   0  1.3896766645148915e-06 
2016   3  16  18   0   0  1.2916053694432339e-06 
2016   3  16  18  30   0  1.2146614941358838e-06 
2016   3  16  19   0   0  1.2619647665300440e-06 
2016   3  16  19  30   0  1.4316927692301261e-06 
2016   3  16  20   0   0  2.1232848552713274e-06 
2016   3  16  20  30   0  2.2205472843597338e-06 
2016   3  16  21   0   0  1.9490408821682124e-06 
2016   3  16  21  30   0  1.7189278134551213e-06 
2016   3  16  22   0   0  1.7353792630106182e-06 
2016   3  16  22  30   0  5.6624559439409650e-06 
2016   3  16  23   0   0  1.7777582066457057e-06 
2016   3  16  23  30   0  1.8167433738824593e-06 
2016   3  17   0   0   0  2.3560660315800553e-06 
2016   3  17   0  30   0  8.4903373608201810e-06 
2016   3  17   1   0   0  1.4420624229719651e-05 
2016   3  17   1  30   0  1.9854518724392921e-05 
2016   3  17   2   0   0  8.7723558845913414e-06 
2016   3  17   2  30   0  1.7216916986460372e-05 
2016   3  17   3   0   0  1.5590606728463320e-05 
2016   3  17   3  30   0  2.9198571669765051e-05 
2016   3  17   4   0   0  2.8963762975821154e-05 
2016   3  17   4  30   0  3.9393171745432390e-05 
2016   3  17   5   0   0  4.0192303401419301e-05 
2016   3  17   5  30   0  4.7988865252511013e-05 
2016   3  17   6   0   0  5.2882090269914942e-05 
2016   3  17   6  30   0  5.3272424002739881e-05 
2016   3  17   7   0   0  5.0354145940224308e-05 
2016   3  17   7  30   0  5.0304874781845951e-05 
2016   3  17   8   0   0  7.4902779297866725e-05 
2016   3  17   8  30   0  5.8812397242724119e-05 
2016   3  17   9   0   0  4.0685975766720185e-05 
2016   3  17   9  30   0  3.7045197426612027e-05 
2016   3  17  10   0   0  3.5717231661866174e-05 
2016   3  17  10  30   0  4.4464193738286515e-05 
2016   3  17  11   0   0  5.7904862506106731e-05 
2016   3  17  11  30   0  5.7431074907612115e-05 
2016   3  17  12   0   0  5.7676150487183981e-05 
2016   3  17  12  30   0  4.7088210419613042e-05 
2016   3  17  13   0   0  4.7458012977431811e-05 
2016   3  17  13  30   0  5.2162111431486149e-05 
2016   3  17  14   0   0  5.8786943196167886e-05 
2016   3  17  14  30   0  5.7004994816607907e-05 
2016   3  17  15   0   0  5.9859398422420209e-05 
2016   3  17  15  30   0  7.2823598644905759e-05 
2016   3  17  16   0   0  7.3665697132317240e-05 
2016   3  17  16  30   0  5.4984761877903445e-05 
2016   3  17  17   0   0  4.8851582731719009e-05 
2016   3  17  17  30   0  4.1625490724000100e-05 
2016   3  17  18   0   0  3.3539578076412319e-05 
2016   3  17  18  30   0  3.1630718366409503e-05 
2016   3  17  19   0   0  3.8059951134458536e-05 
2016   3  17  19  30   0  4.3410774005190906e-05 
2016   3  17  20   0   0  4.8541053223487671e-05 
2016   3  17  20  30   0  4.3692506348933995e-05 
2016   3  17  21   0   0  4.9486985145873773e-05 
2016   3  17  21  30   0  5.1745012441389180e-05 
2016   3  17  22   0   0  6.1420152806308342e-05 
2016   3  17  22  30   0  6.3271816259312649e-05 
2016   3  17  23   0   0  7.8678579881943212e-05 
2016   3  17  23  30   0  8.3267998857825486e-05 
2016   3  18   0   0   0  5.7163142554294427e-05 
2016   3  18   0  30   0  4.6474487670361080e-05 
2016   3  18   1   0   0  3.2696720317314639e-05 
2016   3  18   1  30   0  2.9486001493931662e-05 
2016   3  18   2   0   0  2.7689092609016496e-05 
2016   3  18   2  30   0  3.5639406738461043e-05 
2016   3  18   3   0   0  3.7622994789798740e-05 
2016   3  18   3  30   0  4.7866772895936480e-05 
2016   3  18   4   0   0  5.0617997475202601e-05 
2016   3  18   4  30   0  3.0687520956154110e-05 
2016   3  18   5   0   0  3.1802475833313728e-05 
2016   3  18   5  30   0  2.7240792296566872e-05 
2016   3  18   6   0   0  2.1390932232445437e-05 
2016   3  18   6  30   0  2.3187101601144365e-05 
2016   3  18   7   0   0  2.8815043928158753e-05 
2016   3  18   7  30   0  3.8477502984994486e-05 
2016   3  18   8   0   0  3.6310782689843374e-05 
2016   3  18   8  30   0  3.0673706984246444e-05 
2016   3  18   9   0   0  2.9726074796334151e-05 
2016   3  18   9  30   0  2.3388465388421885e-05 
2016   3  18  10   0   0  3.4851704328748918e-05 
2016   3  18  10  30   0  3.8822238391171775e-05 
2016   3  18  11   0   0  2.5470166607432594e-05 
2016   3  18  11  30   0  3.3316259697573394e-05 
2016   3  18  12   0   0  3.3563070868723003e-05 
2016   3  18  12  30   0  2.6141304527832414e-05 
2016   3  18  13   0   0  3.6457768151418226e-05 
2016   3  18  13  30   0  4.7827001251992733e-05 
2016   3  18  14   0   0  5.8230695871240503e-05 
2016   3  18  14  30   0  5.6865033641405815e-05 
2016   3  18  15   0   0  6.2363131687008478e-05 
2016   3  18  15  30   0  5.2432460361416091e-05 
2016   3  18  16   0   0  3.8106232603168854e-05 
2016   3  18  16  30   0  3.2427401656746450e-05 
2016   3  18  17   0   0  3.3960465887880744e-05 
2016   3  18  17  30   0  3.3416939982614769e-05 
2016   3  18  18   0   0  3.0217735450162568e-05 
2016   3  18  18  30   0  3.3722846350998840e-05 
2016   3  18  19   0   0  4.0105753471854045e-05 
2016   3  18  19  30   0  4.6573759529606990e-05 
2016   3  18  20   0   0  4.8571309220559036e-05 
2016   3  18  20  30   0  6.1399924107994052e-05 
2016   3  18  21   0   0  8.9823706681660140e-05 
2016   3  18  21  30   0  6.2987131321725912e-05 
2016   3  18  22   0   0  6.3503641085921347e-05 
2016   3  18  22  30   0  9.2836408781212822e-05 
2016   3  18  23   0   0  1.0704494179984558e-04 
2016   3  18  23  30   0  1.0672954336527236e-04 
2016   3  19   0   0   0  1.0504213079296443e-04 
2016   3  19   0  30   0  1.0410948107464655e-04 
2016   3  19   1   0   0  1.0372093544452063e-04 
2016   3  19   1  30   0  1.0952652603758011e-04 
2016   3  19   2   0   0  1.1100514762395719e-04 
2016   3  19   2  30   0  1.1463463474476627e-04 
2016   3  19   3   0   0  1.2055718105985512e-04 
2016   3  19   3  30   0  1.3022697609135547e-04 
2016   3  19   4   0   0  1.2518981819052255e-04 
2016   3  19   4  30   0  9.5802267402630598e-05 
2016   3  19   5   0   0  7.2798523241904099e-05 
2016   3  19   5  30   0  6.2988672626021044e-05 
2016   3  19   6   0   0  6.2697415695737923e-05 
2016   3  19   6  30   0  6.7643338939040533e-05 
2016   3  19   7   0   0  7.6969457845444149e-05 
2016   3  19   7  30   0  8.6592953217859572e-05 
2016   3  19   8   0   0  1.0244366098804012e-04 
2016   3  19   8  30   0  1.1718586825763378e-04 
2016   3  19   9   0   0  1.2437187901920280e-04 
2016   3  19   9  30   0  1.1325524559062588e-04 
2016   3  19  10   0   0  8.2288782543366067e-05 
2016   3  19  10  30   0  4.4332223231207474e-05 
2016   3  19  11   0   0  3.4460330352658395e-05 
2016   3  19  11  30   0  2.0136233900956676e-05 
2016   3  19  12   0   0  1.9374934183000028e-05 
2016   3  19  12  30   0  1.9191069722740205e-05 
2016   3  19  13   0   0  1.6233210167810132e-05 
2016   3  19  13  30   0  1.2396404780189513e-05 
2016   3  19  14   0   0  1.9681177915304085e-05 
2016   3  19  14  30   0  1.8686566025479566e-05 
2016   3  19  15   0   0  1.9972199060348206e-05 
2016   3  19  15  30   0  2.1152009533812863e-05 
2016   3  19  16   0   0  2.4155456403538909e-05 
2016   3  19  16  30   0  3.8642883265398119e-05 
2016   3  19  17   0   0  4.1080938871807067e-05 
2016   3  19  17  30   0  7.9007943900573477e-05 
2016   3  19  18   0   0  9.4737386027262481e-05 
2016   3  19  18  30   0  1.1456105242643249e-04 
2016   3  19  19   0   0  1.0071960901272954e-04 
2016   3  19  19  30   0  1.0991737727614911e-04 
2016   3  19  20   0   0  1.1574251372355857e-04 
2016   3  19  20  30   0  1.3926614391329033e-04 
2016   3  19  21   0   0  1.4631793215709557e-04 
2016   3  19  21  30   0  1.4645803255248282e-04 
2016   3  19  22   0   0  1.6616599989442254e-04 
2016   3  19  22  30   0  1.5926169785624599e-04 
2016   3  19  23   0   0  1.5263459111813102e-04 
2016   3  19  23  30   0  1.4999638606830548e-04 
2016   3  20   0   0   0  1.1025569718810311e-04 
2016   3  20   0  30   0  1.0260569990966332e-04 
2016   3  20   1   0   0  1.0189363959040860e-04 
2016   3  20   1  30   0  1.0618734154340675e-04 
2016   3  20   2   0   0  1.0803672515750526e-04 
2016   3  20   2  30   0  1.0666124554206207e-04 
2016   3  20   3   0   0  1.0114215704339061e-04 
2016   3  20   3  30   0  1.0932677003393835e-04 
2016   3  20   4   0   0  7.6603622262389888e-05 
2016   3  20   4  30   0  7.7627556707144529e-05 
2016   3  20   5   0   0  9.5906647148122186e-05 
2016   3  20   5  30   0  1.1935071011973958e-04 
2016   3  20   6   0   0  1.1750364235085018e-04 
2016   3  20   6  30   0  1.1922502558147003e-04 
2016   3  20   7   0   0  1.3380489594664200e-04 
2016   3  20   7  30   0  1.2978727154658168e-04 
2016   3  20   8   0   0  1.1229243894607902e-04 
2016   3  20   8  30   0  1.2375562125429570e-04 
2016   3  20   9   0   0  1.2130347247828157e-04 
2016   3  20   9  30   0  9.1339612964890136e-05 
2016   3  20  10   0   0  5.9883228510536728e-05 
2016   3  20  10  30   0  7.3115791826976594e-05 
2016   3  20  11   0   0  8.8739033849965425e-05 
2016   3  20  11  30   0  9.5537933374207964e-05 
2016   3  20  12   0   0  8.9609627791527655e-05 
2016   3  20  12  30   0  7.8852144483464279e-05 
2016   3  20  13   0   0  4.9559098883540907e-05 
2016   3  20  13  30   0  1.9848161566690264e-05 
2016   3  20  14   0   0  2.7965949571360706e-06 
2016   3  20  14  30   0  8.1145218312394893e-07 
2016   3  20  15   0   0  7.6882385796945514e-07 
2016   3  20  15  30   0  7.2292706051313373e-07 
2016   3  20  16   0   0  7.4358455042392160e-07 
2016   3  20  16  30   0  7.4939023317737210e-07 
2016   3  20  17   0   0  7.1719066725431986e-07 
2016   3  20  17  30   0  7.3507750970338463e-07 
2016   3  20  18   0   0  7.6113330812360066e-07 
2016   3  20  18  30   0  7.6290161632239606e-07 
2016   3  20  19   0   0  2.0705496943866087e-06 
2016   3  20  19  30   0  4.8737492230170118e-06 
2016   3  20  20   0   0  1.0244673374984227e-05 
2016   3  20  20  30   0  2.1552605083395867e-05 
2016   3  20  21   0   0  1.5859389815749289e-05 
2016   3  20  21  30   0  1.6755242049067829e-05 
2016   3  20  22   0   0  2.4355493214994230e-05 
2016   3  20  22  30   0  2.4642883277398775e-05 
2016   3  20  23   0   0  2.7338976031741639e-05 
2016   3  20  23  30   0  3.2941742178921736e-05 
2016   3  21   0   0   0  6.2712016503948211e-05 
2016   3  21   0  30   0  6.6893122051240138e-05 
2016   3  21   1   0   0  7.3099155315664829e-05 
2016   3  21   1  30   0  8.0768153462635012e-05 
2016   3  21   2   0   0  9.7187513709252020e-05 
2016   3  21   2  30   0  1.2084296055745136e-04 
2016   3  21   3   0   0  1.6359823285840795e-04 
2016   3  21   3  30   0  1.9656697515262866e-04 
2016   3  21   4   0   0  1.9867824431159039e-04 
2016   3  21   4  30   0  1.9675957484137344e-04 
2016   3  21   5   0   0  2.0309083428994974e-04 
2016   3  21   5  30   0  2.1213810776021721e-04 
2016   3  21   6   0   0  2.0064082589213097e-04 
2016   3  21   6  30   0  1.9352505267920372e-04 
2016   3  21   7   0   0  1.8744489788785005e-04 
2016   3  21   7  30   0  1.8576060356890705e-04 
2016   3  21   8   0   0  1.8079799160432446e-04 
2016   3  21   8  30   0  1.5447279184739121e-04 
2016   3  21   9   0   0  1.5746160871067005e-04 
2016   3  21   9  30   0  1.4098382981491631e-04 
2016   3  21  10   0   0  1.3448597150001970e-04 
2016   3  21  10  30   0  6.6979498521706443e-05 
2016   3  21  11   0   0  5.3471570964504677e-05 
2016   3  21  11  30   0  4.6198566338236589e-05 
2016   3  21  12   0   0  3.9329614206130227e-05 
2016   3  21  12  30   0  2.7482943400471477e-05 
2016   3  21  13   0   0  1.4090630271557430e-05 
2016   3  21  13  30   0  1.8102358892291094e-06 
2016   3  21  14   0   0  2.0683431432256539e-06 
2016   3  21  14  30   0  1.7500197067550823e-06 
2016   3  21  15   0   0  1.8029336576096792e-06 
2016   3  21  15  30   0  1.6333249812250213e-06 
2016   3  21  16   0   0  1.5069580955992992e-06 
2016   3  21  16  30   0  1.4601535026615068e-06 
2016   3  21  17   0   0  3.3190851806363040e-06 
2016   3  21  17  30   0  1.4356762503459523e-05 
2016   3  21  18   0   0  1.8687652764600147e-05 
2016   3  21  18  30   0  3.2289368050568811e-05 
2016   3  21  19   0   0  4.7351650240123465e-05 
2016   3  21  19  30   0  5.4680222871334613e-05 
2016   3  21  20   0   0  6.1864606397446026e-05 
2016   3  21  20  30   0  7.1736473555998877e-05 
2016   3  21  21   0   0  9.2862457526543418e-05 
2016   3  21  21  30   0  1.2113185756907790e-04 
2016   3  21  22   0   0  1.6300392905555680e-04 
2016   3  21  22  30   0  1.8573087401991501e-04 
2016   3  21  23   0   0  2.0173160236449891e-04 
2016   3  21  23  30   0  2.0290579383250222e-04 
2016   3  22   0   0   0  2.0756775885116626e-04 
2016   3  22   0  30   0  2.1326231672974281e-04 
2016   3  22   1   0   0  2.3078251827763388e-04 
2016   3  22   1  30   0  2.3543608689489211e-04 
2016   3  22   2   0   0  2.5349120105213404e-04 
2016   3  22   2  30   0  2.6178899316648796e-04 
2016   3  22   3   0   0  2.8053072110096158e-04 
2016   3  22   3  30   0  3.1569235660452180e-04 
2016   3  22   4   0   0  4.2400932381694595e-04 
2016   3  22   4  30   0  4.0463086002503004e-04 
2016   3  22   5   0   0  3.9496171475376858e-04 
2016   3  22   5  30   0  3.4722835808129453e-04 
2016   3  22   6   0   0  3.1450983224684417e-04 
2016   3  22   6  30   0  2.7899436606420566e-04 
2016   3  22   7   0   0  2.6308430876782659e-04 
2016   3  22   7  30   0  2.3451102027697269e-04 
2016   3  22   8   0   0  2.4067894899551097e-04 
2016   3  22   8  30   0  3.1965188830825514e-04 
2016   3  22   9   0   0  3.1912672578177635e-04 
2016   3  22   9  30   0  2.6241198957209440e-04 
2016   3  22  10   0   0  2.4385203843386088e-04 
2016   3  22  10  30   0  2.3389598465709799e-04 
2016   3  22  11   0   0  2.7793880669906105e-04 
2016   3  22  11  30   0  3.3443594122973684e-04 
2016   3  22  12   0   0  3.3235492830862120e-04 
2016   3  22  12  30   0  2.1362317080303737e-04 
2016   3  22  13   0   0  2.9177907220755866e-04 
2016   3  22  13  30   0  2.8735980350145677e-04 
2016   3  22  14   0   0  2.9400662869154260e-04 
2016   3  22  14  30   0  2.7755373735960484e-04 
2016   3  22  15   0   0  2.5835786725843420e-04 
2016   3  22  15  30   0  2.5755700719699138e-04 
2016   3  22  16   0   0  2.6167311715890131e-04 
2016   3  22  16  30   0  2.6668733925975439e-04 
2016   3  22  17   0   0  2.6021179216712426e-04 
2016   3  22  17  30   0  2.6160230244057003e-04 
2016   3  22  18   0   0  2.5790130937701364e-04 
2016   3  22  18  30   0  2.6496641921689405e-04 
2016   3  22  19   0   0  2.6911714290994140e-04 
2016   3  22  19  30   0  2.6847392922613747e-04 
2016   3  22  20   0   0  2.8037111807424061e-04 
2016   3  22  20  30   0  2.8107789505871700e-04 
2016   3  22  21   0   0  3.1429443697034598e-04 
2016   3  22  21  30   0  4.5069395219772941e-04 
2016   3  22  22   0   0  4.8823490337115950e-04 
2016   3  22  22  30   0  5.0389901032848723e-04 
2016   3  22  23   0   0  4.9419618349138791e-04 
2016   3  22  23  30   0  4.6377482889003747e-04 
2016   3  23   0   0   0  4.3762506516644123e-04 
2016   3  23   0  30   0  4.3498304806358193e-04 
2016   3  23   1   0   0  4.3185801341848510e-04 
2016   3  23   1  30   0  4.3236298165178844e-04 
2016   3  23   2   0   0  4.3711841327077493e-04 
2016   3  23   2  30   0  4.4307495578006876e-04 
2016   3  23   3   0   0  4.6517811042179368e-04 
2016   3  23   3  30   0  5.2478362982400894e-04 
2016   3  23   4   0   0  5.7261426257478477e-04 
2016   3  23   4  30   0  6.2460161918326913e-04 
2016   3  23   5   0   0  6.9799764763341717e-04 
2016   3  23   5  30   0  6.9273321198094762e-04 
2016   3  23   6   0   0  7.2239241981852367e-04 
2016   3  23   6  30   0  7.1899391214544307e-04 
2016   3  23   7   0   0  6.9863016694210901e-04 
2016   3  23   7  30   0  6.8035309787932712e-04 
2016   3  23   8   0   0  6.7851679869516577e-04 
2016   3  23   8  30   0  6.6788729396440386e-04 
2016   3  23   9   0   0  6.4322407919418622e-04 
2016   3  23   9  30   0  5.9000931094435106e-04 
2016   3  23  10   0   0  5.1591198945119543e-04 
2016   3  23  10  30   0  3.9275364263226752e-04 
2016   3  23  11   0   0  2.5189403820772324e-04 
2016   3  23  11  30   0  1.1634554480389456e-04 
2016   3  23  12   0   0  6.4086199868423213e-05 
2016   3  23  12  30   0  4.7121185267220021e-05 
2016   3  23  13   0   0  2.0349474062003355e-05 
2016   3  23  13  30   0  3.7646654034510308e-06 
2016   3  23  14   0   0  3.5670515587642608e-06 
2016   3  23  14  30   0  3.4455931754009570e-06 
2016   3  23  15   0   0  3.6572157404476013e-06 
2016   3  23  15  30   0  4.0322171130462775e-06 
2016   3  23  16   0   0  4.2974926153966604e-06 
2016   3  23  16  30   0  4.4711241774647867e-06 
2016   3  23  17   0   0  4.5367588603995486e-06 
2016   3  23  17  30   0  4.4579429780792907e-06 
2016   3  23  18   0   0  3.5583525360211232e-06 
2016   3  23  18  30   0  3.3836485753134930e-06 
2016   3  23  19   0   0  3.4033834798945221e-06 
2016   3  23  19  30   0  3.4703295176698784e-06 
2016   3  23  20   0   0  3.5722026508163974e-06 
2016   3  23  20  30   0  3.7454059282704645e-06 
2016   3  23  21   0   0  3.8205333837221157e-06 
2016   3  23  21  30   0  3.0160478920531873e-05 
2016   3  23  22   0   0  8.0668951435644904e-05 
2016   3  23  22  30   0  1.2360832540223864e-04 
2016   3  23  23   0   0  1.8819148967600291e-04 
2016   3  23  23  30   0  2.6972324162216957e-04 
2016   3  24   0   0   0  1.8756315570757416e-04 
2016   3  24   0  30   0  1.7552472722496453e-04 
2016   3  24   1   0   0  1.7761426075284592e-04 
2016   3  24   1  30   0  1.8458478392691135e-04 
2016   3  24   2   0   0  1.8009127637928343e-04 
2016   3  24   2  30   0  1.8634436018663786e-04 
2016   3  24   3   0   0  1.8867499383194819e-04 
2016   3  24   3  30   0  2.0144322183750181e-04 
2016   3  24   4   0   0  2.1155119545424205e-04 
2016   3  24   4  30   0  2.0640848482687965e-04 
2016   3  24   5   0   0  2.1149996349003797e-04 
2016   3  24   5  30   0  2.2234550565237716e-04 
2016   3  24   6   0   0  2.1988915425040178e-04 
2016   3  24   6  30   0  2.2007338284732672e-04 
2016   3  24   7   0   0  2.1650682975236395e-04 
2016   3  24   7  30   0  2.1395783458728697e-04 
2016   3  24   8   0   0  1.6636022172386073e-04 
2016   3  24   8  30   0  1.4437918544223837e-04 
2016   3  24   9   0   0  1.2317443889945778e-04 
2016   3  24   9  30   0  9.8644193480493955e-05 
2016   3  24  10   0   0  8.1012230445239703e-05 
2016   3  24  10  30   0  4.6973782454510695e-05 
2016   3  24  11   0   0  4.2427627927300551e-06 
2016   3  24  11  30   0  2.1877908657976973e-06 
2016   3  24  12   0   0  2.0573664699200555e-06 
2016   3  24  12  30   0  1.9488943624148604e-06 
2016   3  24  13   0   0  1.7110184943937871e-06 
2016   3  24  13  30   0  1.4708170972645280e-06 
2016   3  24  14   0   0  1.2940486090673368e-06 
2016   3  24  14  30   0  1.4067918283249475e-06 
2016   3  24  15   0   0  1.3543697679723286e-06 
2016   3  24  15  30   0  1.5612408414770028e-06 
2016   3  24  16   0   0  1.4469328097921600e-06 
2016   3  24  16  30   0  1.4603609796663342e-06 
2016   3  24  17   0   0  1.8598819429185273e-06 
2016   3  24  17  30   0  1.5867426540184828e-06 
2016   3  24  18   0   0  1.8152280558087611e-06 
2016   3  24  18  30   0  2.4932673505164189e-06 
2016   3  24  19   0   0  2.8270383216377974e-06 
2016   3  24  19  30   0  3.1474945065476950e-06 
2016   3  24  20   0   0  3.3725620443594580e-06 
2016   3  24  20  30   0  3.7819014954214092e-06 
2016   3  24  21   0   0  4.0589222471321025e-06 
2016   3  24  21  30   0  4.2933447797111451e-06 
2016   3  24  22   0   0  4.1316975470452530e-06 
2016   3  24  22  30   0  3.8322897304318372e-06 
2016   3  24  23   0   0  3.6342312903536067e-06 
2016   3  24  23  30   0  3.6555860632272040e-06 
2016   3  25   0   0   0  3.7229248764703692e-06 
2016   3  25   0  30   0  3.8030525521754666e-06 
2016   3  25   1   0   0  3.7771044850260741e-06 
2016   3  25   1  30   0  3.8678690274151955e-06 
2016   3  25   2   0   0  2.5747551855712189e-05 
2016   3  25   2  30   0  3.2870890995708124e-05 
2016   3  25   3   0   0  6.2517871531156418e-05 
2016   3  25   3  30   0  1.0150034459153833e-04 
2016   3  25   4   0   0  1.0522799400991464e-04 
2016   3  25   4  30   0  9.3143001983147722e-05 
2016   3  25   5   0   0  1.1298772303461873e-04 
2016   3  25   5  30   0  1.4481805677196279e-04 
2016   3  25   6   0   0  1.5287213883679118e-04 
2016   3  25   6  30   0  1.4116925333370302e-04 
2016   3  25   7   0   0  9.8512483680299556e-05 
2016   3  25   7  30   0  6.3259343910606507e-05 
2016   3  25   8   0   0  2.2814272536281729e-05 
2016   3  25   8  30   0  2.2250864857791412e-06 
2016   3  25   9   0   0  1.8021027971888762e-06 
2016   3  25   9  30   0  1.7053654461859809e-06 
2016   3  25  10   0   0  1.6475640539179868e-06 
2016   3  25  10  30   0  1.6541686857738563e-06 
2016   3  25  11   0   0  1.7536592072760628e-06 
2016   3  25  11  30   0  1.7869236836825983e-06 
2016   3  25  12   0   0  1.8900969548294304e-06 
2016   3  25  12  30   0  2.0157706658329231e-06 
2016   3  25  13   0   0  2.1842330272270927e-06 
2016   3  25  13  30   0  2.4548682308568989e-06 
2016   3  25  14   0   0  2.6878819023250484e-06 
2016   3  25  14  30   0  3.2346934119358923e-06 
2016   3  25  15   0   0  3.4442187168923976e-06 
2016   3  25  15  30   0  3.1876688727131900e-06 
2016   3  25  16   0   0  3.0410548808881558e-06 
2016   3  25  16  30   0  3.2187946727901879e-06 
2016   3  25  17   0   0  3.1169032345739849e-06 
2016   3  25  17  30   0  3.4031749147383253e-06 
2016   3  25  18   0   0  4.1379329166666566e-06 
2016   3  25  18  30   0  4.7274307979265427e-06 
2016   3  25  19   0   0  4.9767294166618361e-06 
2016   3  25  19  30   0  5.1771930320463779e-06 
2016   3  25  20   0   0  5.2575199313328522e-06 
2016   3  25  20  30   0  5.2153947073880618e-06 
2016   3  25  21   0   0  5.2144453983356895e-06 
2016   3  25  21  30   0  5.2476053058648939e-06 
2016   3  25  22   0   0  4.7781630603311836e-06 
2016   3  25  22  30   0  4.4585704535006611e-06 
2016   3  25  23   0   0  4.3702254492903531e-06 
2016   3  25  23  30   0  4.3401861670345173e-06 
2016   3  26   0   0   0  4.6946750925895807e-06 
2016   3  26   0  30   0  4.6903144051271882e-06 
2016   3  26   1   0   0  4.8205310621574881e-06 
2016   3  26   1  30   0  4.9588129663666946e-06 
2016   3  26   2   0   0  4.7869548669077115e-06 
2016   3  26   2  30   0  4.7434203464335836e-06 
2016   3  26   3   0   0  1.1271197900055791e-04 
2016   3  26   3  30   0  1.0739772377938693e-04 
2016   3  26   4   0   0  8.5401329240636007e-05 
2016   3  26   4  30   0  7.7265698757538674e-05 
2016   3  26   5   0   0  1.9210253911738502e-04 
2016   3  26   5  30   0  1.2597289218807382e-04 
2016   3  26   6   0   0  2.7776600195899677e-05 
2016   3  26   6  30   0  1.9210019318062619e-05 
2016   3  26   7   0   0  3.8143701681799162e-05 
2016   3  26   7  30   0  4.6764905515692368e-06 
2016   3  26   8   0   0  4.6122867544495931e-06 
2016   3  26   8  30   0  4.4502644734014137e-06 
2016   3  26   9   0   0  4.2189012687390772e-06 
2016   3  26   9  30   0  3.9490374876039116e-06 
2016   3  26  10   0   0  3.3683568658011584e-06 
2016   3  26  10  30   0  3.1633226810725050e-06 
2016   3  26  11   0   0  3.2175318353778962e-06 
2016   3  26  11  30   0  3.1708927858541637e-06 
2016   3  26  12   0   0  3.2525738311703418e-06 
2016   3  26  12  30   0  3.4685016834516479e-06 
2016   3  26  13   0   0  3.4445280655094910e-06 
2016   3  26  13  30   0  3.4045358721246840e-06 
2016   3  26  14   0   0  3.1033931899076695e-06 
2016   3  26  14  30   0  3.2772181363964782e-06 
2016   3  26  15   0   0  3.5131674833121401e-06 
2016   3  26  15  30   0  4.2709475384082897e-06 
2016   3  26  16   0   0  3.7905193088983374e-06 
2016   3  26  16  30   0  3.9543192850410116e-06 
2016   3  26  17   0   0  4.1465599437504173e-06 
2016   3  26  17  30   0  3.7152275317492596e-06 
2016   3  26  18   0   0  3.3367834947889807e-06 
2016   3  26  18  30   0  3.1075883227188196e-06 
2016   3  26  19   0   0  3.2674625700133429e-06 
2016   3  26  19  30   0  3.4506211089979949e-06 
2016   3  26  20   0   0  4.3055707592825594e-06 
2016   3  26  20  30   0  5.0776308511435921e-06 
2016   3  26  21   0   0  5.2310267470098596e-06 
2016   3  26  21  30   0  5.0004379174307931e-06 
2016   3  26  22   0   0  5.7364545173133049e-06 
2016   3  26  22  30   0  4.4786412236988741e-06 
2016   3  26  23   0   0  3.5166650465497364e-06 
2016   3  26  23  30   0  2.4461953308271630e-06 
2016   3  27   0   0   0  9.1768905475672113e-06 
2016   3  27   0  30   0  2.2457047625379984e-05 
2016   3  27   1   0   0  3.8430493837788611e-05 
2016   3  27   1  30   0  5.2445583926658007e-05 
2016   3  27   2   0   0  7.0798591222479443e-05 
2016   3  27   2  30   0  8.3451020501238535e-05 
2016   3  27   3   0   0  9.7761935340352494e-05 
2016   3  27   3  30   0  9.2823371583604857e-05 
2016   3  27   4   0   0  8.5874062291812887e-05 
2016   3  27   4  30   0  9.5309197982696472e-05 
2016   3  27   5   0   0  9.6675244140341900e-05 
2016   3  27   5  30   0  1.1090062211578137e-04 
2016   3  27   6   0   0  1.2203783169671982e-04 
2016   3  27   6  30   0  1.3506396793846234e-04 
2016   3  27   7   0   0  1.2920335380127369e-04 
2016   3  27   7  30   0  1.1186556173550035e-04 
2016   3  27   8   0   0  8.4067562233408166e-05 
2016   3  27   8  30   0  6.3227353095219726e-05 
2016   3  27   9   0   0  1.0649593582940015e-05 
2016   3  27   9  30   0  2.9765463774497040e-06 
2016   3  27  10   0   0  3.0657371532536209e-06 
2016   3  27  10  30   0  3.0815832205927786e-06 
2016   3  27  11   0   0  2.7215111126997405e-06 
2016   3  27  11  30   0  2.5068986157856911e-06 
2016   3  27  12   0   0  2.3882939644258418e-06 
2016   3  27  12  30   0  2.1450159908596156e-06 
2016   3  27  13   0   0  1.8664454508718779e-06 
2016   3  27  13  30   0  1.9502306341716872e-06 
2016   3  27  14   0   0  1.9155542831370074e-06 
2016   3  27  14  30   0  1.8858229752705337e-06 
2016   3  27  15   0   0  1.7563875301008199e-06 
2016   3  27  15  30   0  1.9592695369729135e-06 
2016   3  27  16   0   0  1.7333964812489111e-06 
2016   3  27  16  30   0  1.5456214862262528e-06 
2016   3  27  17   0   0  1.5939930823115163e-06 
2016   3  27  17  30   0  1.6681263328779409e-06 
2016   3  27  18   0   0  1.6319578581955840e-06 
2016   3  27  18  30   0  1.9372270997839273e-06 
2016   3  27  19   0   0  2.2335496571081029e-06 
2016   3  27  19  30   0  2.6575387356836966e-06 
2016   3  27  20   0   0  3.8716654109411792e-06 
2016   3  27  20  30   0  4.5921509896052438e-06 
2016   3  27  21   0   0  4.9207709103063643e-06 
2016   3  27  21  30   0  2.3013668243607633e-05 
2016   3  27  22   0   0  3.0670394008915144e-05 
2016   3  27  22  30   0  3.5758977832142845e-05 
2016   3  27  23   0   0  5.0527042684830394e-05 
2016   3  27  23  30   0  7.3626226929214463e-05 
2016   3  28   0   0   0  8.6225579648215991e-05 
2016   3  28   0  30   0  1.2006772390050825e-04 
2016   3  28   1   0   0  1.5643647693857726e-04 
2016   3  28   1  30   0  1.9322983639050091e-04 
2016   3  28   2   0   0  1.7943179193747011e-04 
2016   3  28   2  30   0  1.9878897249362364e-04 
2016   3  28   3   0   0  2.1473400188674560e-04 
2016   3  28   3  30   0  2.4952529952288307e-04 
2016   3  28   4   0   0  2.7855243078798715e-04 
2016   3  28   4  30   0  3.1478335829218695e-04 
2016   3  28   5   0   0  3.4169449503445020e-04 
2016   3  28   5  30   0  4.1083992047556521e-04 
2016   3  28   6   0   0  4.7083552827036746e-04 
2016   3  28   6  30   0  4.9426105790709011e-04 
2016   3  28   7   0   0  4.5019178155600851e-04 
2016   3  28   7  30   0  3.7695107695014443e-04 
2016   3  28   8   0   0  2.7060138226640492e-04 
2016   3  28   8  30   0  8.6873985930825310e-05 
2016   3  28   9   0   0  1.6044684908346378e-05 
2016   3  28   9  30   0  1.6041812574316794e-05 
2016   3  28  10   0   0  1.5968457992351685e-05 
2016   3  28  10  30   0  1.6067801161626350e-05 
2016   3  28  11   0   0  1.6412353568302032e-05 
2016   3  28  11  30   0  1.6789994991928691e-05 
2016   3  28  12   0   0  1.6739706075694813e-05 
2016   3  28  12  30   0  1.6633164402267500e-05 
2016   3  28  13   0   0  1.6906675514709213e-05 
2016   3  28  13  30   0  1.7140746507889994e-05 
2016   3  28  14   0   0  1.6830279419137238e-05 
2016   3  28  14  30   0  1.6509488295904352e-05 
2016   3  28  15   0   0  1.6338625123089508e-05 
2016   3  28  15  30   0  1.6067081007320207e-05 
2016   3  28  16   0   0  1.5757499521201643e-05 
2016   3  28  16  30   0  1.5907336522760533e-05 
2016   3  28  17   0   0  1.5740847257878227e-05 
2016   3  28  17  30   0  1.6758598803011727e-05 
2016   3  28  18   0   0  1.6846827413214937e-05 
2016   3  28  18  30   0  1.7284800020715096e-05 
2016   3  28  19   0   0  1.8979984253275463e-05 
2016   3  28  19  30   0  3.8986088711823392e-05 
2016   3  28  20   0   0  9.6264051201749883e-05 
2016   3  28  20  30   0  1.6459160574717815e-05 
2016   3  28  21   0   0  1.5860442476986336e-05 
2016   3  28  21  30   0  1.4847028069630142e-05 
2016   3  28  22   0   0  1.5423472129986505e-05 
2016   3  28  22  30   0  1.4336245665490893e-05 
2016   3  28  23   0   0  6.7539299283498380e-05 
2016   3  28  23  30   0  1.5239204378471246e-04 
2016   3  29   0   0   0  1.6092618891059437e-04 
2016   3  29   0  30   0  1.2106477975514806e-04 
2016   3  29   1   0   0  1.4856080060749523e-04 
2016   3  29   1  30   0  1.6660870608832255e-04 
2016   3  29   2   0   0  1.9053217790111670e-04 
2016   3  29   2  30   0  2.2716427152377218e-04 
2016   3  29   3   0   0  2.7129652158920035e-04 
2016   3  29   3  30   0  2.9258502817659034e-04 
2016   3  29   4   0   0  3.1416232325541413e-04 
2016   3  29   4  30   0  4.7378469436995334e-04 
2016   3  29   5   0   0  4.6523677305102418e-04 
2016   3  29   5  30   0  4.3616294495025897e-04 
2016   3  29   6   0   0  4.0699509107976710e-04 
2016   3  29   6  30   0  4.4880230260498555e-04 
2016   3  29   7   0   0  6.2466178929063826e-04 
2016   3  29   7  30   0  3.9867232238397795e-04 
2016   3  29   8   0   0  3.6748471929709092e-04 
2016   3  29   8  30   0  3.0815069627989077e-04 
2016   3  29   9   0   0  2.6813408343382322e-04 
2016   3  29   9  30   0  2.1350941505488723e-04 
2016   3  29  10   0   0  1.3008751272606953e-04 
2016   3  29  10  30   0  2.1649779966337104e-05 
2016   3  29  11   0   0  7.8876984255472506e-06 
2016   3  29  11  30   0  7.5609702925111508e-06 
2016   3  29  12   0   0  7.7505460543677641e-06 
2016   3  29  12  30   0  7.6532372070844422e-06 
2016   3  29  13   0   0  7.8587798957699179e-06 
2016   3  29  13  30   0  7.4386747714651063e-06 
2016   3  29  14   0   0  7.6160760302390500e-06 
2016   3  29  14  30   0  7.4603644034161290e-06 
2016   3  29  15   0   0  7.0788750571932689e-06 
2016   3  29  15  30   0  7.1673189656055964e-06 
2016   3  29  16   0   0  7.1466138854343354e-06 
2016   3  29  16  30   0  7.1549921885231167e-06 
2016   3  29  17   0   0  7.0500321374336100e-06 
2016   3  29  17  30   0  7.0896325575734660e-06 
2016   3  29  18   0   0  7.4311265700865739e-06 
2016   3  29  18  30   0  9.1594762497997404e-06 
2016   3  29  19   0   0  1.3523229584362776e-05 
2016   3  29  19  30   0  9.7583939647468613e-06 
2016   3  29  20   0   0  9.0536151488926985e-06 
2016   3  29  20  30   0  9.4734559683396479e-06 
2016   3  29  21   0   0  9.6373221737173335e-06 
2016   3  29  21  30   0  9.6326979840690311e-06 
2016   3  29  22   0   0  9.5466769797546674e-06 
2016   3  29  22  30   0  9.5149553407910192e-06 
2016   3  29  23   0   0  9.4514449884733118e-06 
2016   3  29  23  30   0  9.3458708427832349e-06 
2016   3  30   0   0   0  1.0137627670697603e-05 
2016   3  30   0  30   0  1.0029473437047692e-05 
2016   3  30   1   0   0  1.2165045625236182e-05 
2016   3  30   1  30   0  4.8743377153052466e-05 
2016   3  30   2   0   0  7.7482321268766840e-05 
2016   3  30   2  30   0  9.5202941686857724e-05 
2016   3  30   3   0   0  1.2121808446165442e-04 
2016   3  30   3  30   0  1.3614796671411832e-04 
2016   3  30   4   0   0  1.6422009336527447e-04 
2016   3  30   4  30   0  2.4989583188278204e-04 
2016   3  30   5   0   0  3.7180877552846697e-04 
2016   3  30   5  30   0  4.6670837833546580e-04 
2016   3  30   6   0   0  4.5329720456398296e-04 
2016   3  30   6  30   0  4.6979807488428850e-04 
2016   3  30   7   0   0  3.8875179223549992e-04 
2016   3  30   7  30   0  3.1159955958584139e-04 
2016   3  30   8   0   0  2.7654629546507652e-04 
2016   3  30   8  30   0  1.7446042497368461e-04 
2016   3  30   9   0   0  2.4494732885838463e-05 
2016   3  30   9  30   0  9.5153847053572881e-06 
2016   3  30  10   0   0  9.5130205786605647e-06 
2016   3  30  10  30   0  9.1913711701414960e-06 
2016   3  30  11   0   0  9.0609084512849531e-06 
2016   3  30  11  30   0  9.0962162242936212e-06 
2016   3  30  12   0   0  9.2089856449569917e-06 
2016   3  30  12  30   0  9.4909024454919063e-06 
2016   3  30  13   0   0  1.0129367116949037e-05 
2016   3  30  13  30   0  9.6875936301907808e-06 
2016   3  30  14   0   0  1.0117117000318330e-05 
2016   3  30  14  30   0  9.6208106835904355e-06 
2016   3  30  15   0   0  1.0103236138350647e-05 
2016   3  30  15  30   0  1.0786570364240480e-05 
2016   3  30  16   0   0  1.0970466508171630e-05 
2016   3  30  16  30   0  1.0341377918136675e-05 
2016   3  30  17   0   0  1.0195517932170625e-05 
2016   3  30  17  30   0  9.8764406768257493e-06 
2016   3  30  18   0   0  1.0000220978861433e-05 
2016   3  30  18  30   0  1.1221138263606515e-05 
2016   3  30  19   0   0  1.1353015299371609e-05 
2016   3  30  19  30   0  9.5950332004850489e-06 
2016   3  30  20   0   0  8.9235642081525584e-06 
2016   3  30  20  30   0  9.4210798079470400e-06 
2016   3  30  21   0   0  4.7656714010191098e-06 
2016   3  30  21  30   0  3.0714884115019934e-06 
2016   3  30  22   0   0  3.0025755091486482e-06 
2016   3  30  22  30   0  3.1490075699135247e-06 
2016   3  30  23   0   0  3.7263932845424677e-05 
2016   3  30  23  30   0  7.3690038727885354e-05 
2016   3  31   0   0   0  9.4739163213786509e-05 
2016   3  31   0  30   0  1.0151263830942336e-04 
2016   3  31   1   0   0  1.1648131121966192e-04 
2016   3  31   1  30   0  1.3526916800521541e-04 
2016   3  31   2   0   0  1.6943426935851004e-04 
2016   3  31   2  30   0  1.9507046804895833e-04 
2016   3  31   3   0   0  1.9455993749908833e-04 
2016   3  31   3  30   0  2.0190198037364066e-04 
2016   3  31   4   0   0  2.0587926580843731e-04 
2016   3  31   4  30   0  2.3421621491303605e-04 
2016   3  31   5   0   0  2.6825469322069374e-04 
2016   3  31   5  30   0  2.6475516821570459e-04 
2016   3  31   6   0   0  2.6050623315282862e-04 
2016   3  31   6  30   0  2.6432339028179235e-04 
2016   3  31   7   0   0  2.6237995394725401e-04 
2016   3  31   7  30   0  2.9167028869385740e-04 
2016   3  31   8   0   0  2.6701712757201093e-04 
2016   3  31   8  30   0  2.2286897515540213e-04 
2016   3  31   9   0   0  2.1354036161792177e-04 
2016   3  31   9  30   0  1.9611850071422020e-04 
2016   3  31  10   0   0  1.9957672008888015e-04 
2016   3  31  10  30   0  1.8146387873033078e-04 
2016   3  31  11   0   0  1.6394447735912400e-04 
2016   3  31  11  30   0  5.3654820593832290e-06 
2016   3  31  12   0   0  2.0870608660745415e-06 
2016   3  31  12  30   0  5.3447592186278159e-06 
2016   3  31  13   0   0  4.2196629446367950e-06 
2016   3  31  13  30   0  4.5118811082680982e-06 
2016   3  31  14   0   0  3.9500256386593121e-06 
2016   3  31  14  30   0  3.4612522593322656e-06 
2016   3  31  15   0   0  2.5931480714152166e-06 
2016   3  31  15  30   0  1.8452402972208970e-06 
2016   3  31  16   0   0  1.7978347665309502e-06 
2016   3  31  16  30   0  1.7518382786367065e-06 
2016   3  31  17   0   0  1.8273906615856771e-06 
2016   3  31  17  30   0  1.6645052256263105e-06 
2016   3  31  18   0   0  1.7509527164181014e-06 
2016   3  31  18  30   0  1.8213221870354711e-06 
2016   3  31  19   0   0  1.9038271457168150e-06 
2016   3  31  19  30   0  2.0630082819508380e-06 
2016   3  31  20   0   0  2.0963031238144664e-06 
2016   3  31  20  30   0  2.1253182443397719e-06 
2016   3  31  21   0   0  2.1710045630292919e-06 
2016   3  31  21  30   0  2.1796770896223823e-06 
2016   3  31  22   0   0  5.1448744003411459e-06 
2016   3  31  22  30   0  1.5805506733503830e-05 
2016   3  31  23   0   0  2.9308278286515679e-05 
2016   3  31  23  30   0  4.4256569053928054e-05 
2016   4   1   0   0   0  4.4256569053928054e-05 
