   0   0   0   0   0   0  0.004095 
2016   3   1   0   0   0  4.0953178917449377e-03 
2016   3   1   0  30   0  4.1339239387408484e-03 
2016   3   1   1   0   0  3.7941730642747354e-03 
2016   3   1   1  30   0  3.4609148175484064e-03 
2016   3   1   2   0   0  3.4118574054221762e-03 
2016   3   1   2  30   0  3.2225915035950315e-03 
2016   3   1   3   0   0  3.4524040370029364e-03 
2016   3   1   3  30   0  3.6295894325543421e-03 
2016   3   1   4   0   0  3.9063301342311717e-03 
2016   3   1   4  30   0  4.6145355783514816e-03 
2016   3   1   5   0   0  5.3408137649305605e-03 
2016   3   1   5  30   0  5.6300780543503577e-03 
2016   3   1   6   0   0  5.7896206377220719e-03 
2016   3   1   6  30   0  5.6801448426947974e-03 
2016   3   1   7   0   0  5.5153547376734970e-03 
2016   3   1   7  30   0  5.5039334873186931e-03 
2016   3   1   8   0   0  5.1581252443124873e-03 
2016   3   1   8  30   0  4.9501335117123043e-03 
2016   3   1   9   0   0  4.2371216052046190e-03 
2016   3   1   9  30   0  3.8099471717016956e-03 
2016   3   1  10   0   0  3.0765212379860758e-03 
2016   3   1  10  30   0  2.5876049288851184e-03 
2016   3   1  11   0   0  2.8592440820964693e-03 
2016   3   1  11  30   0  3.1772302254516153e-03 
2016   3   1  12   0   0  3.2127373290357893e-03 
2016   3   1  12  30   0  2.9007474074044270e-03 
2016   3   1  13   0   0  2.6880749334701574e-03 
2016   3   1  13  30   0  2.4437085451325968e-03 
2016   3   1  14   0   0  2.2910395207321899e-03 
2016   3   1  14  30   0  2.2134764522628676e-03 
2016   3   1  15   0   0  2.1358492775833534e-03 
2016   3   1  15  30   0  2.0541348495158322e-03 
2016   3   1  16   0   0  2.0721611801551875e-03 
2016   3   1  16  30   0  2.0638837390551286e-03 
2016   3   1  17   0   0  2.0235310699109029e-03 
2016   3   1  17  30   0  1.9937789314825160e-03 
2016   3   1  18   0   0  2.0984974361870959e-03 
2016   3   1  18  30   0  2.4160955537935358e-03 
2016   3   1  19   0   0  2.4105785590847837e-03 
2016   3   1  19  30   0  2.7099406517727483e-03 
2016   3   1  20   0   0  3.1937982232410600e-03 
2016   3   1  20  30   0  3.0210995613833853e-03 
2016   3   1  21   0   0  3.4262487613446095e-03 
2016   3   1  21  30   0  3.7849854759508294e-03 
2016   3   1  22   0   0  3.9729695337007431e-03 
2016   3   1  22  30   0  3.9137847469206755e-03 
2016   3   1  23   0   0  3.9664046338751917e-03 
2016   3   1  23  30   0  3.9503161324623160e-03 
2016   3   2   0   0   0  4.2306153077241856e-03 
2016   3   2   0  30   0  4.4748102715559549e-03 
2016   3   2   1   0   0  4.4622065613006854e-03 
2016   3   2   1  30   0  4.5654374299959029e-03 
2016   3   2   2   0   0  4.5055117279729452e-03 
2016   3   2   2  30   0  4.3819551924376820e-03 
2016   3   2   3   0   0  4.7212253668114466e-03 
2016   3   2   3  30   0  4.9006849950752997e-03 
2016   3   2   4   0   0  5.1887599368082953e-03 
2016   3   2   4  30   0  6.3962457537915518e-03 
2016   3   2   5   0   0  6.9297052771433712e-03 
2016   3   2   5  30   0  6.7636366237915002e-03 
2016   3   2   6   0   0  6.9540586134918640e-03 
2016   3   2   6  30   0  7.2266856247486079e-03 
2016   3   2   7   0   0  8.1826124077726027e-03 
2016   3   2   7  30   0  8.2331017251189506e-03 
2016   3   2   8   0   0  7.8370340761546291e-03 
2016   3   2   8  30   0  7.3981283481521377e-03 
2016   3   2   9   0   0  6.5955794342913727e-03 
2016   3   2   9  30   0  6.2322411026952181e-03 
2016   3   2  10   0   0  5.8371446825768178e-03 
2016   3   2  10  30   0  5.1668696719068576e-03 
2016   3   2  11   0   0  4.3998927784194399e-03 
2016   3   2  11  30   0  3.8810306689130137e-03 
2016   3   2  12   0   0  3.7651334923250466e-03 
2016   3   2  12  30   0  3.2463939525655353e-03 
2016   3   2  13   0   0  2.9973057729911125e-03 
2016   3   2  13  30   0  3.3053127352038387e-03 
2016   3   2  14   0   0  3.5368878911532157e-03 
2016   3   2  14  30   0  3.2543318896385495e-03 
2016   3   2  15   0   0  2.8581628300385440e-03 
2016   3   2  15  30   0  2.7859309509520418e-03 
2016   3   2  16   0   0  2.6896205210739888e-03 
2016   3   2  16  30   0  2.7978158477042557e-03 
2016   3   2  17   0   0  2.7733772797340732e-03 
2016   3   2  17  30   0  2.8251378359211753e-03 
2016   3   2  18   0   0  3.0034684713129236e-03 
2016   3   2  18  30   0  3.2614385751619790e-03 
2016   3   2  19   0   0  3.2354961923772747e-03 
2016   3   2  19  30   0  3.4462590827592219e-03 
2016   3   2  20   0   0  3.2515528000219224e-03 
2016   3   2  20  30   0  2.8253946117864936e-03 
2016   3   2  21   0   0  2.5900764274693015e-03 
2016   3   2  21  30   0  2.4289163667576374e-03 
2016   3   2  22   0   0  2.4080640751174757e-03 
2016   3   2  22  30   0  2.2369495353401691e-03 
2016   3   2  23   0   0  2.3461097045084311e-03 
2016   3   2  23  30   0  2.2448135849897953e-03 
2016   3   3   0   0   0  2.3973382383095589e-03 
2016   3   3   0  30   0  2.4099308593338279e-03 
2016   3   3   1   0   0  2.6961841909056228e-03 
2016   3   3   1  30   0  2.8465888339971280e-03 
2016   3   3   2   0   0  2.5646362198936700e-03 
2016   3   3   2  30   0  2.4784261206667671e-03 
2016   3   3   3   0   0  2.6151249741224597e-03 
2016   3   3   3  30   0  2.7694715955609841e-03 
2016   3   3   4   0   0  2.8103732573636865e-03 
2016   3   3   4  30   0  2.7601964280635758e-03 
2016   3   3   5   0   0  2.9240768084641718e-03 
2016   3   3   5  30   0  3.0613714324375114e-03 
2016   3   3   6   0   0  3.1123421912275183e-03 
2016   3   3   6  30   0  3.3260702190310992e-03 
2016   3   3   7   0   0  3.4471569306573501e-03 
2016   3   3   7  30   0  3.5596435677801826e-03 
2016   3   3   8   0   0  3.6200217920788480e-03 
2016   3   3   8  30   0  3.9361362490712565e-03 
2016   3   3   9   0   0  4.0965155440350525e-03 
2016   3   3   9  30   0  4.2586637309186513e-03 
2016   3   3  10   0   0  4.1572036614487612e-03 
2016   3   3  10  30   0  4.1522481759313822e-03 
2016   3   3  11   0   0  4.1603549454393160e-03 
2016   3   3  11  30   0  3.9285950969502560e-03 
2016   3   3  12   0   0  3.8019425167458531e-03 
2016   3   3  12  30   0  3.6593635969559783e-03 
2016   3   3  13   0   0  3.6386451627335109e-03 
2016   3   3  13  30   0  3.5677812287822561e-03 
2016   3   3  14   0   0  3.5477067261300873e-03 
2016   3   3  14  30   0  3.7979960681074313e-03 
2016   3   3  15   0   0  4.0893356477674260e-03 
2016   3   3  15  30   0  4.1031585151247102e-03 
2016   3   3  16   0   0  3.6456488363238973e-03 
2016   3   3  16  30   0  3.5886594463717760e-03 
2016   3   3  17   0   0  3.6734145343232374e-03 
2016   3   3  17  30   0  3.7955880577991274e-03 
2016   3   3  18   0   0  3.8232758712097871e-03 
2016   3   3  18  30   0  3.8786711926603375e-03 
2016   3   3  19   0   0  3.8948504258533149e-03 
2016   3   3  19  30   0  3.9393108346781865e-03 
2016   3   3  20   0   0  4.0501312002568512e-03 
2016   3   3  20  30   0  4.0220895656490141e-03 
2016   3   3  21   0   0  4.1483119424435841e-03 
2016   3   3  21  30   0  4.1535034418509788e-03 
2016   3   3  22   0   0  4.2380611379130599e-03 
2016   3   3  22  30   0  4.2651581752657323e-03 
2016   3   3  23   0   0  4.3795360613215059e-03 
2016   3   3  23  30   0  4.3929116103834653e-03 
2016   3   4   0   0   0  4.6184623316222681e-03 
2016   3   4   0  30   0  6.4533590217433455e-03 
2016   3   4   1   0   0  4.8947708594585413e-03 
2016   3   4   1  30   0  4.4710595787063722e-03 
2016   3   4   2   0   0  4.9528164426827885e-03 
2016   3   4   2  30   0  5.2775864081403947e-03 
2016   3   4   3   0   0  5.4683653021766311e-03 
2016   3   4   3  30   0  5.5685779066937538e-03 
2016   3   4   4   0   0  5.7358844872144573e-03 
2016   3   4   4  30   0  5.7326780516230823e-03 
2016   3   4   5   0   0  5.7722959830983937e-03 
2016   3   4   5  30   0  5.8938964847569499e-03 
2016   3   4   6   0   0  5.9550099601852306e-03 
2016   3   4   6  30   0  5.9885735929915756e-03 
2016   3   4   7   0   0  5.9806715813322140e-03 
2016   3   4   7  30   0  6.0228488514825771e-03 
2016   3   4   8   0   0  5.9456489645766143e-03 
2016   3   4   8  30   0  5.5422815931608612e-03 
2016   3   4   9   0   0  5.1719987508378074e-03 
2016   3   4   9  30   0  4.8364051073619590e-03 
2016   3   4  10   0   0  4.8879532287907567e-03 
2016   3   4  10  30   0  5.2118907395206611e-03 
2016   3   4  11   0   0  5.1096319755275016e-03 
2016   3   4  11  30   0  5.0799567036063729e-03 
2016   3   4  12   0   0  5.0973662950871456e-03 
2016   3   4  12  30   0  5.3232947155678178e-03 
2016   3   4  13   0   0  5.7157825487628528e-03 
2016   3   4  13  30   0  6.5064985771459321e-03 
2016   3   4  14   0   0  7.2799875096736400e-03 
2016   3   4  14  30   0  7.1691528710229775e-03 
2016   3   4  15   0   0  6.9905890792470136e-03 
2016   3   4  15  30   0  6.7616021854968881e-03 
2016   3   4  16   0   0  6.5630386374633609e-03 
2016   3   4  16  30   0  6.6999576216218489e-03 
2016   3   4  17   0   0  6.8276138789664428e-03 
2016   3   4  17  30   0  7.1351129772578223e-03 
2016   3   4  18   0   0  7.3809842724461092e-03 
2016   3   4  18  30   0  7.3935937213437967e-03 
2016   3   4  19   0   0  7.3671257183439403e-03 
2016   3   4  19  30   0  7.3230263064411362e-03 
2016   3   4  20   0   0  7.1469023793956470e-03 
2016   3   4  20  30   0  7.2375479568275794e-03 
2016   3   4  21   0   0  7.0276726089894687e-03 
2016   3   4  21  30   0  6.7824918329610438e-03 
2016   3   4  22   0   0  6.5190907025995228e-03 
2016   3   4  22  30   0  6.2609257210844652e-03 
2016   3   4  23   0   0  6.2339934402749911e-03 
2016   3   4  23  30   0  6.2046959204177105e-03 
2016   3   5   0   0   0  6.0827797876424174e-03 
2016   3   5   0  30   0  5.9245448134493481e-03 
2016   3   5   1   0   0  5.8954792673626471e-03 
2016   3   5   1  30   0  5.9072751790999719e-03 
2016   3   5   2   0   0  6.1156347916445156e-03 
2016   3   5   2  30   0  6.2004597251730234e-03 
2016   3   5   3   0   0  6.1671653649300572e-03 
2016   3   5   3  30   0  6.0214289574402301e-03 
2016   3   5   4   0   0  5.9385723538127305e-03 
2016   3   5   4  30   0  5.8343814380170510e-03 
2016   3   5   5   0   0  5.8654492307639939e-03 
2016   3   5   5  30   0  5.7125198651351962e-03 
2016   3   5   6   0   0  5.4421976126106811e-03 
2016   3   5   6  30   0  5.1314372918132428e-03 
2016   3   5   7   0   0  4.7632763837010044e-03 
2016   3   5   7  30   0  4.6065859409277167e-03 
2016   3   5   8   0   0  4.0727986697802806e-03 
2016   3   5   8  30   0  3.9969529737443887e-03 
2016   3   5   9   0   0  3.7721025776144361e-03 
2016   3   5   9  30   0  3.5855381157233039e-03 
2016   3   5  10   0   0  3.4910533415160251e-03 
2016   3   5  10  30   0  3.4303165370811232e-03 
2016   3   5  11   0   0  4.0242088657067481e-03 
2016   3   5  11  30   0  4.2808152550883102e-03 
2016   3   5  12   0   0  4.3300516066448174e-03 
2016   3   5  12  30   0  4.4124126587989877e-03 
2016   3   5  13   0   0  4.1900929767309568e-03 
2016   3   5  13  30   0  4.3567969089711861e-03 
2016   3   5  14   0   0  5.1932283336577232e-03 
2016   3   5  14  30   0  4.1332227875186828e-03 
2016   3   5  15   0   0  3.9283412829498564e-03 
2016   3   5  15  30   0  4.1566741105930026e-03 
2016   3   5  16   0   0  4.5381624423664604e-03 
2016   3   5  16  30   0  4.8108474345834049e-03 
2016   3   5  17   0   0  4.5221815687979785e-03 
2016   3   5  17  30   0  4.6006511944867278e-03 
2016   3   5  18   0   0  4.5593994386225797e-03 
2016   3   5  18  30   0  4.6430786443686809e-03 
2016   3   5  19   0   0  4.6879500671336170e-03 
2016   3   5  19  30   0  4.6177248154781964e-03 
2016   3   5  20   0   0  4.4964651203275316e-03 
2016   3   5  20  30   0  4.4048101005307178e-03 
2016   3   5  21   0   0  4.5328314903384931e-03 
2016   3   5  21  30   0  4.5860684431251429e-03 
2016   3   5  22   0   0  5.0977549026610608e-03 
2016   3   5  22  30   0  5.8862094540202787e-03 
2016   3   5  23   0   0  5.7957735379943112e-03 
2016   3   5  23  30   0  5.6296451549625341e-03 
2016   3   6   0   0   0  4.8196687613823756e-03 
2016   3   6   0  30   0  4.5406669834675614e-03 
2016   3   6   1   0   0  4.4181527140642104e-03 
2016   3   6   1  30   0  4.2979863909320699e-03 
2016   3   6   2   0   0  4.3133196223071402e-03 
2016   3   6   2  30   0  4.2095059341736929e-03 
2016   3   6   3   0   0  4.1243093852938112e-03 
2016   3   6   3  30   0  4.0277084634451898e-03 
2016   3   6   4   0   0  3.8670467202075397e-03 
2016   3   6   4  30   0  3.6785807128510836e-03 
2016   3   6   5   0   0  3.4797797918635354e-03 
2016   3   6   5  30   0  3.3328833653264020e-03 
2016   3   6   6   0   0  3.0974387316142788e-03 
2016   3   6   6  30   0  2.7550103188327575e-03 
2016   3   6   7   0   0  2.4983045505994166e-03 
2016   3   6   7  30   0  2.1832378459904918e-03 
2016   3   6   8   0   0  1.9896354109504759e-03 
2016   3   6   8  30   0  1.8445431398844360e-03 
2016   3   6   9   0   0  1.7263401708197700e-03 
2016   3   6   9  30   0  1.5832800664455475e-03 
2016   3   6  10   0   0  1.3417559974715956e-03 
2016   3   6  10  30   0  1.1361876268692961e-03 
2016   3   6  11   0   0  1.0890495573646717e-03 
2016   3   6  11  30   0  1.1247938654358931e-03 
2016   3   6  12   0   0  1.1728893992553184e-03 
2016   3   6  12  30   0  1.2420978343559812e-03 
2016   3   6  13   0   0  1.1917256775375576e-03 
2016   3   6  13  30   0  1.1448571428663782e-03 
2016   3   6  14   0   0  1.0758320435742316e-03 
2016   3   6  14  30   0  1.0193401305363325e-03 
2016   3   6  15   0   0  1.1048931060005020e-03 
2016   3   6  15  30   0  1.2867258399351230e-03 
2016   3   6  16   0   0  1.1612393604646563e-03 
2016   3   6  16  30   0  1.2350876984666480e-03 
2016   3   6  17   0   0  1.3196583731258601e-03 
2016   3   6  17  30   0  1.4187644779426229e-03 
2016   3   6  18   0   0  1.4376476813886974e-03 
2016   3   6  18  30   0  1.5892811526257331e-03 
2016   3   6  19   0   0  1.7603509768965963e-03 
2016   3   6  19  30   0  1.8188590638114526e-03 
2016   3   6  20   0   0  1.8039460411038324e-03 
2016   3   6  20  30   0  1.7226862950017261e-03 
2016   3   6  21   0   0  1.6158830069250157e-03 
2016   3   6  21  30   0  1.5765424203066632e-03 
2016   3   6  22   0   0  1.6513009452378299e-03 
2016   3   6  22  30   0  1.7208695488834407e-03 
2016   3   6  23   0   0  1.8136094308895334e-03 
2016   3   6  23  30   0  1.8693565349297689e-03 
2016   3   7   0   0   0  1.5253361454719335e-03 
2016   3   7   0  30   0  1.6230516944912667e-03 
2016   3   7   1   0   0  1.6347690230771933e-03 
2016   3   7   1  30   0  2.1941711661824519e-03 
2016   3   7   2   0   0  3.0858474592240807e-03 
2016   3   7   2  30   0  3.3296736510965374e-03 
2016   3   7   3   0   0  3.7630550726797411e-03 
2016   3   7   3  30   0  4.1391385593652569e-03 
2016   3   7   4   0   0  3.5846053768939902e-03 
2016   3   7   4  30   0  3.3237481285591512e-03 
2016   3   7   5   0   0  3.2047851845224433e-03 
2016   3   7   5  30   0  2.9415738719315398e-03 
2016   3   7   6   0   0  3.0886624398472283e-03 
2016   3   7   6  30   0  3.0426272752991407e-03 
2016   3   7   7   0   0  2.9899517784751648e-03 
2016   3   7   7  30   0  2.9723566111760523e-03 
2016   3   7   8   0   0  2.9026445657800515e-03 
2016   3   7   8  30   0  2.7587171403815843e-03 
2016   3   7   9   0   0  2.6638334406372979e-03 
2016   3   7   9  30   0  2.6257066930542926e-03 
2016   3   7  10   0   0  2.4424641606807422e-03 
2016   3   7  10  30   0  2.3184552369186653e-03 
2016   3   7  11   0   0  2.1407640971259126e-03 
2016   3   7  11  30   0  2.0515494202907893e-03 
2016   3   7  12   0   0  2.1200548330691281e-03 
2016   3   7  12  30   0  2.1404941566350866e-03 
2016   3   7  13   0   0  2.0896496634844881e-03 
2016   3   7  13  30   0  2.0788410901325157e-03 
2016   3   7  14   0   0  2.4601674234143024e-03 
2016   3   7  14  30   0  2.3246135166119695e-03 
2016   3   7  15   0   0  2.4327097825779125e-03 
2016   3   7  15  30   0  2.6297601720342480e-03 
2016   3   7  16   0   0  2.7555966360409412e-03 
2016   3   7  16  30   0  2.7688415423235500e-03 
2016   3   7  17   0   0  2.8395056275259071e-03 
2016   3   7  17  30   0  2.9827959393559627e-03 
2016   3   7  18   0   0  3.5968269810398665e-03 
2016   3   7  18  30   0  4.0035738235531257e-03 
2016   3   7  19   0   0  4.2498192935763674e-03 
2016   3   7  19  30   0  4.5907513244648115e-03 
2016   3   7  20   0   0  4.7477263632881199e-03 
2016   3   7  20  30   0  4.8749782196689205e-03 
2016   3   7  21   0   0  5.1991386274514492e-03 
2016   3   7  21  30   0  5.4828707160046236e-03 
2016   3   7  22   0   0  5.8769414086810396e-03 
2016   3   7  22  30   0  5.9348477222978648e-03 
2016   3   7  23   0   0  5.9925101330414480e-03 
2016   3   7  23  30   0  6.0370211493119153e-03 
2016   3   8   0   0   0  8.1966744244269720e-03 
2016   3   8   0  30   0  8.2613166851431934e-03 
2016   3   8   1   0   0  8.2028298222264102e-03 
2016   3   8   1  30   0  8.3234527659128508e-03 
2016   3   8   2   0   0  8.4883467821341863e-03 
2016   3   8   2  30   0  8.4095040127629053e-03 
2016   3   8   3   0   0  8.3800809179440158e-03 
2016   3   8   3  30   0  8.1896948726389411e-03 
2016   3   8   4   0   0  8.1814448894070493e-03 
2016   3   8   4  30   0  8.1893466373459175e-03 
2016   3   8   5   0   0  7.9736798599394122e-03 
2016   3   8   5  30   0  7.7611298280078379e-03 
2016   3   8   6   0   0  8.1151734810415328e-03 
2016   3   8   6  30   0  8.1597816811365079e-03 
2016   3   8   7   0   0  8.1430022937419005e-03 
2016   3   8   7  30   0  7.7923001098604752e-03 
2016   3   8   8   0   0  7.7322681820390865e-03 
2016   3   8   8  30   0  7.8137184420316187e-03 
2016   3   8   9   0   0  7.7241873526880086e-03 
2016   3   8   9  30   0  7.7793256088981317e-03 
2016   3   8  10   0   0  7.4858767394676753e-03 
2016   3   8  10  30   0  7.6070335720607356e-03 
2016   3   8  11   0   0  7.3347248852844993e-03 
2016   3   8  11  30   0  7.2677545408567617e-03 
2016   3   8  12   0   0  7.0445647975176696e-03 
2016   3   8  12  30   0  6.9314311682337751e-03 
2016   3   8  13   0   0  6.9717385483224602e-03 
2016   3   8  13  30   0  6.8435543412060720e-03 
2016   3   8  14   0   0  6.2940388319638980e-03 
2016   3   8  14  30   0  5.9759225975206508e-03 
2016   3   8  15   0   0  5.7226779823849779e-03 
2016   3   8  15  30   0  5.6099264490095339e-03 
2016   3   8  16   0   0  5.3887947613576338e-03 
2016   3   8  16  30   0  5.0003974962906433e-03 
2016   3   8  17   0   0  4.7171323684367644e-03 
2016   3   8  17  30   0  7.1359710480888234e-03 
2016   3   8  18   0   0  1.0862118851613003e-02 
2016   3   8  18  30   0  9.0010122331535061e-03 
2016   3   8  19   0   0  7.0796559699248954e-03 
2016   3   8  19  30   0  6.8789258864617514e-03 
2016   3   8  20   0   0  6.4822811358925675e-03 
2016   3   8  20  30   0  6.5135299342858584e-03 
2016   3   8  21   0   0  6.4487060830396500e-03 
2016   3   8  21  30   0  6.5047286444868411e-03 
2016   3   8  22   0   0  6.7896960700199842e-03 
2016   3   8  22  30   0  6.2212872553377447e-03 
2016   3   8  23   0   0  6.2375185607996906e-03 
2016   3   8  23  30   0  6.1395159949586466e-03 
2016   3   9   0   0   0  6.4053629186127141e-03 
2016   3   9   0  30   0  5.4089582222428328e-03 
2016   3   9   1   0   0  5.1743199760530666e-03 
2016   3   9   1  30   0  4.7411662612842215e-03 
2016   3   9   2   0   0  4.8280354413300529e-03 
2016   3   9   2  30   0  4.9022772211266127e-03 
2016   3   9   3   0   0  5.0392762445025732e-03 
2016   3   9   3  30   0  5.2296689809884596e-03 
2016   3   9   4   0   0  5.3516668700964000e-03 
2016   3   9   4  30   0  5.1216909099418917e-03 
2016   3   9   5   0   0  4.8480065995883063e-03 
2016   3   9   5  30   0  4.5799075507582717e-03 
2016   3   9   6   0   0  4.2928981831602073e-03 
2016   3   9   6  30   0  4.3212222893182824e-03 
2016   3   9   7   0   0  4.3589001615229979e-03 
2016   3   9   7  30   0  4.2573654793983742e-03 
2016   3   9   8   0   0  5.5785939529349651e-03 
2016   3   9   8  30   0  6.1007862537334435e-03 
2016   3   9   9   0   0  5.0891109247803738e-03 
2016   3   9   9  30   0  5.2076284721312618e-03 
2016   3   9  10   0   0  4.9860203530912818e-03 
2016   3   9  10  30   0  4.6674781907822468e-03 
2016   3   9  11   0   0  4.4084112972149377e-03 
2016   3   9  11  30   0  4.3926204022968649e-03 
2016   3   9  12   0   0  3.8874931735973814e-03 
2016   3   9  12  30   0  3.6598867077867699e-03 
2016   3   9  13   0   0  3.1670548638781629e-03 
2016   3   9  13  30   0  3.3406901935650424e-03 
2016   3   9  14   0   0  3.1328363688684271e-03 
2016   3   9  14  30   0  3.3096030958454275e-03 
2016   3   9  15   0   0  3.1664738513736690e-03 
2016   3   9  15  30   0  3.2468647080114064e-03 
2016   3   9  16   0   0  3.4420988769856644e-03 
2016   3   9  16  30   0  3.4162101530840574e-03 
2016   3   9  17   0   0  3.8268187405023982e-03 
2016   3   9  17  30   0  4.0442892896658212e-03 
2016   3   9  18   0   0  4.4691724706437102e-03 
2016   3   9  18  30   0  4.1279341926424799e-03 
2016   3   9  19   0   0  4.1651293057545719e-03 
2016   3   9  19  30   0  4.0953388226953507e-03 
2016   3   9  20   0   0  3.9445957273721039e-03 
2016   3   9  20  30   0  4.2152483115771066e-03 
2016   3   9  21   0   0  4.2518258679468237e-03 
2016   3   9  21  30   0  4.3006460144686259e-03 
2016   3   9  22   0   0  4.3102751222812586e-03 
2016   3   9  22  30   0  4.2403826416761011e-03 
2016   3   9  23   0   0  3.9053768353211936e-03 
2016   3   9  23  30   0  3.5516206199741390e-03 
2016   3  10   0   0   0  3.7427174684830692e-03 
2016   3  10   0  30   0  3.8325866567069551e-03 
2016   3  10   1   0   0  4.0392518185159865e-03 
2016   3  10   1  30   0  4.3957798244106030e-03 
2016   3  10   2   0   0  4.5613209637968199e-03 
2016   3  10   2  30   0  4.7730440196726998e-03 
2016   3  10   3   0   0  4.5652026719098801e-03 
2016   3  10   3  30   0  4.7342584740032211e-03 
2016   3  10   4   0   0  4.9538255552776704e-03 
2016   3  10   4  30   0  5.0329476954034018e-03 
2016   3  10   5   0   0  5.1264396329366354e-03 
2016   3  10   5  30   0  5.2332164778173904e-03 
2016   3  10   6   0   0  5.3988244434219068e-03 
2016   3  10   6  30   0  5.6773598552264954e-03 
2016   3  10   7   0   0  5.9719366354823011e-03 
2016   3  10   7  30   0  6.1636971782762819e-03 
2016   3  10   8   0   0  4.7974321219841163e-03 
2016   3  10   8  30   0  3.6246896181594615e-03 
2016   3  10   9   0   0  4.6570201221417511e-03 
2016   3  10   9  30   0  5.5413070682172648e-03 
2016   3  10  10   0   0  5.4283830051818950e-03 
2016   3  10  10  30   0  5.1882008778371888e-03 
2016   3  10  11   0   0  4.5846834619979503e-03 
2016   3  10  11  30   0  4.1138392837885580e-03 
2016   3  10  12   0   0  4.0420170882687675e-03 
2016   3  10  12  30   0  3.3390244439135035e-03 
2016   3  10  13   0   0  3.2529729640325264e-03 
2016   3  10  13  30   0  3.7472170515557724e-03 
2016   3  10  14   0   0  4.5104933092683088e-03 
2016   3  10  14  30   0  4.5929045898649183e-03 
2016   3  10  15   0   0  4.6558714749867286e-03 
2016   3  10  15  30   0  4.4933172312814672e-03 
2016   3  10  16   0   0  4.4577590175626704e-03 
2016   3  10  16  30   0  4.4007523806027828e-03 
2016   3  10  17   0   0  4.2948711447268837e-03 
2016   3  10  17  30   0  4.3882762134491949e-03 
2016   3  10  18   0   0  4.4374013740941989e-03 
2016   3  10  18  30   0  4.7154289964739604e-03 
2016   3  10  19   0   0  4.9815617414448315e-03 
2016   3  10  19  30   0  5.4417603116077469e-03 
2016   3  10  20   0   0  5.1801475028783583e-03 
2016   3  10  20  30   0  4.6157264049146527e-03 
2016   3  10  21   0   0  4.7649129704854876e-03 
2016   3  10  21  30   0  4.6219116600874589e-03 
2016   3  10  22   0   0  4.7539161392253660e-03 
2016   3  10  22  30   0  5.0159982114870855e-03 
2016   3  10  23   0   0  4.9483567967356428e-03 
2016   3  10  23  30   0  5.0927357531813247e-03 
2016   3  11   0   0   0  5.5015979055088957e-03 
2016   3  11   0  30   0  5.4483871203368645e-03 
2016   3  11   1   0   0  5.5228371408341968e-03 
2016   3  11   1  30   0  5.5936621925778860e-03 
2016   3  11   2   0   0  5.6367854569731981e-03 
2016   3  11   2  30   0  5.5865239914657432e-03 
2016   3  11   3   0   0  5.6260824960944469e-03 
2016   3  11   3  30   0  5.8358357545225496e-03 
2016   3  11   4   0   0  5.6782150130554928e-03 
2016   3  11   4  30   0  5.6668200904806962e-03 
2016   3  11   5   0   0  5.6328354588220126e-03 
2016   3  11   5  30   0  5.5587002699677441e-03 
2016   3  11   6   0   0  5.3454290675952901e-03 
2016   3  11   6  30   0  5.3763211109198487e-03 
2016   3  11   7   0   0  5.4280169615387392e-03 
2016   3  11   7  30   0  4.8582077639601172e-03 
2016   3  11   8   0   0  4.3938168744158445e-03 
2016   3  11   8  30   0  4.6119618473861599e-03 
2016   3  11   9   0   0  4.6268323632349386e-03 
2016   3  11   9  30   0  4.2989125265571870e-03 
2016   3  11  10   0   0  4.0854444607739205e-03 
2016   3  11  10  30   0  4.1779677116156461e-03 
2016   3  11  11   0   0  4.2401059190613757e-03 
2016   3  11  11  30   0  3.4614721761982684e-03 
2016   3  11  12   0   0  3.7196459352647425e-03 
2016   3  11  12  30   0  3.7226153504178339e-03 
2016   3  11  13   0   0  3.7383256314145160e-03 
2016   3  11  13  30   0  3.7038552857213800e-03 
2016   3  11  14   0   0  3.5914665574473654e-03 
2016   3  11  14  30   0  3.1090059848951023e-03 
2016   3  11  15   0   0  2.8527283298154728e-03 
2016   3  11  15  30   0  2.7686357415778510e-03 
2016   3  11  16   0   0  2.8938925108315527e-03 
2016   3  11  16  30   0  2.8792331162439443e-03 
2016   3  11  17   0   0  2.8583004341746232e-03 
2016   3  11  17  30   0  2.8003413010313431e-03 
2016   3  11  18   0   0  2.8160090105149842e-03 
2016   3  11  18  30   0  3.3434509237828245e-03 
2016   3  11  19   0   0  4.0248179731209805e-03 
2016   3  11  19  30   0  3.6973026657695454e-03 
2016   3  11  20   0   0  3.5529348113802735e-03 
2016   3  11  20  30   0  3.6348175643804641e-03 
2016   3  11  21   0   0  3.7706000649104557e-03 
2016   3  11  21  30   0  3.9291689688912366e-03 
2016   3  11  22   0   0  4.5366428917019168e-03 
2016   3  11  22  30   0  4.7157650901865564e-03 
2016   3  11  23   0   0  4.5498392196118356e-03 
2016   3  11  23  30   0  4.3639591869044812e-03 
2016   3  12   0   0   0  3.7210732880727233e-03 
2016   3  12   0  30   0  3.8040165425771463e-03 
2016   3  12   1   0   0  4.1943647510613085e-03 
2016   3  12   1  30   0  3.8806599226879485e-03 
2016   3  12   2   0   0  4.2740033806312741e-03 
2016   3  12   2  30   0  4.0368427232364956e-03 
2016   3  12   3   0   0  4.0847215315658915e-03 
2016   3  12   3  30   0  4.1223748037302818e-03 
2016   3  12   4   0   0  4.0961251637446836e-03 
2016   3  12   4  30   0  4.2041885142776346e-03 
2016   3  12   5   0   0  4.4360662385566360e-03 
2016   3  12   5  30   0  4.4929789904033781e-03 
2016   3  12   6   0   0  4.5064116126574145e-03 
2016   3  12   6  30   0  4.3012817509446291e-03 
2016   3  12   7   0   0  4.1908342593980456e-03 
2016   3  12   7  30   0  4.0964211198939266e-03 
2016   3  12   8   0   0  3.7676121064954896e-03 
2016   3  12   8  30   0  3.3734157110954293e-03 
2016   3  12   9   0   0  3.2731541674562133e-03 
2016   3  12   9  30   0  3.0205756811681403e-03 
2016   3  12  10   0   0  2.8347926949302449e-03 
2016   3  12  10  30   0  3.0080507290174020e-03 
2016   3  12  11   0   0  2.7943618228846172e-03 
2016   3  12  11  30   0  2.7634409870918543e-03 
2016   3  12  12   0   0  2.5005858962093984e-03 
2016   3  12  12  30   0  2.0477789708995310e-03 
2016   3  12  13   0   0  1.7107421633676999e-03 
2016   3  12  13  30   0  2.1875630562253035e-03 
2016   3  12  14   0   0  2.1710108843559293e-03 
2016   3  12  14  30   0  2.3186756229080928e-03 
2016   3  12  15   0   0  2.3378076967143957e-03 
2016   3  12  15  30   0  2.4962673787789556e-03 
2016   3  12  16   0   0  2.5369740802117010e-03 
2016   3  12  16  30   0  2.4988348384473633e-03 
2016   3  12  17   0   0  2.6413363800025752e-03 
2016   3  12  17  30   0  2.8213097425246695e-03 
2016   3  12  18   0   0  3.1186512551578094e-03 
2016   3  12  18  30   0  3.3697289841648427e-03 
2016   3  12  19   0   0  3.4941794708554371e-03 
2016   3  12  19  30   0  3.7721736954026068e-03 
2016   3  12  20   0   0  3.9475834171913060e-03 
2016   3  12  20  30   0  4.1358870340580146e-03 
2016   3  12  21   0   0  4.5988863895548718e-03 
2016   3  12  21  30   0  4.9622136090128914e-03 
2016   3  12  22   0   0  4.7264102545498234e-03 
2016   3  12  22  30   0  4.2335651063123278e-03 
2016   3  12  23   0   0  4.0876926376322877e-03 
2016   3  12  23  30   0  4.1721445626268280e-03 
2016   3  13   0   0   0  5.1621760690168696e-03 
2016   3  13   0  30   0  5.5195920815141724e-03 
2016   3  13   1   0   0  5.2985703810636015e-03 
2016   3  13   1  30   0  4.8560307440971579e-03 
2016   3  13   2   0   0  4.7606504317492457e-03 
2016   3  13   2  30   0  4.8430848847804894e-03 
2016   3  13   3   0   0  4.8409195429475072e-03 
2016   3  13   3  30   0  4.9323758140770377e-03 
2016   3  13   4   0   0  4.9107410912638269e-03 
2016   3  13   4  30   0  5.2187827972523040e-03 
2016   3  13   5   0   0  4.9499588825923802e-03 
2016   3  13   5  30   0  4.8790889081057193e-03 
2016   3  13   6   0   0  4.6981008754859860e-03 
2016   3  13   6  30   0  4.6392856706317749e-03 
2016   3  13   7   0   0  4.7107535619472654e-03 
2016   3  13   7  30   0  4.7656266065249893e-03 
2016   3  13   8   0   0  4.6773632472559331e-03 
2016   3  13   8  30   0  4.7408311784499207e-03 
2016   3  13   9   0   0  4.5823474486237871e-03 
2016   3  13   9  30   0  4.3648881800193500e-03 
2016   3  13  10   0   0  4.3843820922574162e-03 
2016   3  13  10  30   0  4.5800061295023587e-03 
2016   3  13  11   0   0  4.6938469813618197e-03 
2016   3  13  11  30   0  4.9223670589176299e-03 
2016   3  13  12   0   0  5.2422815690637099e-03 
2016   3  13  12  30   0  5.6302068336103349e-03 
2016   3  13  13   0   0  5.9420711557203543e-03 
2016   3  13  13  30   0  5.9850144136253209e-03 
2016   3  13  14   0   0  5.2128351442144649e-03 
2016   3  13  14  30   0  5.1133440328103600e-03 
2016   3  13  15   0   0  5.1118655285226815e-03 
2016   3  13  15  30   0  5.1863545301782102e-03 
2016   3  13  16   0   0  5.4751177168416995e-03 
2016   3  13  16  30   0  5.6471429539972666e-03 
2016   3  13  17   0   0  6.1148623231891928e-03 
2016   3  13  17  30   0  6.1991648239883498e-03 
2016   3  13  18   0   0  6.2972304164410822e-03 
2016   3  13  18  30   0  6.2629846181503496e-03 
2016   3  13  19   0   0  6.3023593899988635e-03 
2016   3  13  19  30   0  5.8949173927596585e-03 
2016   3  13  20   0   0  5.2710983782166525e-03 
2016   3  13  20  30   0  5.4763317252276870e-03 
2016   3  13  21   0   0  5.8593273465287667e-03 
2016   3  13  21  30   0  5.9979586874894502e-03 
2016   3  13  22   0   0  6.1354240737030467e-03 
2016   3  13  22  30   0  6.1987834789840107e-03 
2016   3  13  23   0   0  6.1229430229881102e-03 
2016   3  13  23  30   0  6.0751611110163644e-03 
2016   3  14   0   0   0  5.6298624874774007e-03 
2016   3  14   0  30   0  5.5160766857372022e-03 
2016   3  14   1   0   0  5.3698909968575292e-03 
2016   3  14   1  30   0  5.3589740683920063e-03 
2016   3  14   2   0   0  5.1538295316239909e-03 
2016   3  14   2  30   0  4.9568115971984411e-03 
2016   3  14   3   0   0  4.8821083255685483e-03 
2016   3  14   3  30   0  4.6340033380571615e-03 
2016   3  14   4   0   0  4.2350227825468430e-03 
2016   3  14   4  30   0  3.5971112316876596e-03 
2016   3  14   5   0   0  2.8685994185720823e-03 
2016   3  14   5  30   0  2.3914504472621946e-03 
2016   3  14   6   0   0  1.9574229261263812e-03 
2016   3  14   6  30   0  1.7641902791229124e-03 
2016   3  14   7   0   0  1.6939874260452664e-03 
2016   3  14   7  30   0  1.5975945582392319e-03 
2016   3  14   8   0   0  1.4709120370775060e-03 
2016   3  14   8  30   0  1.3832156852630344e-03 
2016   3  14   9   0   0  1.3705244324143371e-03 
2016   3  14   9  30   0  1.3909065153439074e-03 
2016   3  14  10   0   0  1.4015843178257473e-03 
2016   3  14  10  30   0  1.4912656504556857e-03 
2016   3  14  11   0   0  1.4878921348175714e-03 
2016   3  14  11  30   0  1.3972532086070487e-03 
2016   3  14  12   0   0  1.3184314408565723e-03 
2016   3  14  12  30   0  9.3202162242161750e-04 
2016   3  14  13   0   0  8.3076957703762284e-04 
2016   3  14  13  30   0  8.0665581774695488e-04 
2016   3  14  14   0   0  7.1073083754217236e-04 
2016   3  14  14  30   0  7.1182811281674376e-04 
2016   3  14  15   0   0  8.7467834852862007e-04 
2016   3  14  15  30   0  9.6864809001438344e-04 
2016   3  14  16   0   0  9.7058239025890115e-04 
2016   3  14  16  30   0  9.8204246989862676e-04 
2016   3  14  17   0   0  9.7812378331852768e-04 
2016   3  14  17  30   0  1.0164642190485088e-03 
2016   3  14  18   0   0  1.0632808839527630e-03 
2016   3  14  18  30   0  1.2563454076952546e-03 
2016   3  14  19   0   0  1.4627157493619599e-03 
2016   3  14  19  30   0  1.4943931532359421e-03 
2016   3  14  20   0   0  1.7136139461062874e-03 
2016   3  14  20  30   0  1.9756685224707176e-03 
2016   3  14  21   0   0  2.2468626971137579e-03 
2016   3  14  21  30   0  2.5844671722651839e-03 
2016   3  14  22   0   0  2.9007159764485131e-03 
2016   3  14  22  30   0  2.9731811072892214e-03 
2016   3  14  23   0   0  2.9542323825389872e-03 
2016   3  14  23  30   0  3.3399970294096760e-03 
2016   3  15   0   0   0  2.8774175941312687e-03 
2016   3  15   0  30   0  3.0124331366731963e-03 
2016   3  15   1   0   0  2.9950803705552486e-03 
2016   3  15   1  30   0  2.8599356955098638e-03 
2016   3  15   2   0   0  2.8829831892332246e-03 
2016   3  15   2  30   0  2.9181256835866557e-03 
2016   3  15   3   0   0  3.1605621061862477e-03 
2016   3  15   3  30   0  3.2138002566843489e-03 
2016   3  15   4   0   0  3.4007857368685782e-03 
2016   3  15   4  30   0  3.2680135125408767e-03 
2016   3  15   5   0   0  3.3337130970843795e-03 
2016   3  15   5  30   0  5.9351160159550470e-03 
2016   3  15   6   0   0  4.5806800681695899e-03 
2016   3  15   6  30   0  4.0352731066085690e-03 
2016   3  15   7   0   0  3.2219320562315830e-03 
2016   3  15   7  30   0  2.8576992652924152e-03 
2016   3  15   8   0   0  2.4837521312092809e-03 
2016   3  15   8  30   0  2.4537909832493001e-03 
2016   3  15   9   0   0  2.6462897737255615e-03 
2016   3  15   9  30   0  2.7893450973714672e-03 
2016   3  15  10   0   0  2.7128681412262115e-03 
2016   3  15  10  30   0  2.7221847549199142e-03 
2016   3  15  11   0   0  2.6488606330250302e-03 
2016   3  15  11  30   0  2.4978671462439418e-03 
2016   3  15  12   0   0  2.6664191927801718e-03 
2016   3  15  12  30   0  2.4583449792491543e-03 
2016   3  15  13   0   0  2.2655701002017962e-03 
2016   3  15  13  30   0  2.0763965959377721e-03 
2016   3  15  14   0   0  2.2182335525726443e-03 
2016   3  15  14  30   0  2.1544277622648944e-03 
2016   3  15  15   0   0  1.7788687699212037e-03 
2016   3  15  15  30   0  1.8430100423974755e-03 
2016   3  15  16   0   0  1.9125363611459962e-03 
2016   3  15  16  30   0  1.9382590232819156e-03 
2016   3  15  17   0   0  1.8484571581940080e-03 
2016   3  15  17  30   0  1.3074431528316741e-03 
2016   3  15  18   0   0  1.8830006277217668e-03 
2016   3  15  18  30   0  2.2535939559247685e-03 
2016   3  15  19   0   0  1.6594012277533121e-03 
2016   3  15  19  30   0  2.1649821463356101e-03 
2016   3  15  20   0   0  1.8653838580968357e-03 
2016   3  15  20  30   0  1.7846972602658848e-03 
2016   3  15  21   0   0  1.9804492669722603e-03 
2016   3  15  21  30   0  1.8816138992551789e-03 
2016   3  15  22   0   0  1.6640673795151246e-03 
2016   3  15  22  30   0  1.8649458821967497e-03 
2016   3  15  23   0   0  1.9202931209921195e-03 
2016   3  15  23  30   0  1.6385541547256489e-03 
2016   3  16   0   0   0  1.4909806737131034e-03 
2016   3  16   0  30   0  1.2822759120256970e-03 
2016   3  16   1   0   0  1.1911183622217451e-03 
2016   3  16   1  30   0  1.2471539976717419e-03 
2016   3  16   2   0   0  1.2888501810716887e-03 
2016   3  16   2  30   0  1.2231042241347178e-03 
2016   3  16   3   0   0  1.2760760923170213e-03 
2016   3  16   3  30   0  1.3055740323612876e-03 
2016   3  16   4   0   0  1.3843141709683840e-03 
2016   3  16   4  30   0  1.3638070888724561e-03 
2016   3  16   5   0   0  1.4017200277463635e-03 
2016   3  16   5  30   0  1.4288514923203319e-03 
2016   3  16   6   0   0  1.5930416575700638e-03 
2016   3  16   6  30   0  1.5832138260126207e-03 
2016   3  16   7   0   0  1.5954476780021694e-03 
2016   3  16   7  30   0  1.5738293665400027e-03 
2016   3  16   8   0   0  1.4907821557228803e-03 
2016   3  16   8  30   0  1.3683259613770117e-03 
2016   3  16   9   0   0  1.3139362694009145e-03 
2016   3  16   9  30   0  1.1705475528698121e-03 
2016   3  16  10   0   0  1.0326282194133610e-03 
2016   3  16  10  30   0  9.9477200807511078e-04 
2016   3  16  11   0   0  1.0738271457808994e-03 
2016   3  16  11  30   0  1.1908017668080533e-03 
2016   3  16  12   0   0  1.2258531089090168e-03 
2016   3  16  12  30   0  1.3144835917958937e-03 
2016   3  16  13   0   0  1.3548890818629519e-03 
2016   3  16  13  30   0  1.3678386446849809e-03 
2016   3  16  14   0   0  1.5205949045073897e-03 
2016   3  16  14  30   0  1.7057996309741144e-03 
2016   3  16  15   0   0  1.6828170983645319e-03 
2016   3  16  15  30   0  1.7915402335463644e-03 
2016   3  16  16   0   0  2.2106758601673632e-03 
2016   3  16  16  30   0  1.5179300414442350e-03 
2016   3  16  17   0   0  1.4178766773597197e-03 
2016   3  16  17  30   0  1.3896766645148915e-03 
2016   3  16  18   0   0  1.2916053694432340e-03 
2016   3  16  18  30   0  1.2146614941358836e-03 
2016   3  16  19   0   0  1.2619647665300441e-03 
2016   3  16  19  30   0  1.4316927692301262e-03 
2016   3  16  20   0   0  2.1232848552713273e-03 
2016   3  16  20  30   0  2.2205472843597339e-03 
2016   3  16  21   0   0  1.9490408821682126e-03 
2016   3  16  21  30   0  1.7189278134551213e-03 
2016   3  16  22   0   0  1.7353792630106181e-03 
2016   3  16  22  30   0  1.7976050615685611e-03 
2016   3  16  23   0   0  1.7777582066457057e-03 
2016   3  16  23  30   0  1.8167433738824593e-03 
2016   3  17   0   0   0  2.3560660315800554e-03 
2016   3  17   0  30   0  2.2792851975356136e-03 
2016   3  17   1   0   0  2.2799405896789938e-03 
2016   3  17   1  30   0  2.2245959355062083e-03 
2016   3  17   2   0   0  2.1395989962417882e-03 
2016   3  17   2  30   0  2.0136745013403928e-03 
2016   3  17   3   0   0  1.8840612360680772e-03 
2016   3  17   3  30   0  1.8335052853855607e-03 
2016   3  17   4   0   0  1.7317646024407251e-03 
2016   3  17   4  30   0  1.5981002736483742e-03 
2016   3  17   5   0   0  1.4749469138135524e-03 
2016   3  17   5  30   0  1.4314352051457420e-03 
2016   3  17   6   0   0  1.2788897284139043e-03 
2016   3  17   6  30   0  1.2906704785642612e-03 
2016   3  17   7   0   0  1.2739821869759472e-03 
2016   3  17   7  30   0  1.2247078461800596e-03 
2016   3  17   8   0   0  1.1344608753936648e-03 
2016   3  17   8  30   0  9.4175175728941759e-04 
2016   3  17   9   0   0  8.4192396827149863e-04 
2016   3  17   9  30   0  8.4241495000823266e-04 
2016   3  17  10   0   0  8.0534907918525765e-04 
2016   3  17  10  30   0  7.8247591268432062e-04 
2016   3  17  11   0   0  7.6190608560666750e-04 
2016   3  17  11  30   0  7.5567203825805415e-04 
2016   3  17  12   0   0  7.5889671693663149e-04 
2016   3  17  12  30   0  6.1958171604754007e-04 
2016   3  17  13   0   0  6.2444753917673427e-04 
2016   3  17  13  30   0  6.8634357146692300e-04 
2016   3  17  14   0   0  7.7351241047589326e-04 
2016   3  17  14  30   0  7.5006572127115669e-04 
2016   3  17  15   0   0  7.8762366345289754e-04 
2016   3  17  15  30   0  9.5820524532770721e-04 
2016   3  17  16   0   0  1.0029366525843054e-03 
2016   3  17  16  30   0  7.5945803698761660e-04 
2016   3  17  17   0   0  6.8085829591246012e-04 
2016   3  17  17  30   0  5.6633320712925290e-04 
2016   3  17  18   0   0  4.4131023784753050e-04 
2016   3  17  18  30   0  4.1619366271591451e-04 
2016   3  17  19   0   0  5.0078883071655973e-04 
2016   3  17  19  30   0  5.7119439480514357e-04 
2016   3  17  20   0   0  6.3869806873010097e-04 
2016   3  17  20  30   0  5.7490139932807891e-04 
2016   3  17  21   0   0  6.5114454139307597e-04 
2016   3  17  21  30   0  6.8085542686038402e-04 
2016   3  17  22   0   0  8.0815990534616232e-04 
2016   3  17  22  30   0  8.3252389814885081e-04 
2016   3  17  23   0   0  1.0352444721308319e-03 
2016   3  17  23  30   0  1.0956315639187562e-03 
2016   3  18   0   0   0  7.5214661255650561e-04 
2016   3  18   0  30   0  6.1150641671527746e-04 
2016   3  18   1   0   0  4.3022000417519267e-04 
2016   3  18   1  30   0  3.8797370386752184e-04 
2016   3  18   2   0   0  3.6433016590811180e-04 
2016   3  18   2  30   0  4.6893956234817159e-04 
2016   3  18   3   0   0  4.9503940512893080e-04 
2016   3  18   3  30   0  6.2982595915705888e-04 
2016   3  18   4   0   0  6.6602628256845519e-04 
2016   3  18   4  30   0  4.0378317047571200e-04 
2016   3  18   5   0   0  4.1845362938570691e-04 
2016   3  18   5  30   0  3.5843147758640617e-04 
2016   3  18   6   0   0  2.8145963463743989e-04 
2016   3  18   6  30   0  3.0509344212032059e-04 
2016   3  18   7   0   0  3.7914531484419418e-04 
2016   3  18   7  30   0  5.0628293401308523e-04 
2016   3  18   8   0   0  4.7777345644530752e-04 
2016   3  18   8  30   0  4.0360140768745320e-04 
2016   3  18   9   0   0  3.9113256310965996e-04 
2016   3  18   9  30   0  3.0774296563713011e-04 
2016   3  18  10   0   0  4.6391619738767281e-04 
2016   3  18  10  30   0  5.5619252709415159e-04 
2016   3  18  11   0   0  3.7525107340600513e-04 
2016   3  18  11  30   0  5.1975444145980348e-04 
2016   3  18  12   0   0  5.2627316140686808e-04 
2016   3  18  12  30   0  4.7143921601140514e-04 
2016   3  18  13   0   0  6.1532098145853547e-04 
2016   3  18  13  30   0  7.5825606424086785e-04 
2016   3  18  14   0   0  8.8228327077637114e-04 
2016   3  18  14  30   0  8.9165086070412875e-04 
2016   3  18  15   0   0  8.7099345931576091e-04 
2016   3  18  15  30   0  7.0544850805807056e-04 
2016   3  18  16   0   0  5.3017367100061021e-04 
2016   3  18  16  30   0  4.2667633758876913e-04 
2016   3  18  17   0   0  4.5985735799432281e-04 
2016   3  18  17  30   0  4.3969657871861518e-04 
2016   3  18  18   0   0  3.9760178223898119e-04 
2016   3  18  18  30   0  4.4372166251314255e-04 
2016   3  18  19   0   0  5.2770728252439535e-04 
2016   3  18  19  30   0  6.1281262538956578e-04 
2016   3  18  20   0   0  6.3909617395472402e-04 
2016   3  18  20  30   0  8.0789373826307953e-04 
2016   3  18  21   0   0  1.1818908773902649e-03 
2016   3  18  21  30   0  8.2877804370691977e-04 
2016   3  18  22   0   0  8.3557422481475466e-04 
2016   3  18  22  30   0  1.2215316944896425e-03 
2016   3  18  23   0   0  1.4084860763137574e-03 
2016   3  18  23  30   0  1.4043360969114784e-03 
2016   3  19   0   0   0  1.3821332999074266e-03 
2016   3  19   0  30   0  1.3698615930874546e-03 
2016   3  19   1   0   0  1.3647491505857981e-03 
2016   3  19   1  30   0  1.4411385004944751e-03 
2016   3  19   2   0   0  1.4605940476836474e-03 
2016   3  19   2  30   0  1.5083504571679774e-03 
2016   3  19   3   0   0  1.5862786981559883e-03 
2016   3  19   3  30   0  1.7135128433073089e-03 
2016   3  19   4   0   0  1.6472344498752965e-03 
2016   3  19   4  30   0  1.2605561500346133e-03 
2016   3  19   5   0   0  9.5787530581452763e-04 
2016   3  19   5  30   0  8.2879832402659251e-04 
2016   3  19   6   0   0  8.2496599599655160e-04 
2016   3  19   6  30   0  8.9004393340842800e-04 
2016   3  19   7   0   0  1.0127560242821599e-03 
2016   3  19   7  30   0  1.1393809633928893e-03 
2016   3  19   8   0   0  1.3479429077373701e-03 
2016   3  19   8  30   0  1.5419193191793918e-03 
2016   3  19   9   0   0  1.6364720923579316e-03 
2016   3  19   9  30   0  1.4902005998766563e-03 
2016   3  19  10   0   0  1.0827471387285009e-03 
2016   3  19  10  30   0  7.0761729020283291e-04 
2016   3  19  11   0   0  6.3114158155052008e-04 
2016   3  19  11  30   0  4.6638642503663393e-04 
2016   3  19  12   0   0  4.0134508923873706e-04 
2016   3  19  12  30   0  4.3369649090938326e-04 
2016   3  19  13   0   0  4.9529245363265112e-04 
2016   3  19  13  30   0  5.8199083475068102e-04 
2016   3  19  14   0   0  6.4900834015841984e-04 
2016   3  19  14  30   0  5.6711884751076071e-04 
2016   3  19  15   0   0  6.6463224826449909e-04 
2016   3  19  15  30   0  7.3508286824718917e-04 
2016   3  19  16   0   0  7.5841307389447105e-04 
2016   3  19  16  30   0  1.0946992426458394e-03 
2016   3  19  17   0   0  1.0200108968791333e-03 
2016   3  19  17  30   0  1.1003891908157870e-03 
2016   3  19  18   0   0  1.2465445529902957e-03 
2016   3  19  18  30   0  1.5073822687688484e-03 
2016   3  19  19   0   0  1.3252580133253887e-03 
2016   3  19  19  30   0  1.4462812799493306e-03 
2016   3  19  20   0   0  1.5229278121520863e-03 
2016   3  19  20  30   0  1.8324492620169779e-03 
2016   3  19  21   0   0  1.9252359494354681e-03 
2016   3  19  21  30   0  1.9270793756905635e-03 
2016   3  19  22   0   0  2.1863947354529276e-03 
2016   3  19  22  30   0  2.0955486560032370e-03 
2016   3  19  23   0   0  2.0083498831333030e-03 
2016   3  19  23  30   0  1.9736366587934928e-03 
2016   3  20   0   0   0  1.4507328577381988e-03 
2016   3  20   0  30   0  1.3500749988113595e-03 
2016   3  20   1   0   0  1.3407057840843235e-03 
2016   3  20   1  30   0  1.3972018624132468e-03 
2016   3  20   2   0   0  1.4215358573355956e-03 
2016   3  20   2  30   0  1.4034374413429218e-03 
2016   3  20   3   0   0  1.3308178558340867e-03 
2016   3  20   3  30   0  1.4385101320255047e-03 
2016   3  20   4   0   0  1.0079423981893408e-03 
2016   3  20   4  30   0  1.0214152198308490e-03 
2016   3  20   5   0   0  1.2619295677384500e-03 
2016   3  20   5  30   0  1.5704040805228892e-03 
2016   3  20   6   0   0  1.5461005572480287e-03 
2016   3  20   6  30   0  1.5687503365982899e-03 
2016   3  20   7   0   0  1.7605907361400264e-03 
2016   3  20   7  30   0  1.7920230796904619e-03 
2016   3  20   8   0   0  1.6227231061572112e-03 
2016   3  20   8  30   0  1.6283634375565226e-03 
2016   3  20   9   0   0  1.5960983220826522e-03 
2016   3  20   9  30   0  1.2018370126959227e-03 
2016   3  20  10   0   0  7.8793721724390435e-04 
2016   3  20  10  30   0  9.6204989246021823e-04 
2016   3  20  11   0   0  1.1676188664469134e-03 
2016   3  20  11  30   0  1.2570780707132625e-03 
2016   3  20  12   0   0  1.1790740498885217e-03 
2016   3  20  12  30   0  1.1176774554707909e-03 
2016   3  20  13   0   0  1.1068475462544030e-03 
2016   3  20  13  30   0  1.0460164198519246e-03 
2016   3  20  14   0   0  9.9878391326288334e-04 
2016   3  20  14  30   0  8.1145218312394889e-04 
2016   3  20  15   0   0  7.6882385796945511e-04 
2016   3  20  15  30   0  7.2292706051313373e-04 
2016   3  20  16   0   0  7.4358455042392165e-04 
2016   3  20  16  30   0  7.4939023317737211e-04 
2016   3  20  17   0   0  7.1719066725431987e-04 
2016   3  20  17  30   0  7.3507750970338464e-04 
2016   3  20  18   0   0  7.6113330812360063e-04 
2016   3  20  18  30   0  7.6290161632239608e-04 
2016   3  20  19   0   0  1.3146347265946786e-03 
2016   3  20  19  30   0  1.3083890531589263e-03 
2016   3  20  20   0   0  1.3705248662186241e-03 
2016   3  20  20  30   0  2.1181921457882908e-03 
2016   3  20  21   0   0  1.4997058927422502e-03 
2016   3  20  21  30   0  1.4729883120059609e-03 
2016   3  20  22   0   0  1.6345968600667263e-03 
2016   3  20  22  30   0  1.4081647587085027e-03 
2016   3  20  23   0   0  1.1925398487128312e-03 
2016   3  20  23  30   0  1.0686696570615319e-03 
2016   3  21   0   0   0  1.3010791805798385e-03 
2016   3  21   0  30   0  1.2723370813359990e-03 
2016   3  21   1   0   0  1.2668831077238267e-03 
2016   3  21   1  30   0  1.2861170933540606e-03 
2016   3  21   2   0   0  1.4505599061082389e-03 
2016   3  21   2  30   0  1.7269447739542885e-03 
2016   3  21   3   0   0  2.2326609738438480e-03 
2016   3  21   3  30   0  2.5864075677977457e-03 
2016   3  21   4   0   0  2.6141874251525052e-03 
2016   3  21   4  30   0  2.5889417742285979e-03 
2016   3  21   5   0   0  2.6722478196046021e-03 
2016   3  21   5  30   0  2.7912908915818054e-03 
2016   3  21   6   0   0  2.6400108670017234e-03 
2016   3  21   6  30   0  2.5463822720947858e-03 
2016   3  21   7   0   0  2.4663802353664479e-03 
2016   3  21   7  30   0  2.4442184680119349e-03 
2016   3  21   8   0   0  2.3789209421621639e-03 
2016   3  21   8  30   0  2.0589509076626620e-03 
2016   3  21   9   0   0  2.2878548305219045e-03 
2016   3  21   9  30   0  2.3458207955892895e-03 
2016   3  21  10   0   0  2.6126463623121852e-03 
2016   3  21  10  30   0  1.6682315945630497e-03 
2016   3  21  11   0   0  1.6240416390130511e-03 
2016   3  21  11  30   0  1.7335296937424605e-03 
2016   3  21  12   0   0  1.5922920731226806e-03 
2016   3  21  12  30   0  1.5226007424083933e-03 
2016   3  21  13   0   0  1.5233113807089128e-03 
2016   3  21  13  30   0  1.8102358892291093e-03 
2016   3  21  14   0   0  2.0683431432256538e-03 
2016   3  21  14  30   0  1.7500197067550822e-03 
2016   3  21  15   0   0  1.8029336576096792e-03 
2016   3  21  15  30   0  1.6333249812250212e-03 
2016   3  21  16   0   0  1.5069580955992992e-03 
2016   3  21  16  30   0  1.4601535026615069e-03 
2016   3  21  17   0   0  1.2765712233216548e-03 
2016   3  21  17  30   0  1.2430097405592665e-03 
2016   3  21  18   0   0  1.0310429111503538e-03 
2016   3  21  18  30   0  1.0881000185532876e-03 
2016   3  21  19   0   0  1.1437596676358325e-03 
2016   3  21  19  30   0  1.1176335793834360e-03 
2016   3  21  20   0   0  1.2030064442867482e-03 
2016   3  21  20  30   0  1.2960519160975408e-03 
2016   3  21  21   0   0  1.5990091696348420e-03 
2016   3  21  21  30   0  1.8889958295372771e-03 
2016   3  21  22   0   0  2.1469071986243899e-03 
2016   3  21  22  30   0  2.4438272897357241e-03 
2016   3  21  23   0   0  2.6543631890065646e-03 
2016   3  21  23  30   0  2.6814235847923431e-03 
2016   3  22   0   0   0  2.7311547217258717e-03 
2016   3  22   0  30   0  2.8060831148650372e-03 
2016   3  22   1   0   0  3.0366120826004457e-03 
2016   3  22   1  30   0  3.0978432486170018e-03 
2016   3  22   2   0   0  3.3354105401596579e-03 
2016   3  22   2  30   0  3.4445920153485261e-03 
2016   3  22   3   0   0  3.6911936986968627e-03 
2016   3  22   3  30   0  4.1538467974279181e-03 
2016   3  22   4   0   0  5.5790700502229736e-03 
2016   3  22   4  30   0  5.3240902634872382e-03 
2016   3  22   5   0   0  5.1968646678127442e-03 
2016   3  22   5  30   0  4.5687941852801915e-03 
2016   3  22   6   0   0  4.1382872664058436e-03 
2016   3  22   6  30   0  3.6709785008448115e-03 
2016   3  22   7   0   0  3.4616356416819287e-03 
2016   3  22   7  30   0  3.0856713194338512e-03 
2016   3  22   8   0   0  3.1668282762567237e-03 
2016   3  22   8  30   0  4.4044352505443361e-03 
2016   3  22   9   0   0  4.4384801916797821e-03 
2016   3  22   9  30   0  3.7261198377294205e-03 
2016   3  22  10   0   0  3.3962679447612945e-03 
2016   3  22  10  30   0  3.3593678227231308e-03 
2016   3  22  11   0   0  4.0398082369049564e-03 
2016   3  22  11  30   0  5.5623441368771176e-03 
2016   3  22  12   0   0  6.4161183071162415e-03 
2016   3  22  12  30   0  4.1948585331966111e-03 
2016   3  22  13   0   0  3.8391983185205084e-03 
2016   3  22  13  30   0  3.7810500460717998e-03 
2016   3  22  14   0   0  3.8685082722571401e-03 
2016   3  22  14  30   0  3.6520228599948006e-03 
2016   3  22  15   0   0  3.3994456218215019e-03 
2016   3  22  15  30   0  3.3889079894340968e-03 
2016   3  22  16   0   0  3.4430673310381749e-03 
2016   3  22  16  30   0  3.5090439376283468e-03 
2016   3  22  17   0   0  3.4238393706200565e-03 
2016   3  22  17  30   0  3.4421355584285528e-03 
2016   3  22  18   0   0  3.3934382812764946e-03 
2016   3  22  18  30   0  3.4864002528538691e-03 
2016   3  22  19   0   0  3.5410150382887032e-03 
2016   3  22  19  30   0  3.5325517003439145e-03 
2016   3  22  20   0   0  3.6890936588715867e-03 
2016   3  22  20  30   0  3.6983933560357503e-03 
2016   3  22  21   0   0  4.1354531180308671e-03 
2016   3  22  21  30   0  5.9301835815490722e-03 
2016   3  22  22   0   0  6.4241434654099937e-03 
2016   3  22  22  30   0  6.6302501359011487e-03 
2016   3  22  23   0   0  6.5025813617287870e-03 
2016   3  22  23  30   0  6.1045781792851720e-03 
2016   3  23   0   0   0  5.7582245416637002e-03 
2016   3  23   0  30   0  5.7234611587313414e-03 
2016   3  23   1   0   0  5.6823422818221715e-03 
2016   3  23   1  30   0  5.6889866006814265e-03 
2016   3  23   2   0   0  5.7515580693523020e-03 
2016   3  23   2  30   0  5.8299336286851151e-03 
2016   3  23   3   0   0  6.1207646108130754e-03 
2016   3  23   3  30   0  6.9050477608422235e-03 
2016   3  23   4   0   0  7.5343981917734846e-03 
2016   3  23   4  30   0  8.2184423576745925e-03 
2016   3  23   5   0   0  9.1841795741239105e-03 
2016   3  23   5  30   0  9.1149106839598388e-03 
2016   3  23   6   0   0  9.5051634186647839e-03 
2016   3  23   6  30   0  9.4604462124400403e-03 
2016   3  23   7   0   0  9.1925021966066979e-03 
2016   3  23   7  30   0  8.9520144457806185e-03 
2016   3  23   8   0   0  8.9278526144100766e-03 
2016   3  23   8  30   0  8.7879907100579437e-03 
2016   3  23   9   0   0  8.4634747262392913e-03 
2016   3  23   9  30   0  7.7632804071625155e-03 
2016   3  23  10   0   0  7.1332456197883915e-03 
2016   3  23  10  30   0  6.9085952969616098e-03 
2016   3  23  11   0   0  6.4505515546151920e-03 
2016   3  23  11  30   0  5.3988651881157574e-03 
2016   3  23  12   0   0  4.1412730124990721e-03 
2016   3  23  12  30   0  4.0534352918038721e-03 
2016   3  23  13   0   0  3.9513541867967749e-03 
2016   3  23  13  30   0  3.7646654034510308e-03 
2016   3  23  14   0   0  3.5670515587642609e-03 
2016   3  23  14  30   0  3.4455931754009570e-03 
2016   3  23  15   0   0  3.6572157404476014e-03 
2016   3  23  15  30   0  4.0322171130462775e-03 
2016   3  23  16   0   0  4.2974926153966607e-03 
2016   3  23  16  30   0  4.4711241774647867e-03 
2016   3  23  17   0   0  4.5367588603995486e-03 
2016   3  23  17  30   0  4.4579429780792906e-03 
2016   3  23  18   0   0  3.5583525360211228e-03 
2016   3  23  18  30   0  3.3836485753134930e-03 
2016   3  23  19   0   0  3.4033834798945220e-03 
2016   3  23  19  30   0  3.4703295176698786e-03 
2016   3  23  20   0   0  3.5722026508163973e-03 
2016   3  23  20  30   0  3.7454059282704647e-03 
2016   3  23  21   0   0  3.8205333837221162e-03 
2016   3  23  21  30   0  3.9297040938803722e-03 
2016   3  23  22   0   0  4.0233890990346560e-03 
2016   3  23  22  30   0  3.9178550048253142e-03 
2016   3  23  23   0   0  3.8018482762828859e-03 
2016   3  23  23  30   0  3.7962454837743792e-03 
2016   3  24   0   0   0  2.8354218549897833e-03 
2016   3  24   0  30   0  2.7983216775602157e-03 
2016   3  24   1   0   0  2.7970749724857621e-03 
2016   3  24   1  30   0  2.8717974940009540e-03 
2016   3  24   2   0   0  2.8238538044575998e-03 
2016   3  24   2  30   0  2.8330575474973456e-03 
2016   3  24   3   0   0  2.7993322526995283e-03 
2016   3  24   3  30   0  2.8644610286171603e-03 
2016   3  24   4   0   0  2.7835683612400272e-03 
2016   3  24   4  30   0  2.7159011161431530e-03 
2016   3  24   5   0   0  2.7828942564478679e-03 
2016   3  24   5  30   0  2.9255987585839103e-03 
2016   3  24   6   0   0  2.8932783454000232e-03 
2016   3  24   6  30   0  2.8957024058858783e-03 
2016   3  24   7   0   0  2.8487740756889990e-03 
2016   3  24   7  30   0  2.8432934828875340e-03 
2016   3  24   8   0   0  2.9627822212619898e-03 
2016   3  24   8  30   0  2.9707651325563442e-03 
2016   3  24   9   0   0  2.7145881851120173e-03 
2016   3  24   9  30   0  2.4447135930729617e-03 
2016   3  24  10   0   0  2.3464802446123024e-03 
2016   3  24  10  30   0  2.2583549256976294e-03 
2016   3  24  11   0   0  2.2330330488052937e-03 
2016   3  24  11  30   0  2.1877908657976972e-03 
2016   3  24  12   0   0  2.0573664699200553e-03 
2016   3  24  12  30   0  1.9488943624148603e-03 
2016   3  24  13   0   0  1.7110184943937869e-03 
2016   3  24  13  30   0  1.4708170972645282e-03 
2016   3  24  14   0   0  1.2940486090673368e-03 
2016   3  24  14  30   0  1.4067918283249476e-03 
2016   3  24  15   0   0  1.3543697679723288e-03 
2016   3  24  15  30   0  1.5612408414770029e-03 
2016   3  24  16   0   0  1.4469328097921599e-03 
2016   3  24  16  30   0  1.4603609796663341e-03 
2016   3  24  17   0   0  1.8598819429185274e-03 
2016   3  24  17  30   0  1.5867426540184827e-03 
2016   3  24  18   0   0  1.8152280558087612e-03 
2016   3  24  18  30   0  2.4932673505164188e-03 
2016   3  24  19   0   0  2.8270383216377976e-03 
2016   3  24  19  30   0  3.1474945065476947e-03 
2016   3  24  20   0   0  3.3725620443594579e-03 
2016   3  24  20  30   0  3.7819014954214095e-03 
2016   3  24  21   0   0  4.0589222471321025e-03 
2016   3  24  21  30   0  4.2933447797111448e-03 
2016   3  24  22   0   0  4.1316975470452521e-03 
2016   3  24  22  30   0  3.8322897304318374e-03 
2016   3  24  23   0   0  3.6342312903536065e-03 
2016   3  24  23  30   0  3.6555860632272045e-03 
2016   3  25   0   0   0  3.7229248764703692e-03 
2016   3  25   0  30   0  3.8030525521754667e-03 
2016   3  25   1   0   0  3.7771044850260743e-03 
2016   3  25   1  30   0  3.8678690274151955e-03 
2016   3  25   2   0   0  3.9764558850520788e-03 
2016   3  25   2  30   0  3.9964609113322946e-03 
2016   3  25   3   0   0  3.8891366426846903e-03 
2016   3  25   3  30   0  3.5708124746363528e-03 
2016   3  25   4   0   0  3.4529284334672544e-03 
2016   3  25   4  30   0  3.5618738808087073e-03 
2016   3  25   5   0   0  3.8300923062582603e-03 
2016   3  25   5  30   0  4.2098272317431049e-03 
2016   3  25   6   0   0  4.2582768478214841e-03 
2016   3  25   6  30   0  4.2876007086925750e-03 
2016   3  25   7   0   0  3.7600184610801363e-03 
2016   3  25   7  30   0  3.3828526155404558e-03 
2016   3  25   8   0   0  2.8697198158844934e-03 
2016   3  25   8  30   0  2.2250864857791411e-03 
2016   3  25   9   0   0  1.8021027971888762e-03 
2016   3  25   9  30   0  1.7053654461859809e-03 
2016   3  25  10   0   0  1.6475640539179866e-03 
2016   3  25  10  30   0  1.6541686857738562e-03 
2016   3  25  11   0   0  1.7536592072760629e-03 
2016   3  25  11  30   0  1.7869236836825981e-03 
2016   3  25  12   0   0  1.8900969548294305e-03 
2016   3  25  12  30   0  2.0157706658329227e-03 
2016   3  25  13   0   0  2.1842330272270928e-03 
2016   3  25  13  30   0  2.4548682308568989e-03 
2016   3  25  14   0   0  2.6878819023250481e-03 
2016   3  25  14  30   0  3.2346934119358924e-03 
2016   3  25  15   0   0  3.4442187168923976e-03 
2016   3  25  15  30   0  3.1876688727131897e-03 
2016   3  25  16   0   0  3.0410548808881559e-03 
2016   3  25  16  30   0  3.2187946727901882e-03 
2016   3  25  17   0   0  3.1169032345739851e-03 
2016   3  25  17  30   0  3.4031749147383251e-03 
2016   3  25  18   0   0  4.1379329166666571e-03 
2016   3  25  18  30   0  4.7274307979265429e-03 
2016   3  25  19   0   0  4.9767294166618362e-03 
2016   3  25  19  30   0  5.1771930320463786e-03 
2016   3  25  20   0   0  5.2575199313328524e-03 
2016   3  25  20  30   0  5.2153947073880613e-03 
2016   3  25  21   0   0  5.2144453983356898e-03 
2016   3  25  21  30   0  5.2476053058648931e-03 
2016   3  25  22   0   0  4.7781630603311838e-03 
2016   3  25  22  30   0  4.4585704535006617e-03 
2016   3  25  23   0   0  4.3702254492903525e-03 
2016   3  25  23  30   0  4.3401861670345175e-03 
2016   3  26   0   0   0  4.6946750925895807e-03 
2016   3  26   0  30   0  4.6903144051271880e-03 
2016   3  26   1   0   0  4.8205310621574878e-03 
2016   3  26   1  30   0  4.9588129663666949e-03 
2016   3  26   2   0   0  4.7869548669077118e-03 
2016   3  26   2  30   0  4.7434203464335831e-03 
2016   3  26   3   0   0  4.7507683456504890e-03 
2016   3  26   3  30   0  4.9040056520268001e-03 
2016   3  26   4   0   0  5.1138520503374836e-03 
2016   3  26   4  30   0  5.3194973327049030e-03 
2016   3  26   5   0   0  5.3361816421495841e-03 
2016   3  26   5  30   0  5.2543437826099628e-03 
2016   3  26   6   0   0  5.1677395713301726e-03 
2016   3  26   6  30   0  5.0887468392218881e-03 
2016   3  26   7   0   0  5.0354721692144073e-03 
2016   3  26   7  30   0  4.6764905515692366e-03 
2016   3  26   8   0   0  4.6122867544495932e-03 
2016   3  26   8  30   0  4.4502644734014142e-03 
2016   3  26   9   0   0  4.2189012687390776e-03 
2016   3  26   9  30   0  3.9490374876039111e-03 
2016   3  26  10   0   0  3.3683568658011585e-03 
2016   3  26  10  30   0  3.1633226810725053e-03 
2016   3  26  11   0   0  3.2175318353778962e-03 
2016   3  26  11  30   0  3.1708927858541641e-03 
2016   3  26  12   0   0  3.2525738311703417e-03 
2016   3  26  12  30   0  3.4685016834516478e-03 
2016   3  26  13   0   0  3.4445280655094907e-03 
2016   3  26  13  30   0  3.4045358721246839e-03 
2016   3  26  14   0   0  3.1033931899076693e-03 
2016   3  26  14  30   0  3.2772181363964785e-03 
2016   3  26  15   0   0  3.5131674833121401e-03 
2016   3  26  15  30   0  4.2709475384082891e-03 
2016   3  26  16   0   0  3.7905193088983379e-03 
2016   3  26  16  30   0  3.9543192850410112e-03 
2016   3  26  17   0   0  4.1465599437504183e-03 
2016   3  26  17  30   0  3.7152275317492598e-03 
2016   3  26  18   0   0  3.3367834947889805e-03 
2016   3  26  18  30   0  3.1075883227188197e-03 
2016   3  26  19   0   0  3.2674625700133430e-03 
2016   3  26  19  30   0  3.4506211089979947e-03 
2016   3  26  20   0   0  4.3055707592825595e-03 
2016   3  26  20  30   0  5.0776308511435919e-03 
2016   3  26  21   0   0  5.2310267470098591e-03 
2016   3  26  21  30   0  5.0004379174307927e-03 
2016   3  26  22   0   0  5.7364545173133052e-03 
2016   3  26  22  30   0  4.4786412236988739e-03 
2016   3  26  23   0   0  3.5166650465497363e-03 
2016   3  26  23  30   0  2.4461953308271629e-03 
2016   3  27   0   0   0  2.6219687278763457e-03 
2016   3  27   0  30   0  2.3211418734242883e-03 
2016   3  27   1   0   0  2.5200323828058094e-03 
2016   3  27   1  30   0  2.5183953866342364e-03 
2016   3  27   2   0   0  2.4122177588579018e-03 
2016   3  27   2  30   0  2.2120880185881658e-03 
2016   3  27   3   0   0  2.1183517950238893e-03 
2016   3  27   3  30   0  2.0356002540264221e-03 
2016   3  27   4   0   0  1.9019725867511167e-03 
2016   3  27   4  30   0  1.8770890789305068e-03 
2016   3  27   5   0   0  1.8379323981053595e-03 
2016   3  27   5  30   0  1.9245227265211515e-03 
2016   3  27   6   0   0  2.1059159913152680e-03 
2016   3  27   6  30   0  2.3990047591201120e-03 
2016   3  27   7   0   0  2.6571383815171970e-03 
2016   3  27   7  30   0  2.8738744183815115e-03 
2016   3  27   8   0   0  3.0185839222049617e-03 
2016   3  27   8  30   0  3.0324869590033447e-03 
2016   3  27   9   0   0  3.0211613001248313e-03 
2016   3  27   9  30   0  2.9765463774497035e-03 
2016   3  27  10   0   0  3.0657371532536210e-03 
2016   3  27  10  30   0  3.0815832205927781e-03 
2016   3  27  11   0   0  2.7215111126997400e-03 
2016   3  27  11  30   0  2.5068986157856911e-03 
2016   3  27  12   0   0  2.3882939644258422e-03 
2016   3  27  12  30   0  2.1450159908596154e-03 
2016   3  27  13   0   0  1.8664454508718778e-03 
2016   3  27  13  30   0  1.9502306341716870e-03 
2016   3  27  14   0   0  1.9155542831370072e-03 
2016   3  27  14  30   0  1.8858229752705337e-03 
2016   3  27  15   0   0  1.7563875301008197e-03 
2016   3  27  15  30   0  1.9592695369729132e-03 
2016   3  27  16   0   0  1.7333964812489108e-03 
2016   3  27  16  30   0  1.5456214862262527e-03 
2016   3  27  17   0   0  1.5939930823115160e-03 
2016   3  27  17  30   0  1.6681263328779412e-03 
2016   3  27  18   0   0  1.6319578581955839e-03 
2016   3  27  18  30   0  1.9372270997839273e-03 
2016   3  27  19   0   0  2.2335496571081028e-03 
2016   3  27  19  30   0  2.6575387356836968e-03 
2016   3  27  20   0   0  3.8716654109411789e-03 
2016   3  27  20  30   0  4.5921509896052447e-03 
2016   3  27  21   0   0  4.9207709103063638e-03 
2016   3  27  21  30   0  5.3210793626838511e-03 
2016   3  27  22   0   0  5.8419798112219253e-03 
2016   3  27  22  30   0  6.4141664272902013e-03 
2016   3  27  23   0   0  6.7821533805141505e-03 
2016   3  27  23  30   0  7.0965038004062141e-03 
2016   3  28   0   0   0  7.3854886208322120e-03 
2016   3  28   0  30   0  7.4692207714157528e-03 
2016   3  28   1   0   0  8.0430065264050065e-03 
2016   3  28   1  30   0  8.4749928241447791e-03 
2016   3  28   2   0   0  8.6161724819913531e-03 
2016   3  28   2  30   0  9.0461420929976617e-03 
2016   3  28   3   0   0  9.9644548439325100e-03 
2016   3  28   3  30   0  1.0618097852037576e-02 
2016   3  28   4   0   0  1.0999108816899784e-02 
2016   3  28   4  30   0  1.1457083104356209e-02 
2016   3  28   5   0   0  1.1671887106215206e-02 
2016   3  28   5  30   0  1.1960405254019363e-02 
2016   3  28   6   0   0  1.2072705853086342e-02 
2016   3  28   6  30   0  1.2084622442716145e-02 
2016   3  28   7   0   0  1.2291925776273270e-02 
2016   3  28   7  30   0  1.3065895214909685e-02 
2016   3  28   8   0   0  1.4666741586255000e-02 
2016   3  28   8  30   0  1.5513211773361639e-02 
2016   3  28   9   0   0  1.6044684908346377e-02 
2016   3  28   9  30   0  1.6041812574316795e-02 
2016   3  28  10   0   0  1.5968457992351682e-02 
2016   3  28  10  30   0  1.6067801161626351e-02 
2016   3  28  11   0   0  1.6412353568302031e-02 
2016   3  28  11  30   0  1.6789994991928688e-02 
2016   3  28  12   0   0  1.6739706075694812e-02 
2016   3  28  12  30   0  1.6633164402267499e-02 
2016   3  28  13   0   0  1.6906675514709216e-02 
2016   3  28  13  30   0  1.7140746507889996e-02 
2016   3  28  14   0   0  1.6830279419137239e-02 
2016   3  28  14  30   0  1.6509488295904352e-02 
2016   3  28  15   0   0  1.6338625123089510e-02 
2016   3  28  15  30   0  1.6067081007320207e-02 
2016   3  28  16   0   0  1.5757499521201642e-02 
2016   3  28  16  30   0  1.5907336522760534e-02 
2016   3  28  17   0   0  1.5740847257878228e-02 
2016   3  28  17  30   0  1.6758598803011726e-02 
2016   3  28  18   0   0  1.6846827413214936e-02 
2016   3  28  18  30   0  1.7284800020715096e-02 
2016   3  28  19   0   0  1.8979984253275461e-02 
2016   3  28  19  30   0  1.7924638488194686e-02 
2016   3  28  20   0   0  1.7190009143169597e-02 
2016   3  28  20  30   0  1.6459160574717812e-02 
2016   3  28  21   0   0  1.5860442476986338e-02 
2016   3  28  21  30   0  1.4847028069630142e-02 
2016   3  28  22   0   0  1.5423472129986503e-02 
2016   3  28  22  30   0  1.4336245665490892e-02 
2016   3  28  23   0   0  1.3644302885555241e-02 
2016   3  28  23  30   0  1.3251482068235858e-02 
2016   3  29   0   0   0  1.1767911437703442e-02 
2016   3  29   0  30   0  1.1668894434231138e-02 
2016   3  29   1   0   0  1.1790539730753587e-02 
2016   3  29   1  30   0  1.1238361287576562e-02 
2016   3  29   2   0   0  1.0795024243689338e-02 
2016   3  29   2  30   0  1.0198171561112102e-02 
2016   3  29   3   0   0  1.0057331662250242e-02 
2016   3  29   3  30   0  9.4764381595656769e-03 
2016   3  29   4   0   0  9.1726225768004148e-03 
2016   3  29   4  30   0  1.2668039956415864e-02 
2016   3  29   5   0   0  1.1416853326405496e-02 
2016   3  29   5  30   0  9.9865585563883030e-03 
2016   3  29   6   0   0  9.2236847836774417e-03 
2016   3  29   6  30   0  1.0275954266857143e-02 
2016   3  29   7   0   0  1.4409729856762128e-02 
2016   3  29   7  30   0  9.3147738874761205e-03 
2016   3  29   8   0   0  9.0125007798182947e-03 
2016   3  29   8  30   0  9.0966995211775835e-03 
2016   3  29   9   0   0  8.7840813573734043e-03 
2016   3  29   9  30   0  8.4141641400940770e-03 
2016   3  29  10   0   0  8.4063013070157944e-03 
2016   3  29  10  30   0  8.1697282891838394e-03 
2016   3  29  11   0   0  7.8876984255472505e-03 
2016   3  29  11  30   0  7.5609702925111500e-03 
2016   3  29  12   0   0  7.7505460543677651e-03 
2016   3  29  12  30   0  7.6532372070844418e-03 
2016   3  29  13   0   0  7.8587798957699181e-03 
2016   3  29  13  30   0  7.4386747714651064e-03 
2016   3  29  14   0   0  7.6160760302390494e-03 
2016   3  29  14  30   0  7.4603644034161283e-03 
2016   3  29  15   0   0  7.0788750571932684e-03 
2016   3  29  15  30   0  7.1673189656055970e-03 
2016   3  29  16   0   0  7.1466138854343348e-03 
2016   3  29  16  30   0  7.1549921885231170e-03 
2016   3  29  17   0   0  7.0500321374336100e-03 
2016   3  29  17  30   0  7.0896325575734668e-03 
2016   3  29  18   0   0  7.4311265700865740e-03 
2016   3  29  18  30   0  9.1594762497997396e-03 
2016   3  29  19   0   0  1.3523229584362776e-02 
2016   3  29  19  30   0  9.7583939647468611e-03 
2016   3  29  20   0   0  9.0536151488926978e-03 
2016   3  29  20  30   0  9.4734559683396485e-03 
2016   3  29  21   0   0  9.6373221737173342e-03 
2016   3  29  21  30   0  9.6326979840690320e-03 
2016   3  29  22   0   0  9.5466769797546668e-03 
2016   3  29  22  30   0  9.5149553407910207e-03 
2016   3  29  23   0   0  9.4514449884733117e-03 
2016   3  29  23  30   0  9.3458708427832347e-03 
2016   3  30   0   0   0  1.0137627670697603e-02 
2016   3  30   0  30   0  1.0029473437047692e-02 
2016   3  30   1   0   0  9.9306494899886501e-03 
2016   3  30   1  30   0  9.9476279904188586e-03 
2016   3  30   2   0   0  9.9336309318931865e-03 
2016   3  30   2  30   0  9.8912147207124834e-03 
2016   3  30   3   0   0  9.8953538336044415e-03 
2016   3  30   3  30   0  9.7772327981413484e-03 
2016   3  30   4   0   0  9.7750055574568253e-03 
2016   3  30   4  30   0  9.4657512076811393e-03 
2016   3  30   5   0   0  9.5642128753303367e-03 
2016   3  30   5  30   0  9.5392616931112076e-03 
2016   3  30   6   0   0  9.4486129143091773e-03 
2016   3  30   6  30   0  9.6122368262769996e-03 
2016   3  30   7   0   0  1.0025836034442293e-02 
2016   3  30   7  30   0  9.5072329393086664e-03 
2016   3  30   8   0   0  9.5443070048343952e-03 
2016   3  30   8  30   0  9.5463980833753580e-03 
2016   3  30   9   0   0  9.6057776022896186e-03 
2016   3  30   9  30   0  9.5153847053572882e-03 
2016   3  30  10   0   0  9.5130205786605644e-03 
2016   3  30  10  30   0  9.1913711701414966e-03 
2016   3  30  11   0   0  9.0609084512849533e-03 
2016   3  30  11  30   0  9.0962162242936209e-03 
2016   3  30  12   0   0  9.2089856449569917e-03 
2016   3  30  12  30   0  9.4909024454919062e-03 
2016   3  30  13   0   0  1.0129367116949036e-02 
2016   3  30  13  30   0  9.6875936301907793e-03 
2016   3  30  14   0   0  1.0117117000318331e-02 
2016   3  30  14  30   0  9.6208106835904347e-03 
2016   3  30  15   0   0  1.0103236138350648e-02 
2016   3  30  15  30   0  1.0786570364240480e-02 
2016   3  30  16   0   0  1.0970466508171628e-02 
2016   3  30  16  30   0  1.0341377918136677e-02 
2016   3  30  17   0   0  1.0195517932170623e-02 
2016   3  30  17  30   0  9.8764406768257502e-03 
2016   3  30  18   0   0  1.0000220978861432e-02 
2016   3  30  18  30   0  1.1221138263606515e-02 
2016   3  30  19   0   0  1.1353015299371608e-02 
2016   3  30  19  30   0  9.5950332004850498e-03 
2016   3  30  20   0   0  8.9235642081525578e-03 
2016   3  30  20  30   0  9.4210798079470397e-03 
2016   3  30  21   0   0  4.7656714010191094e-03 
2016   3  30  21  30   0  3.0714884115019938e-03 
2016   3  30  22   0   0  3.0025755091486481e-03 
2016   3  30  22  30   0  3.1490075699135245e-03 
2016   3  30  23   0   0  2.9870888052444611e-03 
2016   3  30  23  30   0  2.9985773643086589e-03 
2016   3  31   0   0   0  3.1370583845624655e-03 
2016   3  31   0  30   0  2.9466658435246271e-03 
2016   3  31   1   0   0  3.0958488031803820e-03 
2016   3  31   1  30   0  3.3154207844415537e-03 
2016   3  31   2   0   0  3.6654249726016230e-03 
2016   3  31   2  30   0  3.7351932608704333e-03 
2016   3  31   3   0   0  3.7129759064711515e-03 
2016   3  31   3  30   0  3.6477322560730025e-03 
2016   3  31   4   0   0  3.5404860844099281e-03 
2016   3  31   4  30   0  3.4418253477301415e-03 
2016   3  31   5   0   0  3.5296670160617598e-03 
2016   3  31   5  30   0  3.4836206344171648e-03 
2016   3  31   6   0   0  3.4277135941161658e-03 
2016   3  31   6  30   0  3.4779393458130576e-03 
2016   3  31   7   0   0  3.4523678150954482e-03 
2016   3  31   7  30   0  3.8377669564981240e-03 
2016   3  31   8   0   0  3.5133832575264599e-03 
2016   3  31   8  30   0  3.2067478439626197e-03 
2016   3  31   9   0   0  3.6896822741757543e-03 
2016   3  31   9  30   0  3.9145409324195645e-03 
2016   3  31  10   0   0  4.0584996459355404e-03 
2016   3  31  10  30   0  4.2798084606210079e-03 
2016   3  31  11   0   0  4.0405293249322002e-03 
2016   3  31  11  30   0  1.9872155775493448e-03 
2016   3  31  12   0   0  2.0870608660745415e-03 
2016   3  31  12  30   0  1.8272681089325817e-03 
2016   3  31  13   0   0  4.2196629446367958e-03 
2016   3  31  13  30   0  4.5118811082680982e-03 
2016   3  31  14   0   0  3.9500256386593114e-03 
2016   3  31  14  30   0  3.4612522593322655e-03 
2016   3  31  15   0   0  2.5931480714152166e-03 
2016   3  31  15  30   0  1.8452402972208969e-03 
2016   3  31  16   0   0  1.7978347665309501e-03 
2016   3  31  16  30   0  1.7518382786367065e-03 
2016   3  31  17   0   0  1.8273906615856770e-03 
2016   3  31  17  30   0  1.6645052256263105e-03 
2016   3  31  18   0   0  1.7509527164181013e-03 
2016   3  31  18  30   0  1.8213221870354711e-03 
2016   3  31  19   0   0  1.9038271457168152e-03 
2016   3  31  19  30   0  2.0630082819508380e-03 
2016   3  31  20   0   0  2.0963031238144664e-03 
2016   3  31  20  30   0  2.1253182443397721e-03 
2016   3  31  21   0   0  2.1710045630292923e-03 
2016   3  31  21  30   0  2.1796770896223825e-03 
2016   3  31  22   0   0  2.1893082554643190e-03 
2016   3  31  22  30   0  2.3947737475005777e-03 
2016   3  31  23   0   0  2.7137294709736730e-03 
2016   3  31  23  30   0  2.5655982060248149e-03 
2016   4   1   0   0   0  2.5655982060248149e-03 
